#x	y	12_	12a	12b
0.426	0.002464	114.034	113.893	114.387
0.426	0.0024715	111.919	111.175	112.449
0.426	0.002479	109.979	109.158	110.688
0.426	0.0024865	108.541	107.64	109.008
0.426	0.002494	107.149	106.607	107.804
0.426	0.0025015	106.444	105.95	107.053
0.426	0.002509	106.1	105.651	106.66
0.426	0.0025165	106.085	105.694	106.581
0.426	0.002524	106.425	106.071	106.888
0.426	0.0025315	107.147	106.839	107.591
0.426	0.002539	108.218	107.944	108.564
0.426	0.0025465	109.646	109.418	109.93
0.426	0.002554	111.43	111.243	111.67
0.4345	0.002464	84.769	83.8903	85.395
0.4345	0.0024715	81.7659	81.042	82.4685
0.4345	0.002479	79.4783	79.068	80.185
0.4345	0.0024865	77.8328	77.3306	78.407
0.4345	0.002494	76.4648	76.0701	77.0099
0.4345	0.0025015	75.6307	75.2883	76.0573
0.4345	0.002509	75.1743	74.8711	75.554
0.4345	0.0025165	75.048	74.7945	75.3765
0.4345	0.002524	75.2974	75.074	75.5983
0.4345	0.0025315	75.9169	75.7355	76.1646
0.4345	0.002539	76.8993	76.7557	77.0986
0.4345	0.0025465	78.2291	78.111	78.3855
0.4345	0.002554	79.9177	79.8026	80.0549
0.443	0.002464	61.1025	60.4208	61.2853
0.443	0.0024715	57.7649	57.2057	58.2332
0.443	0.002479	55.1142	54.6905	55.6451
0.443	0.0024865	53.2373	52.9102	53.6229
0.443	0.002494	51.7874	51.5033	52.1265
0.443	0.0025015	50.8583	50.6302	51.1458
0.443	0.002509	50.3477	50.1527	50.5842
0.443	0.0025165	50.1618	50.0072	50.3678
0.443	0.002524	50.3298	50.1789	50.5443
0.443	0.0025315	50.8607	50.7436	51.0313
0.443	0.002539	51.7565	51.6662	51.8889
0.443	0.0025465	53.0032	52.939	53.1034
0.443	0.002554	54.6313	54.5852	54.7057
0.4515	0.002464	42.4599	41.9589	43.0433
0.4515	0.0024715	39.0032	38.7388	39.5082
0.4515	0.002479	36.5383	36.4263	36.984
0.4515	0.0024865	34.4553	34.2299	34.7349
0.4515	0.002494	32.9787	32.7747	33.1933
0.4515	0.0025015	31.9778	31.8331	32.1631
0.4515	0.002509	31.4526	31.3437	31.5941
0.4515	0.0025165	31.1083	31.0061	31.2523
0.4515	0.002524	31.2673	31.1803	31.3938
0.4515	0.0025315	31.7981	31.7344	31.8957
0.4515	0.002539	32.6916	32.6525	32.7457
0.4515	0.0025465	33.9352	33.9132	33.9718
0.4515	0.002554	35.6041	35.5781	35.6466
0.46	0.002464	28.6317	28.2588	29.0718
0.46	0.0024715	25.7048	25.3931	26.0751
0.46	0.002479	23.0831	22.8465	23.3758
0.46	0.0024865	21.0189	20.8131	21.2452
0.46	0.002494	19.4466	19.3131	19.6135
0.46	0.0025015	18.4913	18.3991	18.611
0.46	0.002509	18.0205	17.9489	18.1093
0.46	0.0025165	17.741	17.7015	17.794
0.46	0.002524	17.7759	17.7385	17.8346
0.46	0.0025315	18.3477	18.3234	18.3878
0.46	0.002539	19.2634	19.2503	19.2789
0.46	0.0025465	20.5649	20.5497	20.5885
0.46	0.002554	22.3117	22.2925	22.3375
0.4685	0.002464	18.9187	18.6481	19.2407
0.4685	0.0024715	16.1999	15.9834	16.4597
0.4685	0.002479	13.8777	13.7074	14.0846
0.4685	0.0024865	11.9581	11.8252	12.1207
0.4685	0.002494	10.4003	10.3495	10.5373
0.4685	0.0025015	9.41511	9.41204	9.49212
0.4685	0.002509	9.04542	9.01203	9.09208
0.4685	0.0025165	8.89897	8.88334	8.9214
0.4685	0.002524	9.09451	9.0754	9.11756
0.4685	0.0025315	9.71152	9.7039	9.72398
0.4685	0.002539	10.6909	10.6813	10.7039
0.4685	0.0025465	12.1049	12.0877	12.1253
0.4685	0.002554	13.9884	13.9546	14.0284
0.477	0.002464	12.7551	12.5575	12.9924
0.477	0.0024715	10.258	10.1079	10.4401
0.477	0.002479	8.16568	8.05478	8.30239
0.477	0.0024865	6.4702	6.39117	6.56751
0.477	0.002494	5.14703	5.09268	5.21517
0.477	0.0025015	4.2579	4.1973	4.28003
0.477	0.002509	3.90587	3.88977	3.93015
0.477	0.0025165	3.85286	3.84353	3.91202
0.477	0.002524	4.21188	4.20939	4.21567
0.477	0.0025315	4.89607	4.88963	4.90347
0.477	0.002539	5.99974	5.98361	6.01789
0.477	0.0025465	7.55402	7.52189	7.59069
0.477	0.002554	9.55606	9.50498	9.61601
0.4855	0.002464	9.2819	9.13436	9.46081
0.4855	0.0024715	6.99728	6.89157	7.12681
0.4855	0.002479	5.12449	5.0521	5.21497
0.4855	0.0024865	3.60809	3.5612	3.66679
0.4855	0.002494	2.49825	2.47028	2.53525
0.4855	0.0025015	1.80792	1.79413	1.82626
0.4855	0.002509	1.4908	1.47694	1.51369
0.4855	0.0025165	1.56692	1.55784	1.58198
0.4855	0.002524	1.98473	1.97897	1.99199
0.4855	0.0025315	2.73354	2.71998	2.74882
0.4855	0.002539	3.90717	3.8806	3.93724
0.4855	0.0025465	5.5484	5.50334	5.59866
0.4855	0.002554	7.63473	7.44243	7.78732
0.494	0.002464	7.49379	7.37393	7.64133
0.494	0.0024715	5.35698	5.27419	5.46067
0.494	0.002479	3.63588	3.58143	3.70638
0.494	0.0024865	2.25805	2.2253	2.30099
0.494	0.002494	1.30634	1.28722	1.33387
0.494	0.0025015	0.746064	0.737222	0.759729
0.494	0.002509	0.576588	0.572996	0.582652
0.494	0.0025165	0.726682	0.729328	0.731523
0.494	0.002524	1.19767	1.18936	1.20698
0.494	0.0025315	2.06212	2.04127	2.08619
0.494	0.002539	3.35214	3.31484	3.39509
0.494	0.0025465	5.15693	5.10239	5.2214
0.494	0.002554	7.38998	7.17948	7.54792
0.5025	0.002464	6.6478	6.5476	6.77167
0.5025	0.0024715	4.63892	4.57316	4.72158
0.5025	0.002479	3.01012	2.96925	3.06173
0.5025	0.0024865	1.76318	1.74147	1.79192
0.5025	0.002494	0.939858	0.930799	0.952235
0.5025	0.0025015	0.486094	0.481804	0.493198
0.5025	0.002509	0.416184	0.415642	0.417147
0.5025	0.0025165	0.611302	0.608274	0.615572
0.5025	0.002524	1.14727	1.13391	1.16239
0.5025	0.0025315	2.10225	2.07418	2.13539
0.5025	0.002539	3.52228	3.47729	3.57519
0.5025	0.0025465	5.45258	5.39279	5.52676
0.5025	0.002554	7.78931	7.68828	7.95793
0.511	0.002464	6.37645	6.28477	6.48985
0.511	0.0024715	4.43139	4.37318	4.50442
0.511	0.002479	2.8273	2.79264	2.87091
0.511	0.0024865	1.64929	1.63265	1.67117
0.511	0.002494	0.855983	0.850123	0.863944
0.511	0.0025015	0.453953	0.453325	0.454928
0.511	0.002509	0.405273	0.404378	0.406283
0.511	0.0025165	0.638456	0.631439	0.647966
0.511	0.002524	1.23357	1.21738	1.25397
0.511	0.0025315	2.24568	2.2108	2.28525
0.511	0.002539	3.66161	3.62561	3.71448
0.511	0.0025465	5.59833	5.26458	5.66604
0.511	0.002554	7.80327	7.32766	7.87641
0.5195	0.002464	6.46211	6.3691	6.57677
0.5195	0.0024715	4.48464	4.42	4.56396
0.5195	0.002479	2.8299	2.79091	2.87898
0.5195	0.0024865	1.6002	1.57993	1.62701
0.5195	0.002494	0.756591	0.748393	0.767783
0.5195	0.0025015	0.309963	0.308314	0.312455
0.5195	0.002509	0.220747	0.220142	0.221596
0.5195	0.0025165	0.425882	0.421787	0.430451
0.5195	0.002524	0.982652	0.968727	1.00043
0.5195	0.0025315	1.96825	1.9395	2.00214
0.5195	0.002539	3.40918	3.35816	3.45304
0.5195	0.0025465	5.36821	5.21557	5.43991
0.5195	0.002554	7.36423	7.6172	7.91641
0.528	0.002464	6.80311	6.69462	6.93578
0.528	0.0024715	4.71251	4.63572	4.80658
0.528	0.002479	2.98396	2.93751	3.04136
0.528	0.0024865	1.67986	1.65513	1.71117
0.528	0.002494	0.735354	0.72439	0.749307
0.528	0.0025015	0.193157	0.190435	0.196641
0.528	0.002509	0.0155386	0.0155386	0.0155386
0.528	0.0025165	0.190046	0.18684	0.193708
0.528	0.002524	0.736463	0.724554	0.750905
0.528	0.0025315	1.71082	1.68777	1.74414
0.528	0.002539	3.14058	3.09871	3.19054
0.528	0.0025465	5.09173	5.03573	5.12287
0.528	0.002554	7.41229	7.33363	7.6215
0.5365	0.002464	8.05888	7.92763	8.21752
0.5365	0.0024715	5.81984	5.72295	5.93707
0.5365	0.002479	3.96555	3.90335	4.04093
0.5365	0.0024865	2.52379	2.4862	2.56725
0.5365	0.002494	1.42709	1.40852	1.44964
0.5365	0.0025015	0.738693	0.731598	0.747187
0.5365	0.002509	0.456053	0.455674	0.456478
0.5365	0.0025165	0.595156	0.593458	0.603635
0.5365	0.002524	1.11541	1.10691	1.12607
0.5365	0.0025315	2.06347	2.04264	2.08931
0.5365	0.002539	3.4451	3.4097	3.48747
0.5365	0.0025465	5.34007	5.28956	5.40127
0.5365	0.002554	7.7217	7.57037	7.79744
0.545	0.002464	10.9027	10.7287	11.1038
0.545	0.0024715	8.42492	8.29554	8.64036
0.545	0.002479	6.40302	6.31534	6.50794
0.545	0.0024865	4.77885	4.71848	4.85107
0.545	0.002494	3.5201	3.48654	3.55983
0.545	0.0025015	2.69853	2.67655	2.70493
0.545	0.002509	2.35137	2.34905	2.35389
0.545	0.0025165	2.44894	2.4481	2.45037
0.545	0.002524	2.96827	2.9639	2.97435
0.545	0.0025315	3.88038	3.86776	3.89507
0.545	0.002539	5.20598	5.18025	5.23707
0.545	0.0025465	6.95138	6.91437	6.99439
0.545	0.002554	9.18906	9.13558	9.25296
0.5535	0.002464	15.9035	15.6717	16.1796
0.5535	0.0024715	13.3044	13.1292	13.5125
0.5535	0.002479	11.1107	10.9839	11.2607
0.5535	0.0024865	9.29397	9.19938	9.40986
0.5535	0.002494	7.89123	7.84332	7.94768
0.5535	0.0025015	7.00006	6.97412	7.02789
0.5535	0.002509	6.66246	6.65216	6.6742
0.5535	0.0025165	6.73022	6.728	6.73309
0.5535	0.002524	7.18518	7.1827	7.18936
0.5535	0.0025315	8.17545	8.17052	8.18173
0.5535	0.002539	9.41548	9.40422	9.42842
0.5535	0.0025465	11.0725	11.0495	11.0992
0.5535	0.002554	13.2332	13.1938	13.2792
0.562	0.002464	24.0079	23.7039	24.367
0.562	0.0024715	21.2534	21.0128	21.5364
0.562	0.002479	18.9005	18.7112	19.1156
0.562	0.0024865	16.9548	16.834	17.0998
0.562	0.002494	15.5859	15.5062	15.67
0.562	0.0025015	14.6968	14.6668	14.7526
0.562	0.002509	14.3826	14.3611	14.4065
0.562	0.0025165	14.4484	14.4402	14.4576
0.562	0.002524	14.8972	14.8937	14.9023
0.562	0.0025315	15.7908	15.7867	15.7979
0.562	0.002539	17.2268	17.2241	17.2301
0.562	0.0025465	18.8622	18.8528	18.8732
0.562	0.002554	20.9684	20.9466	20.9938
0.5705	0.002464	35.8517	35.4511	36.329
0.5705	0.0024715	32.9759	32.6545	33.3583
0.5705	0.002479	30.6374	30.5238	30.9002
0.5705	0.0024865	28.8238	28.6431	29.0425
0.5705	0.002494	27.4522	27.3192	27.5605
0.5705	0.0025015	26.6834	26.6229	26.751
0.5705	0.002509	26.4158	26.375	26.4601
0.5705	0.0025165	26.5163	26.4947	26.5397
0.5705	0.002524	26.9914	26.98	27.0045
0.5705	0.0025315	27.8801	27.8771	27.8839
0.5705	0.002539	29.6578	29.657	29.6588
0.5705	0.0025465	31.3048	31.304	31.306
0.5705	0.002554	33.393	33.3863	33.4013
0.579	0.002464	52.001	51.6209	52.5836
0.579	0.0024715	49.4226	49.1023	49.8541
0.579	0.002479	47.2575	46.9858	47.6325
0.579	0.0024865	45.4297	45.2484	45.6806
0.579	0.002494	44.2704	44.1538	44.4341
0.579	0.0025015	43.6676	43.5721	43.7697
0.579	0.002509	43.4665	43.3956	43.5428
0.579	0.0025165	43.6475	43.6019	43.6965
0.579	0.002524	44.1884	44.1589	44.2206
0.579	0.0025315	45.1407	45.1264	45.156
0.579	0.002539	47.1375	46.6809	47.1586
0.579	0.0025465	49.1082	49.1053	49.1132
0.579	0.002554	51.2817	51.2808	51.2833
