#x	y	12_	12a	12b
0.426	-3.14159	166.054	165.839	166.018
0.426	-3.03687	154.561	154.6	154.772
0.426	-2.93215	144.9	144.564	145.169
0.426	-2.82743	135.988	135.946	136.316
0.426	-2.72271	128.9	128.649	129.176
0.426	-2.61799	123.016	122.765	123.288
0.426	-2.51327	118.398	118.147	118.67
0.426	-2.40855	114.856	114.596	115.139
0.426	-2.30383	112.152	111.89	112.438
0.426	-2.19911	110.231	109.967	110.523
0.426	-2.0944	108.918	108.654	109.218
0.426	-1.98968	108.05	107.771	108.362
0.426	-1.88496	107.472	107.146	107.812
0.426	-1.78024	107.037	106.702	107.426
0.426	-1.67552	106.704	106.359	107.114
0.426	-1.5708	106.434	106.072	106.865
0.426	-1.46608	106.211	105.838	106.675
0.426	-1.36136	106.085	105.694	106.581
0.426	-1.25664	106.1	105.651	106.659
0.426	-1.15192	106.358	105.89	106.961
0.426	-1.0472	107.047	106.56	107.689
0.426	-0.942478	108.341	107.831	109.023
0.426	-0.837758	110.429	109.897	111.153
0.426	-0.733038	113.515	112.955	114.279
0.426	-0.628319	117.769	117.158	118.6
0.426	-0.523599	123.379	122.747	124.25
0.426	-0.418879	130.422	129.816	131.26
0.426	-0.314159	138.995	138.324	139.865
0.426	-0.20944	149.294	148.658	150.091
0.426	-0.10472	160.845	160.248	161.346
0.426	-2.66454e-15	174.087	173.484	174.635
0.426	0.10472	188.313	187.977	189.298
0.426	0.20944	204.235	203.698	205.126
0.426	0.314159	221.453	220.889	222.21
0.426	0.418879	239.535	238.977	240.286
0.426	0.523599	258.269	257.72	258.529
0.426	0.628319	277.231	276.693	277.459
0.426	0.733038	295.033	295.081	296.183
0.426	0.837758	313.607	313.134	314.431
0.426	0.942478	330.519	329.966	331.117
0.426	1.0472	345.446	345.031	345.998
0.426	1.15192	358.029	357.648	358.537
0.426	1.25664	367.897	367.54	367.338
0.426	1.36136	373.573	374.373	375.134
0.426	1.46608	378.153	377.871	377.555
0.426	1.5708	378.124	377.585	378.451
0.426	1.67552	374.333	374.74	374.992
0.426	1.78024	366.633	366.444	367.279
0.426	1.88496	358.339	358.617	358.588
0.426	1.98968	346.029	345.805	346.26
0.426	2.0944	330.713	331.28	331.732
0.426	2.19911	315.252	315.031	315.107
0.426	2.30383	298.608	297.559	298.577
0.426	2.40855	279.61	279.372	279.657
0.426	2.51327	261.199	260.948	261.471
0.426	2.61799	242.991	242.727	243.281
0.426	2.72271	223.391	225.091	225.151
0.426	2.82743	208.655	208.364	208.461
0.426	2.93215	193.102	192.798	192.905
0.426	3.03687	178.789	178.192	179.255
0.426	3.14159	166.054	165.839	166.022
0.4345	-3.14159	132.044	131.849	132.276
0.4345	-3.03687	121.03	120.83	121.267
0.4345	-2.93215	111.538	111.335	111.777
0.4345	-2.82743	103.388	103.228	103.568
0.4345	-2.72271	96.4798	96.3208	96.657
0.4345	-2.61799	90.9175	90.7602	91.0912
0.4345	-2.51327	86.4647	86.3056	86.6381
0.4345	-2.40855	83.0102	82.8525	83.1816
0.4345	-2.30383	80.4751	80.3183	80.6458
0.4345	-2.19911	78.6862	78.5292	78.858
0.4345	-2.0944	77.4748	77.3164	77.6503
0.4345	-1.98968	76.6853	76.5238	76.8676
0.4345	-1.88496	76.182	76.0156	76.3745
0.4345	-1.78024	75.8553	75.6655	76.0617
0.4345	-1.67552	75.5839	75.3661	75.8432
0.4345	-1.5708	75.3446	75.117	75.6233
0.4345	-1.46608	75.1541	74.9146	75.456
0.4345	-1.36136	75.048	74.7945	75.3765
0.4345	-1.25664	75.0999	74.8305	75.4584
0.4345	-1.15192	75.4188	75.1054	75.8103
0.4345	-1.0472	76.0826	75.7465	76.5351
0.4345	-0.942478	77.3136	76.9589	77.8006
0.4345	-0.837758	79.3001	78.926	79.8231
0.4345	-0.733038	82.2329	81.8388	82.7928
0.4345	-0.628319	86.6148	86.223	87.1592
0.4345	-0.523599	91.9006	91.4899	92.4728
0.4345	-0.418879	98.6449	98.2068	99.2656
0.4345	-0.314159	106.606	106.202	107.179
0.4345	-0.20944	116.348	115.932	116.945
0.4345	-0.10472	127.679	127.285	128.241
0.4345	-2.66454e-15	140.326	139.904	140.916
0.4345	0.10472	154.46	154.088	155.01
0.4345	0.20944	169.518	169.38	170.072
0.4345	0.314159	185.763	185.372	186.316
0.4345	0.418879	202.936	202.55	203.484
0.4345	0.523599	220.713	220.333	221.249
0.4345	0.628319	238.705	238.336	239.226
0.4345	0.733038	256.474	256.118	256.974
0.4345	0.837758	273.541	273.2	274.013
0.4345	0.942478	289.355	289.054	289.781
0.4345	1.0472	303.444	303.163	303.837
0.4345	1.15192	315.359	315.099	315.717
0.4345	1.25664	324.695	324.455	325.017
0.4345	1.36136	331.076	330.88	331.344
0.4345	1.46608	334.249	334.072	334.482
0.4345	1.5708	334.178	334.019	334.381
0.4345	1.67552	330.881	330.736	331.044
0.4345	1.78024	324.387	324.277	324.518
0.4345	1.88496	315.05	314.949	315.166
0.4345	1.98968	303.223	303.126	303.329
0.4345	2.0944	289.319	289.222	289.422
0.4345	2.19911	273.776	273.696	273.854
0.4345	2.30383	257.137	257.029	257.252
0.4345	2.40855	240.353	240.201	239.946
0.4345	2.51327	222.85	222.685	223.034
0.4345	2.61799	205.545	205.814	205.137
0.4345	2.72271	188.23	188.608	188.41
0.4345	2.82743	172.359	172.192	172.555
0.4345	2.93215	157.6	157.423	157.812
0.4345	3.03687	144.131	143.945	144.356
0.4345	3.14159	132.044	131.849	132.276
0.443	-3.14159	104.309	104.17	104.487
0.443	-3.03687	93.8535	93.7108	94.0358
0.443	-2.93215	84.6356	84.648	84.8763
0.443	-2.82743	76.8205	76.6898	76.9432
0.443	-2.72271	70.2817	70.182	70.4
0.443	-2.61799	64.903	64.8068	64.9948
0.443	-2.51327	60.6141	60.5227	60.7185
0.443	-2.40855	57.366	57.2762	57.4651
0.443	-2.30383	54.9945	54.9076	55.0894
0.443	-2.19911	53.3329	53.2481	53.4253
0.443	-2.0944	52.2206	52.1366	52.3127
0.443	-1.98968	51.5087	51.4239	51.6034
0.443	-1.88496	51.0675	50.9801	51.168
0.443	-1.78024	50.849	50.7001	50.989
0.443	-1.67552	50.601	50.4745	50.7521
0.443	-1.5708	50.3999	50.2661	50.5657
0.443	-1.46608	50.2422	50.099	50.4264
0.443	-1.36136	50.1618	50.0072	50.3678
0.443	-1.25664	50.2216	50.0325	50.4851
0.443	-1.15192	50.5124	50.306	50.8066
0.443	-1.0472	51.2316	51.0089	51.5405
0.443	-0.942478	52.4101	52.1712	52.7488
0.443	-0.837758	54.4577	54.2211	54.8135
0.443	-0.733038	57.3357	57.0934	57.6868
0.443	-0.628319	61.1731	60.9143	61.5545
0.443	-0.523599	66.2473	65.9514	66.674
0.443	-0.418879	72.692	72.3816	73.146
0.443	-0.314159	80.5363	80.2446	80.9662
0.443	-0.20944	89.8146	89.5114	90.2661
0.443	-0.10472	100.705	100.392	101.176
0.443	-2.66454e-15	112.947	112.658	113.382
0.443	0.10472	126.472	126.178	126.917
0.443	0.20944	141.073	140.791	141.487
0.443	0.314159	156.507	156.226	156.921
0.443	0.418879	172.82	172.541	173.229
0.443	0.523599	189.701	189.428	190.1
0.443	0.628319	206.782	206.518	207.167
0.443	0.733038	223.636	223.391	223.992
0.443	0.837758	239.775	239.552	240.108
0.443	0.942478	254.752	254.545	255.059
0.443	1.0472	268.101	267.911	268.378
0.443	1.15192	279.381	279.208	279.627
0.443	1.25664	288.206	288.052	288.422
0.443	1.36136	294.166	294.046	294.339
0.443	1.46608	297.132	297.028	297.275
0.443	1.5708	297.017	296.927	297.134
0.443	1.67552	293.81	293.749	293.891
0.443	1.78024	287.584	287.533	287.647
0.443	1.88496	278.67	278.625	278.721
0.443	1.98968	267.393	267.35	267.438
0.443	2.0944	254.147	254.102	254.192
0.443	2.19911	239.324	239.295	239.355
0.443	2.30383	223.416	223.38	223.455
0.443	2.40855	206.898	206.854	206.95
0.443	2.51327	190.202	190.147	190.27
0.443	2.61799	173.72	173.654	173.804
0.443	2.72271	157.795	157.718	158.112
0.443	2.82743	142.898	142.782	143.047
0.443	2.93215	128.878	128.752	129.042
0.443	3.03687	116.089	115.954	116.264
0.443	3.14159	104.309	104.17	104.487
0.4515	-3.14159	82.7212	82.8804	82.8706
0.4515	-3.03687	72.7919	72.722	72.8961
0.4515	-2.93215	63.875	63.8023	63.9748
0.4515	-2.82743	56.3575	56.2869	56.4532
0.4515	-2.72271	50.0572	49.9938	50.1384
0.4515	-2.61799	44.871	44.8118	44.9456
0.4515	-2.51327	40.8261	40.7716	40.8927
0.4515	-2.40855	37.7743	37.7247	37.833
0.4515	-2.30383	35.5588	35.5143	35.6102
0.4515	-2.19911	34.0201	33.9788	34.0657
0.4515	-2.0944	33.004	32.9655	33.046
0.4515	-1.98968	32.3688	32.3314	32.4098
0.4515	-1.88496	31.9665	31.9225	32.0181
0.4515	-1.78024	31.6977	31.6496	31.7576
0.4515	-1.67552	31.5157	31.4612	31.5877
0.4515	-1.5708	31.3799	31.3168	31.4678
0.4515	-1.46608	31.2009	31.1099	31.3828
0.4515	-1.36136	31.1083	31.0061	31.2523
0.4515	-1.25664	31.3925	31.2904	31.5502
0.4515	-1.15192	31.6913	31.5798	31.8567
0.4515	-1.0472	32.3819	32.2559	32.5736
0.4515	-0.942478	33.656	33.5094	33.8568
0.4515	-0.837758	35.4479	35.296	35.674
0.4515	-0.733038	38.0916	37.925	38.3444
0.4515	-0.628319	41.7616	41.5798	42.042
0.4515	-0.523599	46.6225	46.4114	46.932
0.4515	-0.418879	52.7732	52.5486	53.1151
0.4515	-0.314159	60.3907	60.1531	60.7563
0.4515	-0.20944	69.3761	69.1558	69.7179
0.4515	-0.10472	79.7538	79.5239	80.113
0.4515	-2.66454e-15	91.6599	91.4222	92.0317
0.4515	0.10472	104.574	104.359	104.912
0.4515	0.20944	118.731	118.514	119.076
0.4515	0.314159	133.447	133.245	133.755
0.4515	0.418879	148.942	148.743	149.246
0.4515	0.523599	164.971	164.777	165.268
0.4515	0.628319	181.185	180.998	181.47
0.4515	0.733038	197.158	196.991	197.422
0.4515	0.837758	212.462	212.307	212.706
0.4515	0.942478	226.656	226.515	226.876
0.4515	1.0472	239.297	239.17	239.492
0.4515	1.15192	249.968	249.857	250.136
0.4515	1.25664	258.304	258.208	258.445
0.4515	1.36136	263.913	263.841	264.021
0.4515	1.46608	266.675	266.618	266.759
0.4515	1.5708	266.512	266.467	266.574
0.4515	1.67552	263.43	263.404	263.468
0.4515	1.78024	257.461	257.443	257.485
0.4515	1.88496	248.942	248.928	248.957
0.4515	1.98968	238.181	238.168	238.194
0.4515	2.0944	225.553	225.537	225.569
0.4515	2.19911	211.462	211.451	211.473
0.4515	2.30383	196.309	196.293	196.331
0.4515	2.40855	180.583	180.557	180.619
0.4515	2.51327	164.692	164.656	164.744
0.4515	2.61799	149.01	148.963	149.079
0.4515	2.72271	133.862	133.804	133.948
0.4515	2.82743	119.52	119.453	119.622
0.4515	2.93215	106.199	106.124	106.314
0.4515	3.03687	94.0301	93.9295	94.1723
0.4515	3.14159	82.7212	82.8804	82.8706
0.46	-3.14159	66.6853	66.6111	66.8055
0.46	-3.03687	57.158	57.0773	57.257
0.46	-2.93215	48.6891	48.621	48.7855
0.46	-2.82743	41.4909	41.4382	41.5703
0.46	-2.72271	35.3688	35.3204	35.4408
0.46	-2.61799	30.4631	30.4201	30.5259
0.46	-2.51327	26.6477	26.6108	26.7004
0.46	-2.40855	23.7812	23.7505	23.8235
0.46	-2.30383	21.7129	21.6883	21.7455
0.46	-2.19911	20.2402	20.2217	20.2618
0.46	-2.0944	19.2454	19.2299	19.2627
0.46	-1.98968	18.6268	18.6128	18.6422
0.46	-1.88496	18.2607	18.2463	18.2776
0.46	-1.78024	18.0474	18.0305	18.0692
0.46	-1.67552	17.8998	17.8655	17.9427
0.46	-1.5708	17.741	17.7015	17.794
0.46	-1.46608	17.7759	17.7385	17.8346
0.46	-1.36136	17.7949	17.7463	17.8732
0.46	-1.25664	17.961	17.9032	18.0482
0.46	-1.15192	18.2451	18.1636	18.3633
0.46	-1.0472	18.8263	18.7333	18.9658
0.46	-0.942478	19.9141	19.8081	20.0773
0.46	-0.837758	21.6744	21.554	21.8632
0.46	-0.733038	24.2808	24.1453	24.4968
0.46	-0.628319	27.9073	27.756	28.1512
0.46	-0.523599	32.5801	32.4291	32.8167
0.46	-0.418879	38.4611	38.2974	38.7206
0.46	-0.314159	45.7389	45.563	46.0203
0.46	-0.20944	54.4975	54.3102	54.7991
0.46	-0.10472	64.4948	64.3235	64.7727
0.46	-2.66454e-15	75.8451	75.6662	76.1364
0.46	0.10472	88.4368	88.2769	88.6985
0.46	0.20944	101.908	101.741	102.174
0.46	0.314159	116.17	116.025	116.401
0.46	0.418879	130.892	130.749	131.12
0.46	0.523599	146.115	145.976	146.337
0.46	0.628319	161.506	161.373	161.717
0.46	0.733038	176.686	176.561	176.883
0.46	0.837758	191.205	191.095	191.386
0.46	0.942478	204.654	204.555	204.814
0.46	1.0472	216.619	216.534	216.758
0.46	1.15192	226.709	226.636	226.824
0.46	1.25664	234.575	234.517	234.668
0.46	1.36136	239.898	239.856	239.969
0.46	1.46608	242.463	242.432	242.512
0.46	1.5708	242.248	242.227	242.279
0.46	1.67552	239.27	239.257	239.288
0.46	1.78024	233.6	233.595	233.606
0.46	1.88496	225.447	225.446	225.448
0.46	1.98968	215.169	215.167	215.17
0.46	2.0944	203.12	203.115	203.127
0.46	2.19911	189.696	189.684	189.713
0.46	2.30383	175.308	175.288	175.339
0.46	2.40855	160.341	160.318	160.38
0.46	2.51327	145.206	145.173	145.262
0.46	2.61799	130.275	130.231	130.349
0.46	2.72271	115.857	115.802	115.947
0.46	2.82743	102.211	102.147	102.317
0.46	2.93215	89.4433	89.3783	89.5493
0.46	3.03687	77.4295	77.3588	77.5444
0.46	3.14159	66.6853	66.6111	66.8055
0.4685	-3.14159	55.6912	55.6208	55.8092
0.4685	-3.03687	46.3423	46.2714	46.461
0.4685	-2.93215	38.3106	38.2415	38.4263
0.4685	-2.82743	31.4007	31.3477	31.4878
0.4685	-2.72271	25.5924	25.5447	25.6706
0.4685	-2.61799	20.9478	20.9065	21.0151
0.4685	-2.51327	17.346	17.3119	17.4014
0.4685	-2.40855	14.5763	14.5545	14.6104
0.4685	-2.30383	12.5328	12.5173	12.5566
0.4685	-2.19911	11.1318	11.1219	11.1467
0.4685	-2.0944	10.2264	10.2207	10.2343
0.4685	-1.98968	9.68083	9.67791	9.68434
0.4685	-1.88496	9.37565	9.36515	9.37897
0.4685	-1.78024	9.15578	9.14561	9.16749
0.4685	-1.67552	9.0091	8.99724	9.02441
0.4685	-1.5708	8.89897	8.88334	8.9214
0.4685	-1.46608	9.01918	9.00135	9.0457
0.4685	-1.36136	9.00088	8.9763	9.03952
0.4685	-1.25664	9.0768	9.03639	9.13659
0.4685	-1.15192	9.32617	9.2769	9.40215
0.4685	-1.0472	9.91536	9.85553	10.0103
0.4685	-0.942478	10.9875	10.9156	11.1038
0.4685	-0.837758	12.7006	12.6154	12.8402
0.4685	-0.733038	15.2204	15.121	15.3849
0.4685	-0.628319	18.7063	18.589	18.8951
0.4685	-0.523599	23.2715	23.1409	23.484
0.4685	-0.418879	29.0319	28.9097	29.2326
0.4685	-0.314159	35.9973	35.8636	36.2183
0.4685	-0.20944	44.3723	44.2277	44.6122
0.4685	-0.10472	54.1974	54.0431	54.4334
0.4685	-2.66454e-15	65.044	64.9049	65.2767
0.4685	0.10472	77.1919	77.0475	77.4281
0.4685	0.20944	90.1048	89.9792	90.3111
0.4685	0.314159	103.913	103.787	104.121
0.4685	0.418879	118.033	117.927	118.207
0.4685	0.523599	132.498	132.396	132.666
0.4685	0.628319	147.114	147.017	147.274
0.4685	0.733038	161.522	161.432	161.669
0.4685	0.837758	175.31	175.227	175.449
0.4685	0.942478	188.05	187.978	188.172
0.4685	1.0472	199.375	199.314	199.477
0.4685	1.15192	208.91	208.861	208.992
0.4685	1.25664	216.329	216.292	216.392
0.4685	1.36136	221.371	221.344	221.415
0.4685	1.46608	223.796	223.777	223.828
0.4685	1.5708	223.527	223.517	223.544
0.4685	1.67552	220.633	220.629	220.64
0.4685	1.78024	215.23	215.229	215.231
0.4685	1.88496	207.483	207.482	207.486
0.4685	1.98968	197.655	197.653	197.66
0.4685	2.0944	186.148	186.141	186.16
0.4685	2.19911	173.338	173.324	173.361
0.4685	2.30383	159.615	159.592	159.654
0.4685	2.40855	145.372	145.338	145.429
0.4685	2.51327	130.978	130.933	131.054
0.4685	2.61799	116.772	116.716	116.868
0.4685	2.72271	103.054	102.984	103.184
0.4685	2.82743	90.0695	90.0093	90.2029
0.4685	2.93215	77.6109	77.5401	77.7302
0.4685	3.03687	66.1692	66.0935	66.2967
0.4685	3.14159	55.6912	55.6208	55.8092
0.477	-3.14159	48.7614	48.681	48.8967
0.477	-3.03687	39.848	39.7677	39.9831
0.477	-2.93215	31.957	31.8879	32.0733
0.477	-2.82743	25.2396	25.1747	25.349
0.477	-2.72271	19.7323	19.6732	19.8319
0.477	-2.61799	15.367	15.3231	15.435
0.477	-2.51327	11.7851	11.752	11.8408
0.477	-2.40855	9.10835	9.08274	9.15141
0.477	-2.30383	7.19308	7.17471	7.22398
0.477	-2.19911	5.89394	5.88206	5.91393
0.477	-2.0944	5.0375	5.02625	5.05454
0.477	-1.98968	4.50811	4.50179	4.51717
0.477	-1.88496	4.20551	4.20248	4.20935
0.477	-1.78024	4.03851	4.03694	4.04024
0.477	-1.67552	3.94226	3.94016	3.94519
0.477	-1.5708	3.98213	3.97864	3.98758
0.477	-1.46608	3.85286	3.84353	3.96396
0.477	-1.36136	3.88502	3.86902	3.91202
0.477	-1.25664	3.97842	3.9561	4.01391
0.477	-1.15192	4.25965	4.22929	4.30938
0.477	-1.0472	4.86562	4.82555	4.93232
0.477	-0.942478	5.93275	5.88148	6.0188
0.477	-0.837758	7.61163	7.54793	7.71902
0.477	-0.733038	10.0014	9.92513	10.1269
0.477	-0.628319	13.3173	13.2288	13.4642
0.477	-0.523599	17.7137	17.6126	17.8825
0.477	-0.418879	23.3251	23.2114	23.5156
0.477	-0.314159	30.2259	30.12	30.4045
0.477	-0.20944	38.2476	38.1313	38.4438
0.477	-0.10472	47.6488	47.5232	47.8589
0.477	-2.66454e-15	58.2509	58.1421	58.4327
0.477	0.10472	69.8265	69.713	70.0164
0.477	0.20944	82.4566	82.3585	82.6216
0.477	0.314159	95.6123	95.5132	95.7788
0.477	0.418879	109.327	109.245	109.465
0.477	0.523599	123.078	122.995	123.218
0.477	0.628319	136.944	136.865	137.077
0.477	0.733038	150.594	150.521	150.716
0.477	0.837758	163.658	163.593	163.768
0.477	0.942478	175.754	175.698	175.848
0.477	1.0472	186.505	186.459	186.582
0.477	1.15192	195.557	195.522	195.617
0.477	1.25664	202.603	202.578	202.646
0.477	1.36136	207.339	207.315	207.379
0.477	1.46608	209.595	209.58	209.619
0.477	1.5708	209.345	209.338	209.356
0.477	1.67552	206.606	206.604	206.61
0.477	1.78024	201.425	201.419	201.433
0.477	1.88496	194.001	193.996	194.008
0.477	1.98968	184.663	184.656	184.675
0.477	2.0944	173.732	173.718	173.754
0.477	2.19911	161.523	161.499	161.562
0.477	2.30383	148.429	148.397	148.482
0.477	2.40855	134.826	134.784	134.898
0.477	2.51327	121.093	121.038	121.185
0.477	2.61799	107.549	107.481	107.663
0.477	2.72271	94.4744	94.3952	94.6089
0.477	2.82743	81.9036	81.8233	82.0396
0.477	2.93215	69.9396	69.8503	70.0908
0.477	3.03687	58.9308	58.8526	59.0623
0.477	3.14159	48.7614	48.681	48.8967
0.4855	-3.14159	44.7455	44.6504	44.9063
0.4855	-3.03687	36.0834	35.9981	36.2277
0.4855	-2.93215	28.4535	28.3697	28.5953
0.4855	-2.82743	22.0403	21.9604	22.1758
0.4855	-2.72271	16.7782	16.704	16.8852
0.4855	-2.61799	12.3919	12.3389	12.4804
0.4855	-2.51327	8.97493	8.92763	9.05442
0.4855	-2.40855	6.41076	6.37212	6.47567
0.4855	-2.30383	4.56826	4.54261	4.61831
0.4855	-2.19911	3.32966	3.29392	3.36629
0.4855	-2.0944	2.51643	2.50348	2.53819
0.4855	-1.98968	2.04654	2.03936	2.05862
0.4855	-1.88496	1.79598	1.79299	1.80103
0.4855	-1.78024	1.67745	1.67683	1.67848
0.4855	-1.67552	1.62878	1.62859	1.62901
0.4855	-1.5708	1.56861	1.56623	1.59759
0.4855	-1.46608	1.51645	1.51209	1.52326
0.4855	-1.36136	1.4908	1.47694	1.51369
0.4855	-1.25664	1.57101	1.54985	1.60648
0.4855	-1.15192	1.86219	1.83201	1.91306
0.4855	-1.0472	2.47976	2.43902	2.54852
0.4855	-0.942478	3.55932	3.50671	3.64807
0.4855	-0.837758	5.20565	5.14406	5.29401
0.4855	-0.733038	7.54215	7.48374	7.64058
0.4855	-0.628319	10.7585	10.6886	10.8766
0.4855	-0.523599	15.0061	14.9243	15.1444
0.4855	-0.418879	20.4128	20.3191	20.5712
0.4855	-0.314159	27.0835	26.9782	27.2614
0.4855	-0.20944	34.9775	34.8822	35.139
0.4855	-0.10472	43.9466	43.8419	44.1243
0.4855	-2.66454e-15	54.2222	54.1091	54.414
0.4855	0.10472	65.4517	65.3508	65.6141
0.4855	0.20944	77.5515	77.4588	77.7083
0.4855	0.314159	90.2537	90.1761	90.3854
0.4855	0.418879	103.423	103.346	103.554
0.4855	0.523599	116.619	116.558	116.723
0.4855	0.628319	129.766	129.708	129.864
0.4855	0.733038	142.711	142.658	142.8
0.4855	0.837758	155.105	155.058	155.183
0.4855	0.942478	166.585	166.546	166.651
0.4855	1.0472	176.795	176.764	176.847
0.4855	1.15192	185.345	185.312	185.4
0.4855	1.25664	191.956	191.932	191.996
0.4855	1.36136	196.423	196.407	196.448
0.4855	1.46608	198.587	198.579	198.601
0.4855	1.5708	198.369	198.355	198.382
0.4855	1.67552	195.673	195.664	195.685
0.4855	1.78024	190.719	190.711	190.728
0.4855	1.88496	183.691	183.683	183.704
0.4855	1.98968	174.843	174.825	174.864
0.4855	2.0944	164.373	164.348	164.41
0.4855	2.19911	152.731	152.699	152.784
0.4855	2.30383	140.275	140.232	140.346
0.4855	2.40855	127.356	127.302	127.448
0.4855	2.51327	114.311	114.243	114.425
0.4855	2.61799	101.437	101.358	101.568
0.4855	2.72271	88.9493	88.8695	89.0823
0.4855	2.82743	76.6505	76.5614	76.7998
0.4855	2.93215	65.2371	65.1404	65.4
0.4855	3.03687	54.442	54.3501	54.597
0.4855	3.14159	44.7455	44.6504	44.9063
0.494	-3.14159	42.4694	42.3768	42.6243
0.494	-3.03687	33.9799	33.8873	34.1354
0.494	-2.93215	26.6906	26.6002	26.8426
0.494	-2.82743	20.4961	20.4204	20.6235
0.494	-2.72271	15.2347	15.1651	15.3521
0.494	-2.61799	11.0345	10.9724	11.1398
0.494	-2.51327	7.78445	7.73089	7.87444
0.494	-2.40855	5.36009	5.3164	5.43384
0.494	-2.30383	3.6291	3.5946	3.68732
0.494	-2.19911	2.45953	2.43379	2.49583
0.494	-2.0944	1.66162	1.64953	1.68191
0.494	-1.98968	1.17986	1.17267	1.19178
0.494	-1.88496	0.920314	0.916904	0.92571
0.494	-1.78024	0.795011	0.793535	0.796924
0.494	-1.67552	0.709345	0.709016	0.709744
0.494	-1.5708	0.628471	0.627402	0.630226
0.494	-1.46608	0.576588	0.572996	0.582652
0.494	-1.36136	0.582278	0.57423	0.59588
0.494	-1.25664	0.705896	0.691554	0.730046
0.494	-1.15192	1.03332	1.01098	1.07078
0.494	-1.0472	1.6295	1.60038	1.67857
0.494	-0.942478	2.65537	2.61608	2.72182
0.494	-0.837758	4.25322	4.22315	4.33349
0.494	-0.733038	6.59244	6.53372	6.69213
0.494	-0.628319	9.82213	9.75113	9.94204
0.494	-0.523599	14.027	13.9611	14.1441
0.494	-0.418879	19.2022	19.1249	19.3288
0.494	-0.314159	25.5808	25.4925	25.7264
0.494	-0.20944	33.2297	33.1276	33.3942
0.494	-0.10472	42.0272	41.9466	42.1642
0.494	-2.66454e-15	51.8024	51.7149	51.9511
0.494	0.10472	62.7692	62.6759	62.9273
0.494	0.20944	74.3407	74.2603	74.4772
0.494	0.314159	86.7672	86.6846	86.9071
0.494	0.418879	99.3506	99.2825	99.4657
0.494	0.523599	112.269	112.214	112.36
0.494	0.628319	124.754	124.702	124.84
0.494	0.733038	137.035	136.988	137.115
0.494	0.837758	148.782	148.74	148.851
0.494	0.942478	159.649	159.614	159.708
0.494	1.0472	169.299	169.271	169.345
0.494	1.15192	177.414	177.393	177.448
0.494	1.25664	183.719	183.705	183.741
0.494	1.36136	187.972	187.952	188
0.494	1.46608	189.948	189.934	189.966
0.494	1.5708	189.664	189.655	189.675
0.494	1.67552	187.136	187.128	187.144
0.494	1.78024	182.455	182.438	182.472
0.494	1.88496	175.689	175.67	175.714
0.494	1.98968	167.195	167.172	167.229
0.494	2.0944	157.262	157.232	157.31
0.494	2.19911	146.213	146.173	146.279
0.494	2.30383	134.347	134.292	134.435
0.494	2.40855	121.995	121.928	122.102
0.494	2.51327	109.526	109.448	109.656
0.494	2.61799	97.2342	97.1434	97.3853
0.494	2.72271	85.0498	84.9579	85.2037
0.494	2.82743	73.3426	73.2406	73.5142
0.494	2.93215	62.2185	62.1219	62.3785
0.494	3.03687	51.8496	51.7484	52.0182
0.494	3.14159	42.4694	42.3768	42.6243
0.5025	-3.14159	41.036	40.9321	41.211
0.5025	-3.03687	32.9228	32.8184	33.094
0.5025	-2.93215	25.8267	25.7397	25.9714
0.5025	-2.82743	19.6761	19.5937	19.8136
0.5025	-2.72271	14.6329	14.5569	14.76
0.5025	-2.61799	10.6098	10.5417	10.724
0.5025	-2.51327	7.50085	7.44152	7.60026
0.5025	-2.40855	5.06842	5.02744	5.13673
0.5025	-2.30383	3.31736	3.28506	3.37105
0.5025	-2.19911	2.1321	2.10795	2.17198
0.5025	-2.0944	1.38443	1.36745	1.41208
0.5025	-1.98968	0.935764	0.92404	0.955587
0.5025	-1.88496	0.666306	0.660174	0.676647
0.5025	-1.78024	0.523721	0.521448	0.52755
0.5025	-1.67552	0.450511	0.45015	0.451059
0.5025	-1.5708	0.416184	0.415642	0.417147
0.5025	-1.46608	0.419308	0.416419	0.423674
0.5025	-1.36136	0.465768	0.460345	0.474541
0.5025	-1.25664	0.585816	0.577239	0.600327
0.5025	-1.15192	0.88736	0.872613	0.912386
0.5025	-1.0472	1.49731	1.47465	1.53569
0.5025	-0.942478	2.5412	2.50758	2.59462
0.5025	-0.837758	4.153	4.10919	4.21611
0.5025	-0.733038	6.38717	6.34072	6.46608
0.5025	-0.628319	9.47965	9.4218	9.57826
0.5025	-0.523599	13.5655	13.4951	13.6865
0.5025	-0.418879	18.7648	18.6814	18.9048
0.5025	-0.314159	24.994	24.9323	25.1088
0.5025	-0.20944	32.2921	32.2155	32.4417
0.5025	-0.10472	40.8438	40.7582	40.9888
0.5025	-2.66454e-15	50.4187	50.3417	50.5493
0.5025	0.10472	60.9322	60.8495	61.0723
0.5025	0.20944	72.3525	72.2806	72.4735
0.5025	0.314159	84.2317	84.1574	84.3489
0.5025	0.418879	96.5538	96.5058	96.6354
0.5025	0.523599	108.879	108.833	108.958
0.5025	0.628319	121.076	121.042	121.133
0.5025	0.733038	132.765	132.734	132.816
0.5025	0.837758	143.95	143.923	143.994
0.5025	0.942478	154.304	154.271	154.339
0.5025	1.0472	163.443	163.416	163.486
0.5025	1.15192	171.114	171.093	171.146
0.5025	1.25664	177.055	177.04	177.077
0.5025	1.36136	181.058	181.048	181.072
0.5025	1.46608	182.981	182.975	182.989
0.5025	1.5708	182.678	182.664	182.696
0.5025	1.67552	180.2	180.187	180.217
0.5025	1.78024	175.68	175.666	175.7
0.5025	1.88496	169.285	169.267	169.312
0.5025	1.98968	161.185	161.153	161.232
0.5025	2.0944	151.662	151.622	151.722
0.5025	2.19911	141.078	141.029	141.156
0.5025	2.30383	129.755	129.694	129.854
0.5025	2.40855	118.012	117.938	118.134
0.5025	2.51327	106.149	106.06	106.294
0.5025	2.61799	94.2022	94.1121	94.35
0.5025	2.72271	82.3589	82.2581	82.5257
0.5025	2.82743	71.0345	70.9353	71.1996
0.5025	2.93215	60.1689	60.0623	60.3475
0.5025	3.03687	50.2725	50.1605	50.4603
0.5025	3.14159	41.036	40.9321	41.211
0.511	-3.14159	40.0429	39.9337	40.2265
0.511	-3.03687	32.2042	32.106	32.3698
0.511	-2.93215	25.1763	25.08	25.3376
0.511	-2.82743	19.2621	19.1737	19.4083
0.511	-2.72271	14.4044	14.3229	14.5399
0.511	-2.61799	10.3965	10.3326	10.5031
0.511	-2.51327	7.23263	7.17718	7.32492
0.511	-2.40855	4.86922	4.82281	4.94625
0.511	-2.30383	3.18041	3.14301	3.24221
0.511	-2.19911	2.03195	2.00119	2.08396
0.511	-2.0944	1.27414	1.25205	1.31152
0.511	-1.98968	0.820445	0.805912	0.845021
0.511	-1.88496	0.573107	0.564715	0.587248
0.511	-1.78024	0.453903	0.449946	0.460448
0.511	-1.67552	0.407644	0.406224	0.40975
0.511	-1.5708	0.405273	0.404378	0.406283
0.511	-1.46608	0.443501	0.442091	0.445407
0.511	-1.36136	0.475807	0.473624	0.479522
0.511	-1.25664	0.616944	0.611249	0.626631
0.511	-1.15192	0.958027	0.946123	0.976356
0.511	-1.0472	1.59825	1.57961	1.62994
0.511	-0.942478	2.66076	2.63309	2.70804
0.511	-0.837758	4.19521	4.16532	4.24593
0.511	-0.733038	6.40336	6.36392	6.47555
0.511	-0.628319	9.43886	9.38692	9.52389
0.511	-0.523599	13.4236	13.362	13.6268
0.511	-0.418879	18.4736	18.4411	18.6103
0.511	-0.314159	24.6332	24.5597	24.766
0.511	-0.20944	31.7993	31.7322	31.9135
0.511	-0.10472	40.0465	39.9711	40.1746
0.511	-2.66454e-15	49.48	49.3973	49.6203
0.511	0.10472	59.6934	59.62	59.817
0.511	0.20944	70.776	70.6984	70.8956
0.511	0.314159	82.3102	82.2584	82.3983
0.511	0.418879	94.2682	94.2163	94.3563
0.511	0.523599	106.214	106.174	106.281
0.511	0.628319	118.091	118.054	118.154
0.511	0.733038	129.354	129.328	129.396
0.511	0.837758	140.002	139.98	140.038
0.511	0.942478	149.849	149.832	149.878
0.511	1.0472	158.59	158.577	158.611
0.511	1.15192	165.884	165.864	165.913
0.511	1.25664	171.502	171.487	171.522
0.511	1.36136	175.267	175.257	175.281
0.511	1.46608	177.048	177.041	177.058
0.511	1.5708	176.782	176.775	176.791
0.511	1.67552	174.379	174.362	174.401
0.511	1.78024	170.015	169.996	170.041
0.511	1.88496	163.864	163.84	163.899
0.511	1.98968	156.143	156.112	156.191
0.511	2.0944	147.053	147.007	147.124
0.511	2.19911	136.909	136.852	136.998
0.511	2.30383	126.06	125.992	126.17
0.511	2.40855	114.812	114.731	114.945
0.511	2.51327	103.455	103.36	103.606
0.511	2.61799	91.7404	91.643	91.8991
0.511	2.72271	80.3869	80.2791	80.5645
0.511	2.82743	69.1775	69.072	69.3526
0.511	2.93215	58.7512	58.6384	58.9395
0.511	3.03687	48.9348	48.8284	49.1131
0.511	3.14159	40.0429	39.9337	40.2265
0.5195	-3.14159	39.3644	39.2512	39.5551
0.5195	-3.03687	31.5029	31.4008	31.6754
0.5195	-2.93215	24.7138	24.6136	24.8833
0.5195	-2.82743	18.9971	18.9011	19.1506
0.5195	-2.72271	14.0704	13.9961	14.1944
0.5195	-2.61799	10.1051	10.0384	10.2167
0.5195	-2.51327	7.02584	6.96763	7.12317
0.5195	-2.40855	4.71936	4.6702	4.80352
0.5195	-2.30383	3.06578	3.02573	3.13332
0.5195	-2.19911	1.93555	1.90103	1.99399
0.5195	-2.0944	1.18627	1.16083	1.22937
0.5195	-1.98968	0.735633	0.718259	0.765081
0.5195	-1.88496	0.489498	0.480213	0.499905
0.5195	-1.78024	0.329243	0.326863	0.333222
0.5195	-1.67552	0.249401	0.248968	0.250106
0.5195	-1.5708	0.220747	0.220142	0.221596
0.5195	-1.46608	0.24208	0.239274	0.246415
0.5195	-1.36136	0.316489	0.311216	0.3248
0.5195	-1.25664	0.458229	0.450348	0.471599
0.5195	-1.15192	0.803735	0.789928	0.827158
0.5195	-1.0472	1.45861	1.43716	1.49599
0.5195	-0.942478	2.54229	2.51118	2.59509
0.5195	-0.837758	4.16914	4.13518	4.2241
0.5195	-0.733038	6.41509	6.37083	6.49068
0.5195	-0.628319	9.49862	9.44381	9.56751
0.5195	-0.523599	13.4127	13.3345	13.4808
0.5195	-0.418879	18.3232	18.2477	18.44
0.5195	-0.314159	24.3038	24.24	24.4123
0.5195	-0.20944	31.4354	31.3627	31.559
0.5195	-0.10472	39.5216	39.4558	39.6335
0.5195	-2.66454e-15	48.6313	48.5588	48.7541
0.5195	0.10472	58.7752	58.7116	58.8824
0.5195	0.20944	69.4428	69.3753	69.5523
0.5195	0.314159	80.841	80.7974	80.9151
0.5195	0.418879	92.3191	92.2754	92.3933
0.5195	0.523599	104.09	104.057	104.145
0.5195	0.628319	115.461	115.43	115.512
0.5195	0.733038	126.564	126.544	126.686
0.5195	0.837758	136.732	136.714	136.76
0.5195	0.942478	146.127	146.112	146.147
0.5195	1.0472	154.455	154.445	154.47
0.5195	1.15192	161.397	161.38	161.421
0.5195	1.25664	166.731	166.717	166.747
0.5195	1.36136	170.292	170.283	170.304
0.5195	1.46608	171.957	171.95	171.966
0.5195	1.5708	171.667	171.659	171.677
0.5195	1.67552	169.342	169.324	169.366
0.5195	1.78024	165.136	165.115	165.165
0.5195	1.88496	159.224	159.198	159.264
0.5195	1.98968	151.814	151.779	151.868
0.5195	2.0944	143.11	143.06	143.186
0.5195	2.19911	133.381	133.32	133.476
0.5195	2.30383	122.979	122.906	123.096
0.5195	2.40855	112.194	112.108	112.335
0.5195	2.51327	100.972	100.884	101.12
0.5195	2.61799	89.7304	89.6288	89.8966
0.5195	2.72271	78.5186	78.4179	78.6848
0.5195	2.82743	67.7244	67.6148	67.9069
0.5195	2.93215	57.5069	57.4016	57.6829
0.5195	3.03687	47.9325	47.8222	48.118
0.5195	3.14159	39.3644	39.2512	39.5551
0.528	-3.14159	38.8129	38.7125	38.9802
0.528	-3.03687	31.1506	31.0504	31.3182
0.528	-2.93215	24.5489	24.4512	24.713
0.528	-2.82743	18.7497	18.6675	18.8879
0.528	-2.72271	13.9231	13.847	14.0515
0.528	-2.61799	10.0463	9.97761	10.1623
0.528	-2.51327	7.02374	6.96354	7.12554
0.528	-2.40855	4.74791	4.69683	4.83419
0.528	-2.30383	3.05228	3.01859	3.10922
0.528	-2.19911	1.8377	1.81224	1.88065
0.528	-2.0944	1.04573	1.02747	1.07628
0.528	-1.98968	0.56946	0.557297	0.589382
0.528	-1.88496	0.302457	0.293965	0.316656
0.528	-1.78024	0.12901	0.125159	0.135443
0.528	-1.67552	0.0425824	0.0416055	0.0442123
0.528	-1.5708	0.0155386	0.0155386	0.0155386
0.528	-1.46608	0.0450886	0.0441821	0.0465759
0.528	-1.36136	0.154514	0.150898	0.160471
0.528	-1.25664	0.382974	0.376574	0.393513
0.528	-1.15192	0.754685	0.743611	0.773894
0.528	-1.0472	1.43423	1.41673	1.46424
0.528	-0.942478	2.53204	2.5072	2.57415
0.528	-0.837758	4.16502	4.13166	4.22153
0.528	-0.733038	6.46982	6.427	6.54216
0.528	-0.628319	9.51849	9.47358	9.60864
0.528	-0.523599	13.4994	13.4411	13.6031
0.528	-0.418879	18.4037	18.3472	18.4998
0.528	-0.314159	24.2878	24.2214	24.4005
0.528	-0.20944	31.2601	31.1961	31.3688
0.528	-0.10472	39.3504	39.2793	39.4492
0.528	-2.66454e-15	48.1752	48.1132	48.2808
0.528	0.10472	58.0285	57.9617	58.1421
0.528	0.20944	68.5393	68.4826	68.6359
0.528	0.314159	79.5854	79.5267	79.6841
0.528	0.418879	90.9298	90.8869	90.9908
0.528	0.523599	102.312	102.277	102.371
0.528	0.628319	113.451	113.428	113.491
0.528	0.733038	124.176	124.155	124.211
0.528	0.837758	134.142	134.13	134.162
0.528	0.942478	143.133	143.12	143.148
0.528	1.0472	151.044	151.028	151.067
0.528	1.15192	157.652	157.64	157.668
0.528	1.25664	162.74	162.731	162.751
0.528	1.36136	166.132	166.125	166.219
0.528	1.46608	167.706	167.701	167.713
0.528	1.5708	167.359	167.344	167.378
0.528	1.67552	165.091	165.074	165.114
0.528	1.78024	161.046	161.026	161.076
0.528	1.88496	155.37	155.343	155.411
0.528	1.98968	148.249	148.208	148.311
0.528	2.0944	139.839	139.789	139.918
0.528	2.19911	130.504	130.443	130.603
0.528	2.30383	120.522	120.448	120.644
0.528	2.40855	110.011	109.934	110.14
0.528	2.51327	99.0625	98.9708	99.2117
0.528	2.61799	88.0964	88.0046	88.248
0.528	2.72271	77.1251	77.0228	77.2957
0.528	2.82743	66.7252	66.6173	66.893
0.528	2.93215	56.5997	56.4922	56.7809
0.528	3.03687	47.3563	47.2434	47.5474
0.528	3.14159	38.8129	38.7125	38.9802
0.5365	-3.14159	38.9585	38.8582	39.128
0.5365	-3.03687	31.5126	31.412	31.6832
0.5365	-2.93215	24.9335	24.8459	25.0821
0.5365	-2.82743	19.2148	19.1309	19.3572
0.5365	-2.72271	14.4843	14.4061	14.6175
0.5365	-2.61799	10.6685	10.5975	10.7893
0.5365	-2.51327	7.67328	7.61449	7.76409
0.5365	-2.40855	5.26564	5.22071	5.34201
0.5365	-2.30383	3.50476	3.46877	3.56566
0.5365	-2.19911	2.27819	2.25237	2.32436
0.5365	-2.0944	1.47528	1.45681	1.50659
0.5365	-1.98968	0.98703	0.974908	1.00755
0.5365	-1.88496	0.722836	0.715756	0.734695
0.5365	-1.78024	0.567713	0.568075	0.577771
0.5365	-1.67552	0.472201	0.469701	0.475752
0.5365	-1.5708	0.456053	0.455674	0.456478
0.5365	-1.46608	0.507036	0.506436	0.507989
0.5365	-1.36136	0.645876	0.643315	0.650226
0.5365	-1.25664	0.920999	0.91478	0.931528
0.5365	-1.15192	1.35712	1.34659	1.37402
0.5365	-1.0472	2.0665	2.05056	2.09301
0.5365	-0.942478	3.18726	3.16494	3.2249
0.5365	-0.837758	4.83594	4.8061	4.88651
0.5365	-0.733038	7.13713	7.09886	7.20205
0.5365	-0.628319	10.2147	10.1673	10.295
0.5365	-0.523599	14.1752	14.1219	14.2652
0.5365	-0.418879	19.0913	19.0287	19.1974
0.5365	-0.314159	24.93	24.8733	25.0265
0.5365	-0.20944	31.7659	31.7011	31.8748
0.5365	-0.10472	39.7074	39.6349	39.8266
0.5365	-2.66454e-15	48.5148	48.4616	48.6052
0.5365	0.10472	58.0702	58.0133	58.1672
0.5365	0.20944	68.4521	68.4056	68.5314
0.5365	0.314159	79.1318	79.0839	79.2134
0.5365	0.418879	90.3106	90.2736	90.3736
0.5365	0.523599	101.299	101.262	101.36
0.5365	0.628319	112.305	112.279	112.348
0.5365	0.733038	122.608	122.585	122.647
0.5365	0.837758	132.427	132.407	132.459
0.5365	0.942478	141.044	141.032	141.062
0.5365	1.0472	148.63	148.621	148.643
0.5365	1.15192	154.968	154.962	154.976
0.5365	1.25664	159.846	159.843	159.851
0.5365	1.36136	163.096	163.094	163.099
0.5365	1.46608	164.517	164.507	164.529
0.5365	1.5708	164.122	164.111	164.136
0.5365	1.67552	161.944	161.931	161.963
0.5365	1.78024	158.063	158.045	158.092
0.5365	1.88496	152.574	152.541	152.618
0.5365	1.98968	145.643	145.605	145.704
0.5365	2.0944	137.572	137.523	137.651
0.5365	2.19911	128.61	128.549	128.711
0.5365	2.30383	119.024	118.949	119.148
0.5365	2.40855	108.569	108.491	108.697
0.5365	2.51327	97.9861	97.8959	98.1367
0.5365	2.61799	87.183	87.0919	87.3367
0.5365	2.72271	76.6051	76.5022	76.7787
0.5365	2.82743	66.3399	66.2385	66.5117
0.5365	2.93215	56.5197	56.415	56.695
0.5365	3.03687	47.4128	47.3152	47.5774
0.5365	3.14159	38.9585	38.8582	39.128
0.545	-3.14159	40.5641	40.4619	40.7379
0.545	-3.03687	33.3044	33.2018	33.4803
0.545	-2.93215	26.7297	26.6379	26.8853
0.545	-2.82743	21.1287	21.0117	21.269
0.545	-2.72271	16.4738	16.3833	16.608
0.545	-2.61799	12.7061	12.6154	12.8195
0.545	-2.51327	9.58445	9.52972	9.68075
0.545	-2.40855	7.19113	7.1464	7.26816
0.545	-2.30383	5.43253	5.39776	5.4919
0.545	-2.19911	4.1987	4.17205	4.24349
0.545	-2.0944	3.37744	3.35827	3.40965
0.545	-1.98968	2.86958	2.85699	2.89077
0.545	-1.88496	2.5887	2.5815	2.60088
0.545	-1.78024	2.44339	2.4361	2.45667
0.545	-1.67552	2.3559	2.35143	2.36157
0.545	-1.5708	2.35137	2.34905	2.35389
0.545	-1.46608	2.4215	2.41969	2.42362
0.545	-1.36136	2.5886	2.58564	2.59306
0.545	-1.25664	2.89884	2.89311	2.90832
0.545	-1.15192	3.40258	3.38975	3.42143
0.545	-1.0472	4.16041	4.14359	4.18684
0.545	-0.942478	5.31453	5.29238	5.35066
0.545	-0.837758	6.98533	6.95675	7.03291
0.545	-0.733038	9.29143	9.2555	9.35185
0.545	-0.628319	12.3507	12.3067	12.425
0.545	-0.523599	16.2742	16.2218	16.3629
0.545	-0.418879	21.1455	21.0858	21.2433
0.545	-0.314159	26.9937	26.9426	27.0797
0.545	-0.20944	33.6702	33.6132	33.7665
0.545	-0.10472	41.4088	41.3464	41.5144
0.545	-2.66454e-15	50.1825	50.1293	50.2721
0.545	0.10472	59.5151	59.4584	59.6089
0.545	0.20944	69.696	69.6381	69.7942
0.545	0.314159	80.1764	80.1361	80.2449
0.545	0.418879	91.0411	91.0012	91.1088
0.545	0.523599	101.786	101.758	101.834
0.545	0.628319	112.461	112.436	112.505
0.545	0.733038	122.54	122.524	122.567
0.545	0.837758	132.011	131.998	132.032
0.545	0.942478	140.507	140.502	140.516
0.545	1.0472	147.816	147.813	147.821
0.545	1.15192	153.916	153.908	153.924
0.545	1.25664	158.531	158.526	158.537
0.545	1.36136	161.569	161.566	161.574
0.545	1.46608	163.121	162.925	162.934
0.545	1.5708	162.592	162.554	162.57
0.545	1.67552	160.453	160.439	160.474
0.545	1.78024	156.626	156.607	156.656
0.545	1.88496	151.299	151.273	151.341
0.545	1.98968	144.652	144.616	144.711
0.545	2.0944	136.921	136.855	136.983
0.545	2.19911	128.235	128.176	128.334
0.545	2.30383	118.695	118.633	118.8
0.545	2.40855	108.613	108.539	108.743
0.545	2.51327	98.3625	98.2835	98.4968
0.545	2.61799	87.7984	87.7108	87.946
0.545	2.72271	77.5242	77.4285	77.6716
0.545	2.82743	67.3062	67.2099	67.4699
0.545	2.93215	57.7822	57.6782	57.9594
0.545	3.03687	48.7889	48.6903	48.9566
0.545	3.14159	40.5641	40.4619	40.7379
0.5535	-3.14159	44.4748	44.3652	44.7015
0.5535	-3.03687	37.3426	37.2469	37.5447
0.5535	-2.93215	30.8795	30.7873	31.0422
0.5535	-2.82743	25.3805	25.2947	25.5695
0.5535	-2.72271	20.808	20.7263	20.9422
0.5535	-2.61799	17.0696	17.0046	17.1773
0.5535	-2.51327	13.9642	13.9078	14.0569
0.5535	-2.40855	11.5823	11.5362	11.6575
0.5535	-2.30383	9.81854	9.78069	9.87971
0.5535	-2.19911	8.56499	8.53524	8.61273
0.5535	-2.0944	7.71938	7.69724	7.75456
0.5535	-1.98968	7.18725	7.17191	7.21126
0.5535	-1.88496	6.88619	6.87657	6.90087
0.5535	-1.78024	6.74667	6.73207	6.75721
0.5535	-1.67552	6.66246	6.65216	6.67439
0.5535	-1.5708	6.66616	6.65869	6.6742
0.5535	-1.46608	6.75554	6.74934	6.76229
0.5535	-1.36136	6.95183	6.94533	6.9599
0.5535	-1.25664	7.29906	7.29071	7.31102
0.5535	-1.15192	7.86227	7.84984	7.88054
0.5535	-1.0472	8.66267	8.64086	8.69382
0.5535	-0.942478	9.85542	9.82935	9.8949
0.5535	-0.837758	11.5551	11.5237	11.6046
0.5535	-0.733038	13.8745	13.8369	13.9354
0.5535	-0.628319	16.9259	16.8814	16.9992
0.5535	-0.523599	20.8144	20.7626	20.9007
0.5535	-0.418879	25.6329	25.5982	25.7323
0.5535	-0.314159	31.4507	31.3828	31.5605
0.5535	-0.20944	38.0193	37.9625	38.1127
0.5535	-0.10472	45.5786	45.5173	45.6803
0.5535	-2.66454e-15	54.1434	54.0782	54.2519
0.5535	0.10472	63.2776	63.2249	63.3662
0.5535	0.20944	73.1628	73.1085	73.2543
0.5535	0.314159	83.4423	83.4003	83.5134
0.5535	0.418879	93.9787	93.9374	94.0487
0.5535	0.523599	104.532	104.502	104.582
0.5535	0.628319	114.842	114.815	114.888
0.5535	0.733038	124.722	124.705	124.752
0.5535	0.837758	133.831	133.818	133.855
0.5535	0.942478	142.17	142.164	142.18
0.5535	1.0472	149.172	149.169	149.177
0.5535	1.15192	155.003	155.001	155.005
0.5535	1.25664	159.468	159.468	159.469
0.5535	1.36136	162.416	162.416	162.417
0.5535	1.46608	163.697	163.694	163.702
0.5535	1.5708	163.261	163.255	163.269
0.5535	1.67552	161.174	161.165	161.191
0.5535	1.78024	157.514	157.498	157.542
0.5535	1.88496	152.395	152.371	152.451
0.5535	1.98968	145.907	145.894	146.091
0.5535	2.0944	138.385	138.341	138.461
0.5535	2.19911	130.01	129.96	130.116
0.5535	2.30383	120.697	120.634	120.804
0.5535	2.40855	110.979	110.902	111.104
0.5535	2.51327	100.772	100.885	100.943
0.5535	2.61799	90.5129	90.4768	90.7053
0.5535	2.72271	80.4603	80.4273	80.6093
0.5535	2.82743	70.558	70.4625	70.7765
0.5535	2.93215	61.3683	61.2116	61.5022
0.5535	3.03687	52.4836	52.3802	52.6591
0.5535	3.14159	44.4722	44.3694	44.7015
0.562	-3.14159	51.8659	51.8649	52.0416
0.562	-3.03687	44.8266	44.7348	44.9727
0.562	-2.93215	38.4883	38.3931	38.6443
0.562	-2.82743	33.0907	32.9955	33.2307
0.562	-2.72271	28.5768	28.4958	28.7119
0.562	-2.61799	24.8951	24.8267	25.006
0.562	-2.51327	21.8119	21.7505	21.9065
0.562	-2.40855	19.4295	19.3759	19.5113
0.562	-2.30383	17.6496	17.604	17.718
0.562	-2.19911	16.3718	16.3344	16.4271
0.562	-2.0944	15.4989	15.4692	15.5417
0.562	-1.98968	14.9409	14.9181	14.9724
0.562	-1.88496	14.6191	14.6024	14.641
0.562	-1.78024	14.4683	14.4419	14.4844
0.562	-1.67552	14.3826	14.3611	14.4065
0.562	-1.5708	14.3965	14.3784	14.4158
0.562	-1.46608	14.5077	14.4917	14.5248
0.562	-1.36136	14.7364	14.721	14.7539
0.562	-1.25664	15.1246	15.1083	15.1449
0.562	-1.15192	15.7341	15.71	15.7596
0.562	-1.0472	16.5837	16.5509	16.6263
0.562	-0.942478	17.8221	17.7861	17.8717
0.562	-0.837758	19.5589	19.5187	19.6172
0.562	-0.733038	21.9017	21.8564	21.97
0.562	-0.628319	24.9567	24.9057	25.0361
0.562	-0.523599	28.824	28.7667	28.915
0.562	-0.418879	33.5911	33.5274	33.6938
0.562	-0.314159	39.2988	39.2223	39.4163
0.562	-0.20944	45.7942	45.7315	45.892
0.562	-0.10472	53.1957	53.1294	53.3007
0.562	-2.66454e-15	61.5614	61.4919	61.6723
0.562	0.10472	70.4649	70.4099	70.5539
0.562	0.20944	80.0806	80.0245	80.1718
0.562	0.314159	90.0711	90.0237	90.1476
0.562	0.418879	100.293	100.252	100.361
0.562	0.523599	110.541	110.477	110.589
0.562	0.628319	120.508	120.482	120.552
0.562	0.733038	130.099	130.083	130.125
0.562	0.837758	138.881	138.868	138.902
0.562	0.942478	146.948	146.938	146.964
0.562	1.0472	153.669	153.697	153.705
0.562	1.15192	159.308	159.553	159.31
0.562	1.25664	163.628	163.618	163.57
0.562	1.36136	166.458	166.396	166.458
0.562	1.46608	167.609	167.608	167.611
0.562	1.5708	167.098	167.161	167.172
0.562	1.67552	165.149	165.067	165.17
0.562	1.78024	161.556	161.537	161.674
0.562	1.88496	156.641	156.605	156.698
0.562	1.98968	150.311	150.281	150.363
0.562	2.0944	143.021	143.063	143.17
0.562	2.19911	134.975	134.834	135.06
0.562	2.30383	125.854	125.876	126.066
0.562	2.40855	116.556	116.484	116.665
0.562	2.51327	106.663	106.596	106.776
0.562	2.61799	96.7151	96.6361	96.8506
0.562	2.72271	86.9302	86.8496	86.9752
0.562	2.82743	77.3058	77.1236	77.3687
0.562	2.93215	68.2659	68.1246	68.3935
0.562	3.03687	59.6019	59.508	59.7644
0.562	3.14159	51.7816	51.6965	52.0382
0.5705	-3.14159	63.409	63.3059	63.5749
0.5705	-3.03687	56.6222	56.5176	56.7901
0.5705	-2.93215	50.4364	50.3377	50.5892
0.5705	-2.82743	45.1187	45.0225	45.2651
0.5705	-2.72271	40.6659	40.5741	40.8047
0.5705	-2.61799	37.0214	36.9355	37.1501
0.5705	-2.51327	34.0122	33.9362	34.1207
0.5705	-2.40855	31.6216	31.5531	31.7177
0.5705	-2.30383	29.8222	29.7616	29.9054
0.5705	-2.19911	28.5187	28.4661	28.589
0.5705	-2.0944	27.6184	27.5736	27.6763
0.5705	-1.98968	27.0355	26.9979	27.0822
0.5705	-1.88496	26.695	26.6639	26.732
0.5705	-1.78024	26.4993	26.4531	26.551
0.5705	-1.67552	26.4158	26.375	26.4601
0.5705	-1.5708	26.4441	26.4075	26.4832
0.5705	-1.46608	26.5819	26.5481	26.6181
0.5705	-1.36136	26.8483	26.816	26.884
0.5705	-1.25664	27.2832	27.2509	27.3207
0.5705	-1.15192	27.9153	27.864	27.9748
0.5705	-1.0472	28.8141	28.7618	28.8775
0.5705	-0.942478	30.106	30.0515	30.1752
0.5705	-0.837758	31.8889	31.8313	31.9656
0.5705	-0.733038	34.2648	34.2033	34.3503
0.5705	-0.628319	37.3349	37.2687	37.4301
0.5705	-0.523599	41.1936	41.1222	41.2991
0.5705	-0.418879	45.9028	45.8128	46.0296
0.5705	-0.314159	51.4655	51.3912	51.5715
0.5705	-0.20944	57.7828	57.7053	57.8956
0.5705	-0.10472	65.0424	64.9619	65.1613
0.5705	-2.66454e-15	73.2264	73.1435	73.3504
0.5705	0.10472	81.9656	81.9002	82.0641
0.5705	0.20944	91.3355	91.2694	91.4357
0.5705	0.314159	101.01	100.96	101.086
0.5705	0.418879	110.928	110.879	111.003
0.5705	0.523599	120.711	120.767	120.87
0.5705	0.628319	130.397	130.447	130.528
0.5705	0.733038	139.737	139.58	139.652
0.5705	0.837758	148.151	148.138	148.24
0.5705	0.942478	155.995	155.98	156.016
0.5705	1.0472	162.497	162.489	162.506
0.5705	1.15192	167.871	167.864	167.883
0.5705	1.25664	171.982	171.973	171.991
0.5705	1.36136	174.7	174.691	174.726
0.5705	1.46608	175.783	175.847	175.853
0.5705	1.5708	175.391	175.385	175.399
0.5705	1.67552	173.259	173.401	173.427
0.5705	1.78024	170.119	169.834	169.859
0.5705	1.88496	165.202	165.168	165.118
0.5705	1.98968	159.153	159.053	159.2
0.5705	2.0944	152.084	152.044	152.152
0.5705	2.19911	144.05	144.012	144.285
0.5705	2.30383	135.285	135.383	135.556
0.5705	2.40855	126.33	126.086	126.467
0.5705	2.51327	116.736	116.767	116.896
0.5705	2.61799	107.15	107.029	107.309
0.5705	2.72271	97.702	97.6189	97.8372
0.5705	2.82743	88.3319	88.2394	88.4865
0.5705	2.93215	79.5172	79.4236	79.6703
0.5705	3.03687	71.0553	70.9559	71.219
0.5705	3.14159	63.409	63.3059	63.5749
0.579	-3.14159	80.0488	79.9293	80.2257
0.579	-3.03687	73.3851	73.2636	73.5645
0.579	-2.93215	67.4191	67.3003	67.5883
0.579	-2.82743	62.1697	62.0529	62.335
0.579	-2.72271	57.7593	57.6463	57.9176
0.579	-2.61799	54.1346	54.0271	54.2837
0.579	-2.51327	51.2283	51.1275	51.366
0.579	-2.40855	48.8566	48.7629	48.9777
0.579	-2.30383	47.037	46.951	47.1456
0.579	-2.19911	45.7085	45.6304	45.8047
0.579	-2.0944	44.783	44.7127	44.8671
0.579	-1.98968	44.1748	44.0833	44.2515
0.579	-1.88496	43.7647	43.6809	43.8582
0.579	-1.78024	43.5422	43.4654	43.6262
0.579	-1.67552	43.4665	43.3956	43.5428
0.579	-1.5708	43.5152	43.4492	43.5858
0.579	-1.46608	43.6861	43.6236	43.7531
0.579	-1.36136	43.997	43.9303	44.0627
0.579	-1.25664	44.4389	44.3545	44.5315
0.579	-1.15192	45.0949	45.0118	45.1886
0.579	-1.0472	46.0575	45.9744	46.1542
0.579	-0.942478	47.4114	47.3272	47.5127
0.579	-0.837758	49.2495	49.1632	49.3571
0.579	-0.733038	51.6686	51.5794	51.7839
0.579	-0.628319	54.7557	54.6412	54.8883
0.579	-0.523599	58.569	58.4518	58.7204
0.579	-0.418879	63.2299	63.1096	63.389
0.579	-0.314159	68.6056	68.5047	68.7397
0.579	-0.20944	74.837	74.7336	74.9769
0.579	-0.10472	81.9741	81.8686	82.1193
0.579	-2.66454e-15	89.8663	89.78	89.985
0.579	0.10472	98.3063	98.2192	98.4274
0.579	0.20944	107.446	107.358	107.568
0.579	0.314159	116.907	116.823	117.015
0.579	0.418879	126.558	126.475	126.664
0.579	0.523599	136.035	135.971	136.116
0.579	0.628319	145.413	145.35	145.49
0.579	0.733038	154.275	154.227	154.331
0.579	0.837758	162.31	162.469	162.359
0.579	0.942478	169.858	169.815	169.815
0.579	1.0472	176.064	176.248	176.106
0.579	1.15192	181.438	181.273	181.364
0.579	1.25664	185.374	185.353	185.394
0.579	1.36136	187.969	187.921	187.682
0.579	1.46608	189.007	188.735	188.798
0.579	1.5708	188.634	188.637	188.672
0.579	1.67552	186.558	186.502	186.733
0.579	1.78024	183.344	183.27	183.414
0.579	1.88496	178.342	178.553	178.445
0.579	1.98968	172.535	172.481	172.866
0.579	2.0944	165.762	165.938	165.873
0.579	2.19911	158.247	158.14	158.39
0.579	2.30383	149.914	149.796	150.077
0.579	2.40855	141.001	140.914	141.136
0.579	2.51327	131.667	131.57	131.918
0.579	2.61799	122.32	122.201	122.5
0.579	2.72271	113.22	113.091	113.423
0.579	2.82743	104.164	104.059	104.323
0.579	2.93215	95.606	95.493	95.7783
0.579	3.03687	87.5402	87.4249	87.711
0.579	3.14159	80.0488	79.9293	80.2257
