#x	y	12_	12a	12b
0.0178175	-3.14159	78.8183	78.8063	78.8381
0.0178175	-3.03687	67.6395	67.6231	67.6648
0.0178175	-2.93215	57.8315	57.8165	57.8549
0.0178175	-2.82743	49.4779	49.4649	49.4981
0.0178175	-2.72271	42.5123	42.5018	42.5285
0.0178175	-2.61799	36.8362	36.8284	36.848
0.0178175	-2.51327	32.326	32.3207	32.3336
0.0178175	-2.40855	28.8409	28.8374	28.8453
0.0178175	-2.30383	26.23	26.2273	26.2329
0.0178175	-2.19911	24.3084	24.3083	24.3085
0.0178175	-2.0944	22.9307	22.9294	22.9329
0.0178175	-1.98968	21.9832	21.9787	21.997
0.0178175	-1.88496	21.3453	21.3201	21.3457
0.0178175	-1.78024	20.8914	20.8778	20.9194
0.0178175	-1.67552	20.6183	20.5918	20.6365
0.0178175	-1.5708	20.3916	20.3594	20.4499
0.0178175	-1.46608	20.2339	20.1619	20.3054
0.0178175	-1.36136	20.1504	20.1007	20.2676
0.0178175	-1.25664	20.3005	20.2211	20.4332
0.0178175	-1.15192	20.7294	20.6312	20.8933
0.0178175	-1.0472	21.5807	21.4565	21.7806
0.0178175	-0.942478	22.9242	22.7929	23.1429
0.0178175	-0.837758	24.9811	24.8211	25.234
0.0178175	-0.733038	27.9329	27.7602	28.2191
0.0178175	-0.628319	31.9339	31.7427	32.2591
0.0178175	-0.523599	37.17	36.9556	37.5269
0.0178175	-0.418879	43.7711	43.5368	44.1616
0.0178175	-0.314159	51.8163	51.5753	52.2165
0.0178175	-0.20944	61.3995	61.143	61.8255
0.0178175	-0.10472	72.581	72.3111	73.0293
0.0178175	-2.66454e-15	85.3463	85.0654	85.8125
0.0178175	0.10472	99.3244	99.0392	99.7964
0.0178175	0.20944	114.554	114.265	115.033
0.0178175	0.314159	130.909	130.619	131.389
0.0178175	0.418879	148.127	147.84	148.602
0.0178175	0.523599	165.883	165.603	166.347
0.0178175	0.628319	183.796	183.526	184.244
0.0178175	0.733038	201.331	201.074	201.752
0.0178175	0.837758	217.709	217.468	218.103
0.0178175	0.942478	232.846	232.619	233.22
0.0178175	1.0472	246.316	246.111	246.653
0.0178175	1.15192	257.716	257.535	258.015
0.0178175	1.25664	266.679	266.522	266.937
0.0178175	1.36136	272.909	272.719	273.084
0.0178175	1.46608	276.016	276.094	276.201
0.0178175	1.5708	276.135	276.047	276.282
0.0178175	1.67552	273.226	273.159	273.337
0.0178175	1.78024	267.294	267.241	267.486
0.0178175	1.88496	258.66	258.624	258.719
0.0178175	1.98968	247.645	247.623	247.681
0.0178175	2.0944	234.618	234.606	234.637
0.0178175	2.19911	219.951	219.943	219.964
0.0178175	2.30383	204.096	204.093	204.101
0.0178175	2.40855	187.41	187.481	187.492
0.0178175	2.51327	170.032	170.282	170.037
0.0178175	2.61799	152.773	152.768	152.779
0.0178175	2.72271	135.99	135.984	135.999
0.0178175	2.82743	120.177	119.979	120
0.0178175	2.93215	105.011	105.179	105.027
0.0178175	3.03687	91.2456	91.2343	91.264
0.0178175	3.14159	78.8183	78.8063	78.8381
0.0184709	-3.14159	68.9482	68.9226	68.988
0.0184709	-3.03687	58.2579	58.2329	58.297
0.0184709	-2.93215	48.9807	48.9573	49.0174
0.0184709	-2.82743	41.0903	41.0694	41.123
0.0184709	-2.72271	34.5228	34.5051	34.5503
0.0184709	-2.61799	29.1837	29.1696	29.2053
0.0184709	-2.51327	24.9264	24.9176	24.9411
0.0184709	-2.40855	21.6358	21.6305	21.6445
0.0184709	-2.30383	19.1709	19.1686	19.1748
0.0184709	-2.19911	17.3847	17.3841	17.3855
0.0184709	-2.0944	16.1352	16.135	16.1353
0.0184709	-1.98968	15.288	15.2866	15.2903
0.0184709	-1.88496	14.7297	14.725	14.7374
0.0184709	-1.78024	14.3711	14.3609	14.3878
0.0184709	-1.67552	14.1045	14.0899	14.1291
0.0184709	-1.5708	13.894	13.8755	13.9354
0.0184709	-1.46608	13.7664	13.733	13.8225
0.0184709	-1.36136	13.7532	13.7072	13.8304
0.0184709	-1.25664	13.9221	13.8558	14.0235
0.0184709	-1.15192	14.365	14.2879	14.4849
0.0184709	-1.0472	15.1136	15.026	15.2655
0.0184709	-0.942478	16.4009	16.2931	16.5758
0.0184709	-0.837758	18.3722	18.2497	18.5898
0.0184709	-0.733038	21.1935	21.0525	21.4294
0.0184709	-0.628319	25.0221	24.8624	25.2892
0.0184709	-0.523599	30.0042	29.8312	30.2861
0.0184709	-0.418879	36.2229	36.0373	36.5321
0.0184709	-0.314159	43.8469	43.6461	44.1816
0.0184709	-0.20944	52.9519	52.7373	53.3098
0.0184709	-0.10472	63.5725	63.3458	63.9504
0.0184709	-2.66454e-15	75.6946	75.458	76.0887
0.0184709	0.10472	89.2001	88.9608	89.5985
0.0184709	0.20944	103.65	103.407	104.053
0.0184709	0.314159	119.164	118.92	119.57
0.0184709	0.418879	135.495	135.252	135.898
0.0184709	0.523599	152.334	152.097	152.729
0.0184709	0.628319	169.317	169.089	169.698
0.0184709	0.733038	186.037	185.82	186.398
0.0184709	0.837758	201.682	201.481	202.013
0.0184709	0.942478	216.059	215.875	216.362
0.0184709	1.0472	228.813	228.643	229.095
0.0184709	1.15192	239.572	239.424	239.819
0.0184709	1.25664	248.012	247.885	248.222
0.0184709	1.36136	253.854	253.748	254.027
0.0184709	1.46608	256.826	256.736	256.974
0.0184709	1.5708	256.861	256.792	256.974
0.0184709	1.67552	254.021	253.971	254.104
0.0184709	1.78024	248.42	248.386	248.477
0.0184709	1.88496	240.159	240.134	240.2
0.0184709	1.98968	229.632	229.619	229.655
0.0184709	2.0944	217.203	217.197	217.213
0.0184709	2.19911	203.264	203.263	203.267
0.0184709	2.30383	188.233	188.233	188.233
0.0184709	2.40855	172.204	172.196	172.214
0.0184709	2.51327	155.687	155.678	155.699
0.0184709	2.61799	139.296	139.285	139.273
0.0184709	2.72271	123.448	123.355	123.391
0.0184709	2.82743	108.195	108.178	108.144
0.0184709	2.93215	93.9108	93.8936	93.9383
0.0184709	3.03687	80.8587	80.8397	80.8895
0.0184709	3.14159	68.9482	68.9226	68.988
0.0191243	-3.14159	60.6326	60.5996	60.6805
0.0191243	-3.03687	50.4938	50.4649	50.5417
0.0191243	-2.93215	41.7016	41.6741	41.7474
0.0191243	-2.82743	34.1866	34.1587	34.2331
0.0191243	-2.72271	27.9668	27.9427	28.0069
0.0191243	-2.61799	22.9136	22.894	22.9462
0.0191243	-2.51327	18.9137	18.8988	18.9384
0.0191243	-2.40855	15.838	15.8279	15.8549
0.0191243	-2.30383	13.5486	13.5425	13.5585
0.0191243	-2.19911	11.9049	11.902	11.9095
0.0191243	-2.0944	10.7707	10.7696	10.7721
0.0191243	-1.98968	10.0201	10.0193	10.0209
0.0191243	-1.88496	9.54053	9.53913	9.54251
0.0191243	-1.78024	9.18068	9.17709	9.18662
0.0191243	-1.67552	8.93958	8.93176	8.95267
0.0191243	-1.5708	8.78074	8.76661	8.80446
0.0191243	-1.46608	8.70406	8.68158	8.74185
0.0191243	-1.36136	8.73765	8.70479	8.79279
0.0191243	-1.25664	8.92014	8.87853	8.98926
0.0191243	-1.15192	9.301	9.24738	9.39071
0.0191243	-1.0472	10.0526	9.98542	10.1652
0.0191243	-0.942478	11.3078	11.2258	11.4453
0.0191243	-0.837758	13.2118	13.1142	13.3757
0.0191243	-0.733038	15.9176	15.8037	16.1089
0.0191243	-0.628319	19.5455	19.4223	19.751
0.0191243	-0.523599	24.2398	24.1019	24.4704
0.0191243	-0.418879	30.1629	30.0106	30.4177
0.0191243	-0.314159	37.4183	37.2524	37.6958
0.0191243	-0.20944	46.0778	45.8995	46.376
0.0191243	-0.10472	56.174	55.9849	56.4903
0.0191243	-2.66454e-15	67.6948	67.496	68.0283
0.0191243	0.10472	80.5778	80.3708	80.9247
0.0191243	0.20944	94.4814	94.2769	94.8233
0.0191243	0.314159	109.212	109.006	109.556
0.0191243	0.418879	124.713	124.508	125.055
0.0191243	0.523599	140.69	140.49	141.024
0.0191243	0.628319	156.798	156.605	157.119
0.0191243	0.733038	172.648	172.466	172.952
0.0191243	0.837758	187.702	187.536	187.978
0.0191243	0.942478	201.306	201.154	201.556
0.0191243	1.0472	213.425	213.289	213.647
0.0191243	1.15192	223.599	223.478	223.8
0.0191243	1.25664	231.545	231.443	231.714
0.0191243	1.36136	237.02	236.937	237.157
0.0191243	1.46608	239.842	239.777	239.949
0.0191243	1.5708	239.823	239.771	239.909
0.0191243	1.67552	237.048	237.012	237.109
0.0191243	1.78024	231.654	231.631	231.692
0.0191243	1.88496	223.838	223.826	223.86
0.0191243	1.98968	213.788	213.779	213.801
0.0191243	2.0944	201.921	201.918	201.926
0.0191243	2.19911	188.63	188.629	188.631
0.0191243	2.30383	174.243	174.239	174.248
0.0191243	2.40855	158.809	158.804	158.818
0.0191243	2.51327	143.127	143.118	143.142
0.0191243	2.61799	127.562	127.548	127.585
0.0191243	2.72271	112.438	112.419	112.469
0.0191243	2.82743	98.0287	98.0049	98.0685
0.0191243	2.93215	84.5568	84.5286	84.6055
0.0191243	3.03687	72.0986	72.0636	72.149
0.0191243	3.14159	60.6326	60.5996	60.6805
0.0197777	-3.14159	53.7332	53.6938	53.7984
0.0197777	-3.03687	44.1181	44.0788	44.1832
0.0197777	-2.93215	35.7559	35.7153	35.8235
0.0197777	-2.82743	28.6821	28.6447	28.7444
0.0197777	-2.72271	22.8075	22.7745	22.8625
0.0197777	-2.61799	18.0451	18.0174	18.0914
0.0197777	-2.51327	14.2868	14.2646	14.3236
0.0197777	-2.40855	11.4092	11.3927	11.4365
0.0197777	-2.30383	9.28074	9.26949	9.29928
0.0197777	-2.19911	7.76762	7.76075	7.77867
0.0197777	-2.0944	6.73994	6.73628	6.74546
0.0197777	-1.98968	6.02438	6.02289	6.02661
0.0197777	-1.88496	5.56107	5.56081	5.56136
0.0197777	-1.78024	5.26893	5.26811	5.27027
0.0197777	-1.67552	5.08827	5.08496	5.09386
0.0197777	-1.5708	4.98689	4.9791	5.00001
0.0197777	-1.46608	4.96199	4.94771	4.98591
0.0197777	-1.36136	4.99765	4.97725	5.0313
0.0197777	-1.25664	5.1575	5.12869	5.20564
0.0197777	-1.15192	5.56031	5.52147	5.62558
0.0197777	-1.0472	6.31334	6.26302	6.39808
0.0197777	-0.942478	7.5424	7.47937	7.64854
0.0197777	-0.837758	9.38611	9.30941	9.51515
0.0197777	-0.733038	11.9313	11.8461	12.0639
0.0197777	-0.628319	15.3726	15.2746	15.5369
0.0197777	-0.523599	19.8575	19.7466	20.0438
0.0197777	-0.418879	25.5072	25.3836	25.7148
0.0197777	-0.314159	32.4204	32.2843	32.6497
0.0197777	-0.20944	40.6685	40.5199	40.9185
0.0197777	-0.10472	50.2825	50.1231	50.5509
0.0197777	-2.66454e-15	61.2501	61.0712	61.5341
0.0197777	0.10472	73.4607	73.2761	73.7659
0.0197777	0.20944	86.8507	86.6745	87.1512
0.0197777	0.314159	100.932	100.759	101.222
0.0197777	0.418879	115.651	115.479	115.939
0.0197777	0.523599	130.816	130.648	131.097
0.0197777	0.628319	146.093	145.929	146.367
0.0197777	0.733038	161.114	160.959	161.373
0.0197777	0.837758	175.492	175.349	175.731
0.0197777	0.942478	188.498	188.375	188.702
0.0197777	1.0472	199.954	199.845	200.134
0.0197777	1.15192	209.633	209.54	209.787
0.0197777	1.25664	217.123	217.042	217.257
0.0197777	1.36136	222.251	222.187	222.358
0.0197777	1.46608	224.857	224.809	224.938
0.0197777	1.5708	224.859	224.824	224.916
0.0197777	1.67552	222.151	222.126	222.194
0.0197777	1.78024	216.952	216.937	216.977
0.0197777	1.88496	209.456	209.449	209.467
0.0197777	1.98968	199.925	199.923	199.928
0.0197777	2.0944	188.622	188.62	188.625
0.0197777	2.19911	175.94	175.938	175.942
0.0197777	2.30383	162.16	162.156	161.996
0.0197777	2.40855	147.277	147.266	147.293
0.0197777	2.51327	132.34	132.325	132.365
0.0197777	2.61799	117.524	117.503	117.558
0.0197777	2.72271	103.135	103.109	103.179
0.0197777	2.82743	89.4345	89.4024	89.4881
0.0197777	2.93215	76.6319	76.5951	76.6935
0.0197777	3.03687	64.6265	64.5868	64.6827
0.0197777	3.14159	53.7332	53.6938	53.7984
0.0204311	-3.14159	48.2336	48.1786	48.3247
0.0204311	-3.03687	39.1131	39.0583	39.2043
0.0204311	-2.93215	31.2198	31.1669	31.308
0.0204311	-2.82743	24.5288	24.4793	24.613
0.0204311	-2.72271	18.9801	18.9384	19.0514
0.0204311	-2.61799	14.4876	14.4507	14.5491
0.0204311	-2.51327	10.9527	10.9222	11.0034
0.0204311	-2.40855	8.22145	8.19745	8.26182
0.0204311	-2.30383	6.21094	6.19354	6.24022
0.0204311	-2.19911	4.79294	4.7815	4.81215
0.0204311	-2.0944	3.83856	3.83206	3.84941
0.0204311	-1.98968	3.20907	3.20554	3.21494
0.0204311	-1.88496	2.81651	2.8156	2.81804
0.0204311	-1.78024	2.58743	2.58743	2.58744
0.0204311	-1.67552	2.4648	2.46386	2.46633
0.0204311	-1.5708	2.40469	2.40122	2.41047
0.0204311	-1.46608	2.33988	2.33259	2.35171
0.0204311	-1.36136	2.35715	2.34428	2.37888
0.0204311	-1.25664	2.51889	2.49849	2.55326
0.0204311	-1.15192	2.90808	2.87852	2.95778
0.0204311	-1.0472	3.63356	3.59086	3.69843
0.0204311	-0.942478	4.77129	4.72154	4.85523
0.0204311	-0.837758	6.5015	6.43896	6.57195
0.0204311	-0.733038	8.924	8.85471	9.04071
0.0204311	-0.628319	12.2594	12.1779	12.3969
0.0204311	-0.523599	16.6189	16.5243	16.7786
0.0204311	-0.418879	22.0982	21.9918	22.2783
0.0204311	-0.314159	28.7743	28.6613	28.965
0.0204311	-0.20944	36.6447	36.5207	36.8535
0.0204311	-0.10472	45.7708	45.6372	45.9964
0.0204311	-2.66454e-15	56.1773	56.0346	56.4183
0.0204311	0.10472	67.8045	67.6545	68.058
0.0204311	0.20944	80.5396	80.3842	80.8018
0.0204311	0.314159	94.1688	94.0244	94.4116
0.0204311	0.418879	108.138	107.995	108.38
0.0204311	0.523599	122.526	122.385	122.763
0.0204311	0.628319	137.019	136.884	137.246
0.0204311	0.733038	151.269	151.142	151.482
0.0204311	0.837758	164.899	164.783	165.094
0.0204311	0.942478	177.502	177.403	177.667
0.0204311	1.0472	188.333	188.246	188.476
0.0204311	1.15192	197.469	197.396	197.59
0.0204311	1.25664	204.606	204.543	204.71
0.0204311	1.36136	209.407	209.358	209.488
0.0204311	1.46608	211.809	211.773	211.868
0.0204311	1.5708	211.735	211.711	211.774
0.0204311	1.67552	209.189	209.171	209.218
0.0204311	1.78024	204.173	204.163	204.188
0.0204311	1.88496	196.978	196.974	196.983
0.0204311	1.98968	187.854	187.854	187.855
0.0204311	2.0944	177.106	177.106	177.107
0.0204311	2.19911	164.988	164.963	164.987
0.0204311	2.30383	151.514	151.554	151.533
0.0204311	2.40855	137.489	137.472	137.515
0.0204311	2.51327	123.255	123.233	123.292
0.0204311	2.61799	109.144	109.115	109.192
0.0204311	2.72271	95.4474	95.412	95.5061
0.0204311	2.82743	82.4126	82.3713	82.4815
0.0204311	2.93215	70.0796	70.0317	70.1601
0.0204311	3.03687	58.6048	58.5546	58.6876
0.0204311	3.14159	48.2336	48.1786	48.3247
0.0210845	-3.14159	44.1028	44.0368	44.2144
0.0210845	-3.03687	35.455	35.388	35.5681
0.0210845	-2.93215	27.9727	27.9069	28.082
0.0210845	-2.82743	21.5935	21.5357	21.6935
0.0210845	-2.72271	16.2286	16.1743	16.3198
0.0210845	-2.61799	11.9047	11.8569	11.985
0.0210845	-2.51327	8.51686	8.47645	8.58488
0.0210845	-2.40855	5.9471	5.91442	6.00214
0.0210845	-2.30383	4.0698	4.04478	4.11193
0.0210845	-2.19911	2.75789	2.74003	2.78793
0.0210845	-2.0944	1.88859	1.87697	1.90804
0.0210845	-1.98968	1.34061	1.33354	1.35227
0.0210845	-1.88496	1.02543	1.02186	1.03098
0.0210845	-1.78024	0.861896	0.860124	0.864169
0.0210845	-1.67552	0.736802	0.73661	0.737034
0.0210845	-1.5708	0.665094	0.664264	0.666479
0.0210845	-1.46608	0.646837	0.64375	0.652059
0.0210845	-1.36136	0.710591	0.703379	0.722743
0.0210845	-1.25664	0.911115	0.89804	0.933032
0.0210845	-1.15192	1.32162	1.30329	1.35234
0.0210845	-1.0472	1.98966	1.96334	2.03412
0.0210845	-0.942478	3.09898	3.06315	3.16025
0.0210845	-0.837758	4.75646	4.71292	4.83034
0.0210845	-0.733038	7.12743	7.07325	7.21951
0.0210845	-0.628319	10.3425	10.277	10.4618
0.0210845	-0.523599	14.4881	14.413	14.6148
0.0210845	-0.418879	19.7226	19.6247	19.8694
0.0210845	-0.314159	26.1225	26.1772	26.2917
0.0210845	-0.20944	33.7838	33.685	33.9862
0.0210845	-0.10472	42.5475	42.4376	42.7337
0.0210845	-2.66454e-15	52.4677	52.3495	52.6679
0.0210845	0.10472	63.5442	63.4192	63.7556
0.0210845	0.20944	75.652	75.536	75.8473
0.0210845	0.314159	88.627	88.5094	88.8253
0.0210845	0.418879	102.121	102.003	102.32
0.0210845	0.523599	115.792	115.676	115.986
0.0210845	0.628319	129.555	129.445	129.741
0.0210845	0.733038	143.079	142.976	143.223
0.0210845	0.837758	156.006	155.912	156.131
0.0210845	0.942478	167.969	167.886	168.073
0.0210845	1.0472	178.438	178.371	178.551
0.0210845	1.15192	187.062	187.006	187.155
0.0210845	1.25664	193.786	193.742	193.859
0.0210845	1.36136	198.361	198.324	198.421
0.0210845	1.46608	200.569	200.544	200.611
0.0210845	1.5708	200.424	200.408	200.45
0.0210845	1.67552	197.936	197.928	197.95
0.0210845	1.78024	193.19	193.184	193.199
0.0210845	1.88496	186.279	186.277	186.282
0.0210845	1.98968	177.54	177.54	177.542
0.0210845	2.0944	167.263	167.261	167.267
0.0210845	2.19911	155.453	155.443	155.468
0.0210845	2.30383	142.638	142.624	142.66
0.0210845	2.40855	129.29	129.271	129.323
0.0210845	2.51327	115.751	115.724	115.797
0.0210845	2.61799	102.313	102.275	102.375
0.0210845	2.72271	89.2675	89.2224	89.342
0.0210845	2.82743	76.7258	76.6732	76.8137
0.0210845	2.93215	64.8123	64.7536	64.9107
0.0210845	3.03687	53.9058	53.8425	54.0123
0.0210845	3.14159	44.1028	44.0368	44.2144
0.021738	-3.14159	41.2086	41.1181	41.3394
0.021738	-3.03687	32.9745	32.8965	33.1184
0.021738	-2.93215	25.7614	25.6816	25.8876
0.021738	-2.82743	19.5961	19.5248	19.7198
0.021738	-2.72271	14.5111	14.4454	14.6248
0.021738	-2.61799	10.4201	10.3614	10.5192
0.021738	-2.51327	7.22303	7.17227	7.30882
0.021738	-2.40855	4.80702	4.76475	4.87849
0.021738	-2.30383	3.05228	3.01859	3.10922
0.021738	-2.19911	1.8377	1.81224	1.88065
0.021738	-2.0944	1.04573	1.02747	1.07628
0.021738	-1.98968	0.56946	0.557297	0.589382
0.021738	-1.88496	0.302457	0.293965	0.316656
0.021738	-1.78024	0.12901	0.125159	0.135443
0.021738	-1.67552	0.0425824	0.0416055	0.0442123
0.021738	-1.5708	0.0155386	0.0155386	0.0155386
0.021738	-1.46608	0.0450886	0.0441821	0.0465759
0.021738	-1.36136	0.154514	0.150898	0.160471
0.021738	-1.25664	0.382974	0.376574	0.393513
0.021738	-1.15192	0.754685	0.743611	0.773894
0.021738	-1.0472	1.43423	1.41673	1.46424
0.021738	-0.942478	2.53204	2.5072	2.57415
0.021738	-0.837758	4.16502	4.13166	4.22153
0.021738	-0.733038	6.41509	6.37083	6.49068
0.021738	-0.628319	9.49905	9.44381	9.5971
0.021738	-0.523599	13.4994	13.4411	13.6031
0.021738	-0.418879	18.5099	18.4441	18.6252
0.021738	-0.314159	24.6429	24.5676	24.7822
0.021738	-0.20944	31.967	31.8743	32.1176
0.021738	-0.10472	40.4465	40.3579	40.5969
0.021738	-2.66454e-15	50.012	49.9149	50.1769
0.021738	0.10472	60.55	60.4592	60.7035
0.021738	0.20944	72.0515	71.9574	72.2107
0.021738	0.314159	84.4016	84.3059	84.5635
0.021738	0.418879	97.4	97.3046	97.5614
0.021738	0.523599	110.47	110.376	110.629
0.021738	0.628319	123.542	123.453	123.694
0.021738	0.733038	136.379	136.295	136.519
0.021738	0.837758	148.639	148.564	148.766
0.021738	0.942478	159.975	159.91	160.086
0.021738	1.0472	170.044	169.989	170.137
0.021738	1.15192	178.361	178.319	178.431
0.021738	1.25664	184.691	184.66	184.744
0.021738	1.36136	188.998	188.972	189.042
0.021738	1.46608	191.024	191.007	191.053
0.021738	1.5708	190.811	190.801	190.827
0.021738	1.67552	188.371	188.367	188.378
0.021738	1.78024	183.798	183.798	183.8
0.021738	1.88496	177.247	177.245	177.25
0.021738	1.98968	168.871	168.868	168.875
0.021738	2.0944	158.905	158.898	158.916
0.021738	2.19911	147.561	147.546	147.584
0.021738	2.30383	135.282	135.261	135.314
0.021738	2.40855	122.544	122.517	122.59
0.021738	2.51327	109.632	109.596	109.693
0.021738	2.61799	96.8434	96.798	96.9201
0.021738	2.72271	84.4355	84.3793	84.5286
0.021738	2.82743	72.2625	72.1988	72.3687
0.021738	2.93215	60.9166	60.8467	61.0339
0.021738	3.03687	50.5349	50.4455	50.6606
0.021738	3.14159	41.2086	41.1181	41.3394
0.0223914	-3.14159	39.5137	39.425	39.6637
0.0223914	-3.03687	31.5409	31.4524	31.6891
0.0223914	-2.93215	24.604	24.5176	24.7489
0.0223914	-2.82743	18.7497	18.6675	18.8879
0.0223914	-2.72271	13.9231	13.847	14.0515
0.0223914	-2.61799	10.0463	9.97761	10.1623
0.0223914	-2.51327	7.02374	6.96354	7.12317
0.0223914	-2.40855	4.71936	4.6702	4.80352
0.0223914	-2.30383	3.06578	3.02573	3.13332
0.0223914	-2.19911	1.93555	1.90103	1.99399
0.0223914	-2.0944	1.18627	1.16083	1.22937
0.0223914	-1.98968	0.735633	0.718259	0.765081
0.0223914	-1.88496	0.490471	0.480213	0.508485
0.0223914	-1.78024	0.375993	0.370495	0.385364
0.0223914	-1.67552	0.339993	0.337664	0.343334
0.0223914	-1.5708	0.354625	0.353693	0.355749
0.0223914	-1.46608	0.41711	0.415243	0.417792
0.0223914	-1.36136	0.465768	0.460345	0.474541
0.0223914	-1.25664	0.585816	0.577239	0.600327
0.0223914	-1.15192	0.88736	0.872613	0.912386
0.0223914	-1.0472	1.49731	1.47465	1.53569
0.0223914	-0.942478	2.5412	2.50758	2.59462
0.0223914	-0.837758	4.153	4.10919	4.21611
0.0223914	-0.733038	6.38717	6.34072	6.46608
0.0223914	-0.628319	9.43886	9.38692	9.52389
0.0223914	-0.523599	13.4127	13.3345	13.4808
0.0223914	-0.418879	18.3232	18.2477	18.44
0.0223914	-0.314159	24.2878	24.2214	24.4005
0.0223914	-0.20944	31.2601	31.1961	31.3688
0.0223914	-0.10472	39.3504	39.2793	39.4714
0.0223914	-2.66454e-15	48.5836	48.506	48.7154
0.0223914	0.10472	58.7381	58.6657	58.8611
0.0223914	0.20944	69.6979	69.6225	69.826
0.0223914	0.314159	81.4588	81.3818	81.5895
0.0223914	0.418879	93.8294	93.7526	93.9598
0.0223914	0.523599	106.496	106.42	106.624
0.0223914	0.628319	118.916	118.844	119.038
0.0223914	0.733038	131.103	131.037	131.216
0.0223914	0.837758	142.734	142.675	142.835
0.0223914	0.942478	153.478	153.427	153.565
0.0223914	1.0472	163.008	162.966	163.08
0.0223914	1.15192	171.023	170.99	171.079
0.0223914	1.25664	177.1	177.077	177.137
0.0223914	1.36136	181.127	181.116	181.152
0.0223914	1.46608	183.083	183.074	183.098
0.0223914	1.5708	182.86	182.854	182.87
0.0223914	1.67552	180.467	180.465	180.47
0.0223914	1.78024	176.046	176.046	176.047
0.0223914	1.88496	169.755	169.754	169.757
0.0223914	1.98968	161.577	161.57	161.589
0.0223914	2.0944	151.894	151.882	151.913
0.0223914	2.19911	141.089	141.07	141.119
0.0223914	2.30383	129.437	129.41	129.482
0.0223914	2.40855	117.275	117.239	117.335
0.0223914	2.51327	104.953	104.907	105.029
0.0223914	2.61799	92.7551	92.6997	92.8487
0.0223914	2.72271	80.6903	80.6232	80.8013
0.0223914	2.82743	69.0869	69.0121	69.2118
0.0223914	2.93215	58.2771	58.1958	58.4135
0.0223914	3.03687	48.3906	48.3046	48.5355
0.0223914	3.14159	39.5137	39.425	39.6637
0.0230448	-3.14159	38.8129	38.7125	38.9802
0.0230448	-3.03687	31.1506	31.0504	31.3182
0.0230448	-2.93215	24.5489	24.4512	24.713
0.0230448	-2.82743	18.9824	18.8888	19.1389
0.0230448	-2.72271	14.2926	14.2067	14.4345
0.0230448	-2.61799	10.5277	10.451	10.6501
0.0230448	-2.51327	7.50085	7.44152	7.60026
0.0230448	-2.40855	5.18712	5.13716	5.27081
0.0230448	-2.30383	3.54269	3.50216	3.61041
0.0230448	-2.19911	2.44065	2.40917	2.49301
0.0230448	-2.0944	1.72301	1.70497	1.75328
0.0230448	-1.98968	1.30241	1.28992	1.32164
0.0230448	-1.88496	1.08401	1.07359	1.10168
0.0230448	-1.78024	0.977208	0.973383	0.983473
0.0230448	-1.67552	0.901393	0.900452	0.902885
0.0230448	-1.5708	0.861203	0.861125	0.861308
0.0230448	-1.46608	0.854618	0.853394	0.85669
0.0230448	-1.36136	0.90615	0.901905	0.913276
0.0230448	-1.25664	1.07062	1.06157	1.08571
0.0230448	-1.15192	1.38332	1.37015	1.4054
0.0230448	-1.0472	1.97305	1.95281	2.00741
0.0230448	-0.942478	2.99463	2.96405	3.03949
0.0230448	-0.837758	4.5684	4.53124	4.63146
0.0230448	-0.733038	6.85089	6.80355	6.93112
0.0230448	-0.628319	9.91515	9.86983	9.99362
0.0230448	-0.523599	13.8605	13.8034	13.9526
0.0230448	-0.418879	18.8642	18.7866	18.9709
0.0230448	-0.314159	24.7109	24.6603	24.7972
0.0230448	-0.20944	31.5445	31.4861	31.644
0.0230448	-0.10472	39.3533	39.297	39.4492
0.0230448	-2.66454e-15	48.1752	48.1132	48.2808
0.0230448	0.10472	58.0285	57.9617	58.1421
0.0230448	0.20944	68.5197	68.46	68.6213
0.0230448	0.314159	79.7244	79.6632	79.8284
0.0230448	0.418879	91.5023	91.4412	91.6061
0.0230448	0.523599	103.628	103.568	103.729
0.0230448	0.628319	115.572	115.525	115.653
0.0230448	0.733038	127.164	127.117	127.238
0.0230448	0.837758	138.205	138.158	138.284
0.0230448	0.942478	148.389	148.349	148.455
0.0230448	1.0472	157.411	157.379	157.464
0.0230448	1.15192	164.984	164.96	165.024
0.0230448	1.25664	170.858	170.841	170.885
0.0230448	1.36136	174.741	174.732	174.757
0.0230448	1.46608	176.534	176.529	176.541
0.0230448	1.5708	176.299	176.298	176.301
0.0230448	1.67552	173.989	173.987	173.991
0.0230448	1.78024	169.711	169.709	169.713
0.0230448	1.88496	163.519	163.51	163.532
0.0230448	1.98968	155.599	155.587	155.617
0.0230448	2.0944	146.324	146.307	146.352
0.0230448	2.19911	135.988	135.962	136.03
0.0230448	2.30383	124.896	124.861	124.956
0.0230448	2.40855	113.316	113.271	113.391
0.0230448	2.51327	101.552	101.497	101.645
0.0230448	2.61799	89.836	89.7664	89.953
0.0230448	2.72271	78.2046	78.1263	78.3341
0.0230448	2.82743	67.1382	67.052	67.2822
0.0230448	2.93215	56.8333	56.7404	56.9892
0.0230448	3.03687	47.4128	47.3152	47.5774
0.0230448	3.14159	38.8129	38.7125	38.9802
0.0236982	-3.14159	39.0748	38.9587	39.2716
0.0236982	-3.03687	31.7961	31.6794	31.9941
0.0236982	-2.93215	25.3767	25.2654	25.5653
0.0236982	-2.82743	19.9165	19.8138	20.0904
0.0236982	-2.72271	15.275	15.1888	15.4193
0.0236982	-2.61799	11.4488	11.3709	11.5795
0.0236982	-2.51327	8.46279	8.40035	8.56848
0.0236982	-2.40855	6.16541	6.11273	6.25464
0.0236982	-2.30383	4.53403	4.49127	4.60643
0.0236982	-2.19911	3.44178	3.40864	3.49788
0.0236982	-2.0944	2.76977	2.74551	2.81018
0.0236982	-1.98968	2.40511	2.38809	2.43305
0.0236982	-1.88496	2.20122	2.18814	2.22328
0.0236982	-1.78024	2.09876	2.09183	2.11046
0.0236982	-1.67552	2.06179	2.05916	2.06624
0.0236982	-1.5708	2.06273	2.06244	2.06362
0.0236982	-1.46608	2.10324	2.10295	2.10366
0.0236982	-1.36136	2.20133	2.19917	2.20477
0.0236982	-1.25664	2.3715	2.3672	2.37838
0.0236982	-1.15192	2.68885	2.68072	2.70254
0.0236982	-1.0472	3.30038	3.28646	3.32409
0.0236982	-0.942478	4.32235	4.30175	4.35732
0.0236982	-0.837758	5.87983	5.85129	5.92822
0.0236982	-0.733038	8.11086	8.07397	8.16832
0.0236982	-0.628319	11.0865	11.0435	11.1597
0.0236982	-0.523599	15.008	14.955	15.0981
0.0236982	-0.418879	19.9697	19.9136	20.0646
0.0236982	-0.314159	25.8314	25.7771	25.9241
0.0236982	-0.20944	32.657	32.603	32.7488
0.0236982	-0.10472	40.3229	40.2703	40.4121
0.0236982	-2.66454e-15	48.8306	48.7816	48.9141
0.0236982	0.10472	58.2424	58.189	58.3329
0.0236982	0.20944	68.4521	68.4056	68.5314
0.0236982	0.314159	79.1318	79.0839	79.2134
0.0236982	0.418879	90.3499	90.3019	90.4315
0.0236982	0.523599	101.891	101.844	101.97
0.0236982	0.628319	113.433	113.397	113.493
0.0236982	0.733038	124.445	124.413	124.499
0.0236982	0.837758	134.953	134.926	134.999
0.0236982	0.942478	144.629	144.599	144.679
0.0236982	1.0472	153.169	153.146	153.209
0.0236982	1.15192	160.324	160.307	160.353
0.0236982	1.25664	165.857	165.846	165.876
0.0236982	1.36136	169.58	169.574	169.59
0.0236982	1.46608	171.366	171.363	171.369
0.0236982	1.5708	171.048	171.042	171.056
0.0236982	1.67552	168.739	168.735	168.745
0.0236982	1.78024	164.532	164.527	164.54
0.0236982	1.88496	158.578	158.569	158.592
0.0236982	1.98968	151.002	150.984	151.029
0.0236982	2.0944	142.114	142.09	142.153
0.0236982	2.19911	132.221	132.188	132.276
0.0236982	2.30383	121.615	121.572	121.689
0.0236982	2.40855	110.59	110.534	110.685
0.0236982	2.51327	99.3755	99.3067	99.4902
0.0236982	2.61799	87.9301	87.8498	88.0653
0.0236982	2.72271	76.8522	76.7608	77.0067
0.0236982	2.82743	66.3399	66.2385	66.5117
0.0236982	2.93215	56.5197	56.415	56.695
0.0236982	3.03687	47.3563	47.2434	47.5474
0.0236982	3.14159	39.0748	38.9587	39.2716
0.0243516	-3.14159	40.3451	40.2174	40.5616
0.0243516	-3.03687	33.2075	33.0826	33.4187
0.0243516	-2.93215	26.9295	26.8112	27.1296
0.0243516	-2.82743	21.4462	21.3377	21.6303
0.0243516	-2.72271	16.8699	16.7716	17.0209
0.0243516	-2.61799	13.0578	12.9767	13.195
0.0243516	-2.51327	10.1189	10.0475	10.2399
0.0243516	-2.40855	7.9398	7.87871	8.04328
0.0243516	-2.30383	6.40007	6.34954	6.48565
0.0243516	-2.19911	5.37977	5.33933	5.44903
0.0243516	-2.0944	4.76545	4.73529	4.81589
0.0243516	-1.98968	4.40196	4.376	4.44611
0.0243516	-1.88496	4.2189	4.20157	4.24841
0.0243516	-1.78024	4.15391	4.14367	4.17138
0.0243516	-1.67552	4.15495	4.15001	4.16339
0.0243516	-1.5708	4.19788	4.19626	4.20029
0.0243516	-1.46608	4.28427	4.28372	4.28494
0.0243516	-1.36136	4.41147	4.41029	4.41299
0.0243516	-1.25664	4.57629	4.57453	4.57909
0.0243516	-1.15192	4.92797	4.92361	4.93537
0.0243516	-1.0472	5.56278	5.55392	5.57794
0.0243516	-0.942478	6.59198	6.57723	6.61698
0.0243516	-0.837758	8.13445	8.11289	8.17085
0.0243516	-0.733038	10.2705	10.2455	10.313
0.0243516	-0.628319	13.1631	13.1303	13.219
0.0243516	-0.523599	16.9587	16.9173	17.0295
0.0243516	-0.418879	21.766	21.7153	21.8524
0.0243516	-0.314159	27.6529	27.6105	27.7254
0.0243516	-0.20944	34.3834	34.3338	34.4679
0.0243516	-0.10472	42.0799	42.0307	42.1629
0.0243516	-2.66454e-15	50.4617	50.4147	50.5406
0.0243516	0.10472	59.4906	59.4483	59.5619
0.0243516	0.20944	69.3229	69.2776	69.3989
0.0243516	0.314159	79.6213	79.5842	79.6841
0.0243516	0.418879	90.3106	90.2736	90.3736
0.0243516	0.523599	101.299	101.262	101.36
0.0243516	0.628319	112.345	112.311	112.402
0.0243516	0.733038	122.924	122.901	122.963
0.0243516	0.837758	132.899	132.88	132.931
0.0243516	0.942478	142.1	142.085	142.125
0.0243516	1.0472	150.211	150.193	150.24
0.0243516	1.15192	156.971	156.959	156.991
0.0243516	1.25664	162.181	162.174	162.193
0.0243516	1.36136	165.663	165.66	165.669
0.0243516	1.46608	167.299	167.297	167.301
0.0243516	1.5708	166.991	166.984	166.999
0.0243516	1.67552	164.723	164.716	164.732
0.0243516	1.78024	160.649	160.641	160.663
0.0243516	1.88496	154.916	154.902	154.938
0.0243516	1.98968	147.712	147.688	147.75
0.0243516	2.0944	139.19	139.158	139.241
0.0243516	2.19911	129.716	129.675	129.785
0.0243516	2.30383	119.57	119.517	119.659
0.0243516	2.40855	109.03	108.964	109.141
0.0243516	2.51327	98.117	98.0376	98.2494
0.0243516	2.61799	87.183	87.0919	87.3367
0.0243516	2.72271	76.6051	76.5022	76.7787
0.0243516	2.82743	66.5798	66.4582	66.7623
0.0243516	2.93215	57.0635	56.9443	57.2646
0.0243516	3.03687	48.2437	48.119	48.4545
0.0243516	3.14159	40.3451	40.2174	40.5616
0.025005	-3.14159	42.3895	42.2533	42.6197
0.025005	-3.03687	35.3775	35.2455	35.6005
0.025005	-2.93215	29.0793	28.9553	29.2895
0.025005	-2.82743	23.7156	23.6091	23.8954
0.025005	-2.72271	19.144	19.0446	19.3121
0.025005	-2.61799	15.5074	15.4168	15.6608
0.025005	-2.51327	12.7086	12.628	12.8451
0.025005	-2.40855	10.6389	10.5692	10.7571
0.025005	-2.30383	9.18358	9.12499	9.28283
0.025005	-2.19911	8.21213	8.17118	8.2727
0.025005	-2.0944	7.60188	7.57238	7.65198
0.025005	-1.98968	7.28372	7.2521	7.32504
0.025005	-1.88496	7.11159	7.09447	7.15289
0.025005	-1.78024	7.03991	7.03164	7.07378
0.025005	-1.67552	7.03821	7.03282	7.04816
0.025005	-1.5708	7.08601	7.08443	7.08861
0.025005	-1.46608	7.17256	7.17247	7.17271
0.025005	-1.36136	7.31609	7.31569	7.31677
0.025005	-1.25664	7.52414	7.5215	7.52962
0.025005	-1.15192	7.86553	7.8598	7.87373
0.025005	-1.0472	8.49955	8.49032	8.51488
0.025005	-0.942478	9.53028	9.51595	9.55452
0.025005	-0.837758	11.072	11.0515	11.107
0.025005	-0.733038	13.2586	13.2308	13.3059
0.025005	-0.628319	16.1509	16.1266	16.1926
0.025005	-0.523599	19.83	19.7981	19.8845
0.025005	-0.418879	24.4747	24.4347	24.5429
0.025005	-0.314159	30.1687	30.1203	30.2509
0.025005	-0.20944	36.8794	36.8405	36.9456
0.025005	-0.10472	44.4313	44.3867	44.5076
0.025005	-2.66454e-15	52.8461	52.8018	52.917
0.025005	0.10472	61.7214	61.6881	61.7768
0.025005	0.20944	71.115	71.0789	71.1672
0.025005	0.314159	81.1376	81.1094	81.1853
0.025005	0.418879	91.3269	91.2983	91.3748
0.025005	0.523599	101.793	101.765	101.839
0.025005	0.628319	112.305	112.279	112.348
0.025005	0.733038	122.54	122.524	122.567
0.025005	0.837758	132.011	131.998	132.032
0.025005	0.942478	140.737	140.728	140.753
0.025005	1.0472	148.454	148.456	148.464
0.025005	1.15192	154.855	154.846	154.869
0.025005	1.25664	159.759	159.754	159.767
0.025005	1.36136	163.014	163.011	163.018
0.025005	1.46608	164.521	164.505	164.51
0.025005	1.5708	164.189	164.186	164.194
0.025005	1.67552	161.982	161.972	161.996
0.025005	1.78024	158.24	158.022	158.056
0.025005	1.88496	152.511	152.492	152.542
0.025005	1.98968	145.597	145.569	145.644
0.025005	2.0944	137.484	137.445	137.549
0.025005	2.19911	128.407	128.355	128.49
0.025005	2.30383	118.695	118.633	118.8
0.025005	2.40855	108.569	108.491	108.697
0.025005	2.51327	97.9861	97.8959	98.1367
0.025005	2.61799	87.5352	87.4326	87.7077
0.025005	2.72271	77.4293	77.3152	77.6223
0.025005	2.82743	67.7876	67.6644	67.9946
0.025005	2.93215	58.5565	58.4256	58.7773
0.025005	3.03687	50.1364	50.0001	50.3671
0.025005	3.14159	42.3895	42.2533	42.6197
0.0256584	-3.14159	45.1652	45.0219	45.407
0.0256584	-3.03687	38.1348	37.9975	38.3676
0.0256584	-2.93215	32.0449	31.9169	32.251
0.0256584	-2.82743	26.7012	26.5844	26.8987
0.0256584	-2.72271	22.3315	22.2221	22.5168
0.0256584	-2.61799	18.8589	18.7587	19.0289
0.0256584	-2.51327	16.1704	16.0846	16.3113
0.0256584	-2.40855	14.0828	14.0173	14.2131
0.0256584	-2.30383	12.6162	12.5654	12.7197
0.0256584	-2.19911	11.6651	11.6159	11.7469
0.0256584	-2.0944	11.1074	11.0721	11.1673
0.0256584	-1.98968	10.7911	10.7537	10.8537
0.0256584	-1.88496	10.6376	10.603	10.6783
0.0256584	-1.78024	10.5899	10.5747	10.6191
0.0256584	-1.67552	10.6199	10.6121	10.6346
0.0256584	-1.5708	10.7073	10.7042	10.7126
0.0256584	-1.46608	10.8375	10.8367	10.8388
0.0256584	-1.36136	11.0099	11.0057	11.026
0.0256584	-1.25664	11.2084	11.2057	11.2096
0.0256584	-1.15192	11.5855	11.5828	11.5894
0.0256584	-1.0472	12.2469	12.2415	12.256
0.0256584	-0.942478	13.2904	13.2809	13.3066
0.0256584	-0.837758	14.8261	14.8113	14.8514
0.0256584	-0.733038	16.9759	16.9548	17.0116
0.0256584	-0.628319	19.8018	19.7777	19.8418
0.0256584	-0.523599	23.4873	23.4571	23.5384
0.0256584	-0.418879	28.0738	28.0427	28.1267
0.0256584	-0.314159	33.5549	33.5248	33.6064
0.0256584	-0.20944	40.032	39.9964	40.093
0.0256584	-0.10472	47.5382	47.5028	47.5979
0.0256584	-2.66454e-15	55.8125	55.7721	55.8803
0.0256584	0.10472	64.637	64.6149	64.6746
0.0256584	0.20944	73.83	73.8118	73.8612
0.0256584	0.314159	83.403	83.3839	83.4355
0.0256584	0.418879	93.3482	93.3264	93.3841
0.0256584	0.523599	103.32	103.298	103.354
0.0256584	0.628319	113.327	113.307	113.359
0.0256584	0.733038	123.126	123.108	123.155
0.0256584	0.837758	132.23	132.222	132.244
0.0256584	0.942478	140.507	140.502	140.516
0.0256584	1.0472	147.816	147.813	147.821
0.0256584	1.15192	153.916	153.908	153.924
0.0256584	1.25664	158.531	158.526	158.537
0.0256584	1.36136	161.569	161.566	161.574
0.0256584	1.46608	163.121	162.925	162.934
0.0256584	1.5708	162.592	162.554	162.57
0.0256584	1.67552	160.453	160.439	160.474
0.0256584	1.78024	156.626	156.607	156.656
0.0256584	1.88496	151.299	151.273	151.341
0.0256584	1.98968	144.652	144.616	144.711
0.0256584	2.0944	136.921	136.855	136.983
0.0256584	2.19911	128.235	128.176	128.334
0.0256584	2.30383	118.935	118.862	119.076
0.0256584	2.40855	109.053	108.965	109.202
0.0256584	2.51327	98.9281	98.8269	99.0971
0.0256584	2.61799	88.9344	88.8205	89.1258
0.0256584	2.72271	79.2745	79.149	79.4868
0.0256584	2.82743	69.8511	69.7164	70.0777
0.0256584	2.93215	61.0307	60.8881	61.2711
0.0256584	3.03687	52.8041	52.7129	53.1087
0.0256584	3.14159	45.1652	45.0219	45.407
