0	0	0	0	0	0	0	0	0
0.05	0	0	0	0	0	0	0	0
0.1	0	0	0	0	0	0	0	0
0.15	0	0	0	0	0	0	0	0
0.2	0	51.994	33.7888	16.479	0	0	0	0
0.25	134.029	239.891	202.824	167.581	134.029	115.181	97.1966	80.0173
0.3	339.098	589.257	501.666	418.383	339.098	302.313	267.212	233.683
0.35	751.266	773.175	765.504	758.21	751.266	666.037	584.711	507.027
0.4	692.656	551.684	601.044	647.976	692.656	687.411	682.407	677.626
0.45	413.808	422.994	419.778	416.719	413.808	462.929	509.8	554.572
0.5	384.267	265.23	306.91	346.539	384.267	382.184	380.197	378.299
0.55	209.856	237.267	227.669	218.544	209.856	249.903	288.115	324.617
0.6	221.809	206.17	211.348	216.707	221.809	213.249	205.08	197.278
0.65	188.787	266.12	235.84	211.735	188.787	194.424	199.802	204.94
0.7	241.96	336.063	301.419	270.958	241.96	218.842	196.782	176.107
0.75	304.447	364.438	359.177	331.139	304.447	275.343	247.573	225.312
0.8	353.261	290.332	313.436	333.838	353.261	326.676	301.309	279.336
0.85	286.018	265.966	249.572	268.243	286.018	306.107	325.275	322.613
0.9	229.97	276.538	285.42	257.013	229.97	248.225	265.645	280.859
0.95	275.748	212.383	245.251	261.156	275.748	248.9	223.281	230
1	232.291	160.986	170.363	202.502	232.291	247.217	261.46	241.513
1.05	163.542	148.838	146.142	154.458	163.542	193.546	221.652	234.526
1.1	139.317	135.874	141.926	141.712	139.317	148.543	156.576	185.393
1.15	137.495	132.004	128.149	131.631	137.495	135.255	134.231	143.157
1.2	121.83	110.372	122.805	125.34	121.83	127.786	131.378	129.375
1.25	122.667	146.357	116.731	110.842	122.667	119.302	118.522	124.286
1.3	99.4541	95.3756	126.337	128.085	99.4541	111.269	116.889	113.804
1.35	138.894	134.671	106.564	105.039	138.894	110.681	100.392	111.656
1.4	84.7626	110.219	126.947	117.202	84.7626	118.3	121.393	94.8346
1.45	127.33	80.672	95.469	119.603	127.33	95.4132	98.6487	129.565
1.5	112.611	88.9485	84.0654	81.4447	112.611	120.321	105.576	79.8775
1.55	68.0936	69.5204	82.1624	87.2919	68.0936	98.8423	113.633	115.284
1.6	90.3635	76.4186	65.5881	75.71	90.3635	71.5432	85.7043	107.244
1.65	69.5674	79.2888	78.5731	61.8491	69.5674	84.0214	74.8348	73.1545
1.7	58.2896	80.6767	75.12	80.6217	58.2896	65.9104	77.9698	77.979
1.75	82.572	72.5618	79.9691	71.1563	82.572	60.7176	62.421	72.1891
1.8	67.3828	52.4054	69.311	79.2962	67.3828	78.6194	63.0343	59.0877
1.85	78.6557	49.2803	49.8658	66.2201	78.6557	67.0365	74.8478	65.2473
1.9	63.2775	48.6528	48.0656	47.451	63.2775	75.4906	66.706	71.2452
1.95	45.1522	63.1789	47.2988	46.9107	45.1522	60.6616	72.4706	66.3904
2	45.8112	68.764	61.3343	46.0113	45.8112	44.1197	58.1655	69.5857
2.05	44.7856	60.5084	67.5869	59.5805	44.7856	44.7215	43.1345	55.7812
2.1	57.9108	53.3776	58.9096	66.4677	57.9108	43.7359	43.6817	42.1934
2.15	65.4022	41.1226	54.5811	57.3895	65.4022	56.451	42.7344	42.6884
2.2	55.9424	50.8082	38.4468	55.7254	55.9424	63.6352	55.058	41.7776
2.25	56.8147	52.3026	49.0096	35.9026	56.8147	55.1486	61.9492	53.7274
2.3	33.4805	45.8086	51.1161	47.2994	33.4805	55.415	54.3911	60.3386
2.35	45.6713	37.4308	46.6457	49.988	45.6713	35.0657	54.0793	53.6676
2.4	48.9141	47.0688	37.8814	47.4417	48.9141	43.077	36.5783	52.8035
2.45	48.1995	39.9692	42.07	38.3098	48.1995	47.2863	40.6016	38.0231
2.5	38.7176	36.3156	42.5801	37.3171	38.7176	47.1926	45.7331	38.237
2.55	32.7923	44.5953	35.7713	45.0627	32.7923	39.6621	46.2319	44.2494
2.6	47.4261	35.5556	40.925	35.2537	47.4261	33.3199	40.5633	45.3142
2.65	34.761	32.2182	37.949	37.1556	34.761	42.7704	33.8233	41.4242
2.7	33.5672	37.6273	31.6516	40.0214	33.5672	37.3105	38.328	34.3042
2.75	41.9944	38.9506	34.8973	32.5815	41.9944	33.1256	39.7431	34.0845
2.8	33.4668	38.1861	37.9528	31.8435	33.4668	38.3767	32.7041	42.0669
2.85	28.9363	39.43	37.3549	36.1343	28.9363	35.5472	34.9246	32.3016
2.9	34.4031	40.8669	37.2234	36.9067	34.4031	29.8863	37.5322	31.6271
2.95	36.48	36.2172	39.7739	36.3081	36.48	31.504	30.7927	39.1739
3	70.8734	66.4853	71.6818	76.4091	70.8734	69.8357	61.898	58.9059
3.1	75.849	64.5728	64.8344	66.5452	75.849	70.4562	68.5033	64.7443
3.2	61.6551	59.5144	62.1483	63.2646	61.6551	70.8555	70.0581	66.4247
3.3	61.7702	62.6218	57.2322	59.843	61.7702	60.2334	66.0907	69.6779
3.4	57.6483	54.2675	62.2778	55.0623	57.6483	59.5818	58.8769	61.5392
3.5	52.9965	45.227	50.9009	61.9507	52.9965	55.5703	57.4936	57.5811
3.6	61.6393	53.6049	43.75	47.7	61.6393	52.9023	53.5875	55.499
3.7	44.6527	53.3377	52.9804	42.3456	44.6527	58.3367	52.8123	51.6935
3.8	41.0086	52.9403	51.8821	52.3867	41.0086	43.293	55.1854	52.7265
3.9	51.8214	50.667	51.6238	50.498	51.8214	40.7233	41.9956	52.1752
4	98.3609	88.4458	97.5746	98.5472	98.3609	98.5315	89.6973	80.9471
4.2	94.0379	63.7528	74.8696	85.2711	94.0379	93.9616	93.8558	93.9225
4.4	73.5581	42.8069	51.6087	62.9558	73.5581	82.394	89.7638	89.7866
4.6	51.6138	37.2204	36.8668	43.245	51.6138	62.2335	71.2834	79.7745
4.8	35.2828	33.376	35.0768	35.58	35.2828	43.642	51.4275	61.5758
5	34.355	29.3957	31.0206	32.7201	34.355	34.0934	36.0354	44.0035
5.2	30.4765	16.3686	24.5068	29.1065	30.4765	32.1257	32.9585	32.74
5.4	27.2843	9.12939	13.7765	20.0416	27.2843	28.6649	29.9984	31.5845
5.6	15.7907	6.33759	7.9921	11.3119	15.7907	22.9633	26.9363	28.2628
5.8	8.96556	6.33759	6.17782	6.91074	8.96556	13.3944	18.8402	25.4518
6	14.7032	7.58042	10.0982	12.4573	14.7032	16.5272	20.8206	27.0288
6.5	6.54661	2.29627	3.8764	5.24434	6.54661	8.87838	11.1034	13.2287
7	2.2962	0.256326	0.849619	1.5907	2.2962	3.63705	4.91648	6.10691
7.5	0.230419	0.301123	0.281585	0.255373	0.230419	0.95127	1.6391	2.1737
8	0.558885	0.220357	0.338889	0.451592	0.558885	0.527402	0.497362	0.622829
9	0.011981	0.0037889	0.00665728	0.0093846	0.011981	0.127063	0.236874	0.341768
10	0.00448396	0.00431001	0.00437092	0.00442883	0.00448396	0.00729201	0.00997144	0.0125309
30	0	0	0	0	0	0	0	0
