#x	y	new0_fix	12_	12a	12b
0.426	-3.14159	166.213	166.054	165.839	166.018
0.426	-3.03687	154.904	154.561	154.6	154.772
0.426	-2.93215	144.856	144.9	144.564	145.169
0.426	-2.82743	136.185	135.988	135.946	136.316
0.426	-2.72271	128.918	128.9	128.649	129.176
0.426	-2.61799	123.087	123.016	122.765	123.288
0.426	-2.51327	118.542	118.398	118.147	118.67
0.426	-2.40855	115.139	114.856	114.596	115.139
0.426	-2.30383	112.711	112.152	111.89	112.438
0.426	-2.19911	111.027	110.231	109.967	110.523
0.426	-2.0944	109.996	108.918	108.654	109.218
0.426	-1.98968	109.476	108.05	107.771	108.362
0.426	-1.88496	109.262	107.472	107.146	107.812
0.426	-1.78024	109.288	107.037	106.702	107.426
0.426	-1.67552	109.476	106.704	106.359	107.114
0.426	-1.5708	109.614	106.434	106.072	106.865
0.426	-1.46608	109.291	106.211	105.838	106.675
0.426	-1.36136	110.11	106.085	105.694	106.581
0.426	-1.25664	110.618	106.1	105.651	106.659
0.426	-1.15192	111.756	106.358	105.89	106.961
0.426	-1.0472	111.684	107.047	106.56	107.689
0.426	-0.942478	114.379	108.341	107.831	109.023
0.426	-0.837758	116.395	110.429	109.897	111.153
0.426	-0.733038	119.781	113.515	112.955	114.279
0.426	-0.628319	124.308	117.769	117.158	118.6
0.426	-0.523599	130.099	123.379	122.747	124.25
0.426	-0.418879	137.166	130.422	129.816	131.26
0.426	-0.314159	145.762	138.995	138.324	139.865
0.426	-0.20944	155.969	149.294	148.658	150.091
0.426	-0.10472	167.581	160.845	160.248	161.346
0.426	-2.66454e-15	180.611	174.087	173.484	174.635
0.426	0.10472	196.188	188.313	187.977	189.298
0.426	0.20944	211.04	204.235	203.698	205.126
0.426	0.314159	228.12	221.453	220.889	222.21
0.426	0.418879	246.124	239.535	238.977	240.286
0.426	0.523599	264.908	258.269	257.72	258.529
0.426	0.628319	284.338	277.231	276.693	277.459
0.426	0.733038	302.793	295.033	295.081	296.183
0.426	0.837758	319.34	313.607	313.134	314.431
0.426	0.942478	335.957	330.519	329.966	331.117
0.426	1.0472	349.822	345.446	345.031	345.998
0.426	1.15192	362.736	358.029	357.648	358.537
0.426	1.25664	371.386	367.897	367.54	367.338
0.426	1.36136	377.773	373.573	374.373	375.134
0.426	1.46608	379.716	378.153	377.871	377.555
0.426	1.5708	379.178	378.124	377.585	378.451
0.426	1.67552	376.927	374.333	374.74	374.992
0.426	1.78024	367.844	366.633	366.444	367.279
0.426	1.88496	359.45	358.339	358.617	358.588
0.426	1.98968	345.675	346.029	345.805	346.26
0.426	2.0944	332.004	330.713	331.28	331.732
0.426	2.19911	315.182	315.252	315.031	315.107
0.426	2.30383	296.293	298.608	297.559	298.577
0.426	2.40855	279.187	279.61	279.372	279.657
0.426	2.51327	260.523	261.199	260.948	261.471
0.426	2.61799	242.938	242.991	242.727	243.281
0.426	2.72271	225.33	223.391	225.091	225.151
0.426	2.82743	207.356	208.655	208.364	208.461
0.426	2.93215	193.118	193.102	192.798	192.905
0.426	3.03687	178.936	178.789	178.192	179.255
0.426	3.14159	166.213	166.054	165.839	166.022
0.4345	-3.14159	132.249	132.044	131.849	132.276
0.4345	-3.03687	121.233	121.03	120.83	121.267
0.4345	-2.93215	111.746	111.538	111.335	111.777
0.4345	-2.82743	103.367	103.388	103.228	103.568
0.4345	-2.72271	96.4336	96.4798	96.3208	96.657
0.4345	-2.61799	90.8862	90.9175	90.7602	91.0912
0.4345	-2.51327	86.4859	86.4647	86.3056	86.6381
0.4345	-2.40855	83.095	83.0102	82.8525	83.1816
0.4345	-2.30383	80.6598	80.4751	80.3183	80.6458
0.4345	-2.19911	79.0127	78.6862	78.5292	78.858
0.4345	-2.0944	77.9916	77.4748	77.3164	77.6503
0.4345	-1.98968	77.4452	76.6853	76.5238	76.8676
0.4345	-1.88496	77.2403	76.182	76.0156	76.3745
0.4345	-1.78024	77.2641	75.8553	75.6655	76.0617
0.4345	-1.67552	77.3767	75.5839	75.3661	75.8432
0.4345	-1.5708	77.5942	75.3446	75.117	75.6233
0.4345	-1.46608	77.9089	75.1541	74.9146	75.456
0.4345	-1.36136	78.3512	75.048	74.7945	75.3765
0.4345	-1.25664	78.9504	75.0999	74.8305	75.4584
0.4345	-1.15192	79.6548	75.4188	75.1054	75.8103
0.4345	-1.0472	80.7874	76.0826	75.7465	76.5351
0.4345	-0.942478	82.8622	77.3136	76.9589	77.8006
0.4345	-0.837758	85.2057	79.3001	78.926	79.8231
0.4345	-0.733038	88.4037	82.2329	81.8388	82.7928
0.4345	-0.628319	92.7943	86.6148	86.223	87.1592
0.4345	-0.523599	98.3783	91.9006	91.4899	92.4728
0.4345	-0.418879	105.357	98.6449	98.2068	99.2656
0.4345	-0.314159	113.798	106.606	106.202	107.179
0.4345	-0.20944	123.536	116.348	115.932	116.945
0.4345	-0.10472	134.845	127.679	127.285	128.241
0.4345	-2.66454e-15	147.53	140.326	139.904	140.916
0.4345	0.10472	161.37	154.46	154.088	155.01
0.4345	0.20944	176.508	169.518	169.38	170.072
0.4345	0.314159	192.749	185.763	185.372	186.316
0.4345	0.418879	209.833	202.936	202.55	203.484
0.4345	0.523599	227.433	220.713	220.333	221.249
0.4345	0.628319	245.164	238.705	238.336	239.226
0.4345	0.733038	262.592	256.474	256.118	256.974
0.4345	0.837758	279.245	273.541	273.2	274.013
0.4345	0.942478	294.637	289.355	289.054	289.781
0.4345	1.0472	308.217	303.444	303.163	303.837
0.4345	1.15192	319.565	315.359	315.099	315.717
0.4345	1.25664	328.317	324.695	324.455	325.017
0.4345	1.36136	334.157	331.076	330.88	331.344
0.4345	1.46608	336.756	334.249	334.072	334.482
0.4345	1.5708	336.147	334.178	334.019	334.381
0.4345	1.67552	332.362	330.881	330.736	331.044
0.4345	1.78024	325.456	324.387	324.277	324.518
0.4345	1.88496	315.759	315.05	314.949	315.166
0.4345	1.98968	303.646	303.223	303.126	303.329
0.4345	2.0944	289.531	289.319	289.222	289.422
0.4345	2.19911	273.869	273.776	273.696	273.854
0.4345	2.30383	257.629	257.137	257.029	257.252
0.4345	2.40855	240.881	240.353	240.201	239.946
0.4345	2.51327	222.839	222.85	222.685	223.034
0.4345	2.61799	205.582	205.545	205.814	205.137
0.4345	2.72271	188.901	188.23	188.608	188.41
0.4345	2.82743	173.09	172.359	172.192	172.555
0.4345	2.93215	157.837	157.6	157.423	157.812
0.4345	3.03687	144.411	144.131	143.945	144.356
0.4345	3.14159	132.249	132.044	131.849	132.276
0.443	-3.14159	104.804	104.309	104.17	104.487
0.443	-3.03687	94.3436	93.8535	93.7108	94.0358
0.443	-2.93215	84.9222	84.6356	84.648	84.8763
0.443	-2.82743	76.9558	76.8205	76.6898	76.9432
0.443	-2.72271	70.3728	70.2817	70.182	70.4
0.443	-2.61799	64.906	64.903	64.8068	64.9948
0.443	-2.51327	60.598	60.6141	60.5227	60.7185
0.443	-2.40855	57.3498	57.366	57.2762	57.4651
0.443	-2.30383	55.0057	54.9945	54.9076	55.0894
0.443	-2.19911	53.4063	53.3329	53.2481	53.4253
0.443	-2.0944	52.3977	52.2206	52.1366	52.3127
0.443	-1.98968	51.8356	51.5087	51.4239	51.6034
0.443	-1.88496	51.5945	51.0675	50.9801	51.168
0.443	-1.78024	51.62	50.849	50.7001	50.989
0.443	-1.67552	51.6725	50.601	50.4745	50.7521
0.443	-1.5708	51.8214	50.3999	50.2661	50.5657
0.443	-1.46608	52.0602	50.2422	50.099	50.4264
0.443	-1.36136	52.4185	50.1618	50.0072	50.3678
0.443	-1.25664	53.0314	50.2216	50.0325	50.4851
0.443	-1.15192	53.7924	50.5124	50.306	50.8066
0.443	-1.0472	54.8619	51.2316	51.0089	51.5405
0.443	-0.942478	56.443	52.4101	52.1712	52.7488
0.443	-0.837758	58.6392	54.4577	54.2211	54.8135
0.443	-0.733038	61.9145	57.3357	57.0934	57.6868
0.443	-0.628319	66.2095	61.1731	60.9143	61.5545
0.443	-0.523599	71.5408	66.2473	65.9514	66.674
0.443	-0.418879	78.201	72.692	72.3816	73.146
0.443	-0.314159	86.3037	80.5363	80.2446	80.9662
0.443	-0.20944	95.9217	89.8146	89.5114	90.2661
0.443	-0.10472	106.7	100.705	100.392	101.176
0.443	-2.66454e-15	118.939	112.947	112.658	113.382
0.443	0.10472	132.257	126.472	126.178	126.917
0.443	0.20944	146.637	141.073	140.791	141.487
0.443	0.314159	162.068	156.507	156.226	156.921
0.443	0.418879	178.304	172.82	172.541	173.229
0.443	0.523599	195.032	189.701	189.428	190.1
0.443	0.628319	211.887	206.782	206.518	207.167
0.443	0.733038	228.456	223.636	223.391	223.992
0.443	0.837758	244.282	239.775	239.552	240.108
0.443	0.942478	258.844	254.752	254.545	255.059
0.443	1.0472	271.737	268.101	267.911	268.378
0.443	1.15192	282.536	279.381	279.208	279.627
0.443	1.25664	290.871	288.206	288.052	288.422
0.443	1.36136	296.364	294.166	294.046	294.339
0.443	1.46608	298.86	297.132	297.028	297.275
0.443	1.5708	298.313	297.017	296.927	297.134
0.443	1.67552	294.731	293.81	293.749	293.891
0.443	1.78024	288.182	287.584	287.533	287.647
0.443	1.88496	279.012	278.67	278.625	278.721
0.443	1.98968	267.551	267.393	267.35	267.438
0.443	2.0944	254.189	254.147	254.102	254.192
0.443	2.19911	239.321	239.324	239.295	239.355
0.443	2.30383	223.421	223.416	223.38	223.455
0.443	2.40855	206.959	206.898	206.854	206.95
0.443	2.51327	190.502	190.202	190.147	190.27
0.443	2.61799	174.733	173.72	173.654	173.804
0.443	2.72271	158.902	157.795	157.718	158.112
0.443	2.82743	143.354	142.898	142.782	143.047
0.443	2.93215	129.421	128.878	128.752	129.042
0.443	3.03687	116.544	116.089	115.954	116.264
0.443	3.14159	104.804	104.309	104.17	104.487
0.4515	-3.14159	83.5736	82.7212	82.8804	82.8706
0.4515	-3.03687	73.3046	72.7919	72.722	72.8961
0.4515	-2.93215	64.3508	63.875	63.8023	63.9748
0.4515	-2.82743	56.776	56.3575	56.2869	56.4532
0.4515	-2.72271	50.2876	50.0572	49.9938	50.1384
0.4515	-2.61799	45.032	44.871	44.8118	44.9456
0.4515	-2.51327	40.9195	40.8261	40.7716	40.8927
0.4515	-2.40855	37.8114	37.7743	37.7247	37.833
0.4515	-2.30383	35.5593	35.5588	35.5143	35.6102
0.4515	-2.19911	34.0122	34.0201	33.9788	34.0657
0.4515	-2.0944	33.0231	33.004	32.9655	33.046
0.4515	-1.98968	32.4556	32.3688	32.3314	32.4098
0.4515	-1.88496	32.1901	31.9665	31.9225	32.0181
0.4515	-1.78024	32.1287	31.6977	31.6496	31.7576
0.4515	-1.67552	32.2168	31.5157	31.4612	31.5877
0.4515	-1.5708	32.3108	31.3799	31.3168	31.4678
0.4515	-1.46608	32.4902	31.2009	31.1099	31.3828
0.4515	-1.36136	32.783	31.1083	31.0061	31.2523
0.4515	-1.25664	33.2517	31.3925	31.2904	31.5502
0.4515	-1.15192	33.989	31.6913	31.5798	31.8567
0.4515	-1.0472	34.781	32.3819	32.2559	32.5736
0.4515	-0.942478	36.3172	33.656	33.5094	33.8568
0.4515	-0.837758	38.5443	35.4479	35.296	35.674
0.4515	-0.733038	41.6287	38.0916	37.925	38.3444
0.4515	-0.628319	45.7358	41.7616	41.5798	42.042
0.4515	-0.523599	50.9777	46.6225	46.4114	46.932
0.4515	-0.418879	57.4061	52.7732	52.5486	53.1151
0.4515	-0.314159	65.098	60.3907	60.1531	60.7563
0.4515	-0.20944	74.2425	69.3761	69.1558	69.7179
0.4515	-0.10472	84.8109	79.7538	79.5239	80.113
0.4515	-2.66454e-15	96.4636	91.6599	91.4222	92.0317
0.4515	0.10472	109.463	104.574	104.359	104.912
0.4515	0.20944	123.157	118.731	118.514	119.076
0.4515	0.314159	137.821	133.447	133.245	133.755
0.4515	0.418879	153.25	148.942	148.743	149.246
0.4515	0.523599	169.149	164.971	164.777	165.268
0.4515	0.628319	185.168	181.185	180.998	181.47
0.4515	0.733038	200.915	197.158	196.991	197.422
0.4515	0.837758	215.914	212.462	212.307	212.706
0.4515	0.942478	229.754	226.656	226.515	226.876
0.4515	1.0472	242.01	239.297	239.17	239.492
0.4515	1.15192	252.278	249.968	249.857	250.136
0.4515	1.25664	260.206	258.304	258.208	258.445
0.4515	1.36136	265.42	263.913	263.841	264.021
0.4515	1.46608	267.807	266.675	266.618	266.759
0.4515	1.5708	267.308	266.512	266.467	266.574
0.4515	1.67552	263.938	263.43	263.404	263.468
0.4515	1.78024	257.742	257.461	257.443	257.485
0.4515	1.88496	249.062	248.942	248.928	248.957
0.4515	1.98968	238.207	238.181	238.168	238.194
0.4515	2.0944	225.55	225.553	225.537	225.569
0.4515	2.19911	211.494	211.462	211.451	211.473
0.4515	2.30383	196.425	196.309	196.293	196.331
0.4515	2.40855	180.821	180.583	180.557	180.619
0.4515	2.51327	165.077	164.692	164.656	164.744
0.4515	2.61799	149.553	149.01	148.963	149.079
0.4515	2.72271	134.56	133.862	133.804	133.948
0.4515	2.82743	120.491	119.52	119.453	119.622
0.4515	2.93215	107.277	106.199	106.124	106.314
0.4515	3.03687	94.848	94.0301	93.9295	94.1723
0.4515	3.14159	83.5736	82.7212	82.8804	82.8706
0.46	-3.14159	67.9206	66.6853	66.6111	66.8055
0.46	-3.03687	58.0678	57.158	57.0773	57.257
0.46	-2.93215	49.5546	48.6891	48.621	48.7855
0.46	-2.82743	42.1061	41.4909	41.4382	41.5703
0.46	-2.72271	35.8938	35.3688	35.3204	35.4408
0.46	-2.61799	30.8837	30.4631	30.4201	30.5259
0.46	-2.51327	26.9588	26.6477	26.6108	26.7004
0.46	-2.40855	23.9868	23.7812	23.7505	23.8235
0.46	-2.30383	21.8032	21.7129	21.6883	21.7455
0.46	-2.19911	20.248	20.2402	20.2217	20.2618
0.46	-2.0944	19.2429	19.2454	19.2299	19.2627
0.46	-1.98968	18.6522	18.6268	18.6128	18.6422
0.46	-1.88496	18.3569	18.2607	18.2463	18.2776
0.46	-1.78024	18.2601	18.0474	18.0305	18.0692
0.46	-1.67552	18.2919	17.8998	17.8655	17.9427
0.46	-1.5708	18.3584	17.741	17.7015	17.794
0.46	-1.46608	18.5929	17.7759	17.7385	17.8346
0.46	-1.36136	18.7976	17.7949	17.7463	17.8732
0.46	-1.25664	19.1717	17.961	17.9032	18.0482
0.46	-1.15192	19.7525	18.2451	18.1636	18.3633
0.46	-1.0472	20.6834	18.8263	18.7333	18.9658
0.46	-0.942478	22.1227	19.9141	19.8081	20.0773
0.46	-0.837758	24.222	21.6744	21.554	21.8632
0.46	-0.733038	27.1403	24.2808	24.1453	24.4968
0.46	-0.628319	31.0349	27.9073	27.756	28.1512
0.46	-0.523599	35.9955	32.5801	32.4291	32.8167
0.46	-0.418879	42.2185	38.4611	38.2974	38.7206
0.46	-0.314159	49.7389	45.7389	45.563	46.0203
0.46	-0.20944	58.4386	54.4975	54.3102	54.7991
0.46	-0.10472	68.5569	64.4948	64.3235	64.7727
0.46	-2.66454e-15	79.9154	75.8451	75.6662	76.1364
0.46	0.10472	92.2727	88.4368	88.2769	88.6985
0.46	0.20944	105.634	101.908	101.741	102.174
0.46	0.314159	119.573	116.17	116.025	116.401
0.46	0.418879	134.238	130.892	130.749	131.12
0.46	0.523599	149.35	146.115	145.976	146.337
0.46	0.628319	164.574	161.506	161.373	161.717
0.46	0.733038	179.539	176.686	176.561	176.883
0.46	0.837758	193.806	191.205	191.095	191.386
0.46	0.942478	206.957	204.654	204.555	204.814
0.46	1.0472	218.6	216.619	216.534	216.758
0.46	1.15192	228.355	226.709	226.636	226.824
0.46	1.25664	235.889	234.575	234.517	234.668
0.46	1.36136	240.885	239.898	239.856	239.969
0.46	1.46608	243.157	242.463	242.432	242.512
0.46	1.5708	242.691	242.248	242.227	242.279
0.46	1.67552	239.512	239.27	239.257	239.288
0.46	1.78024	233.694	233.6	233.595	233.606
0.46	1.88496	225.464	225.447	225.446	225.448
0.46	1.98968	215.171	215.169	215.167	215.17
0.46	2.0944	203.168	203.12	203.115	203.127
0.46	2.19911	189.843	189.696	189.684	189.713
0.46	2.30383	175.598	175.308	175.288	175.339
0.46	2.40855	160.829	160.341	160.318	160.38
0.46	2.51327	145.892	145.206	145.173	145.262
0.46	2.61799	131.163	130.275	130.231	130.349
0.46	2.72271	116.936	115.857	115.802	115.947
0.46	2.82743	103.457	102.211	102.147	102.317
0.46	2.93215	90.777	89.4433	89.3783	89.5493
0.46	3.03687	78.8518	77.4295	77.3588	77.5444
0.46	3.14159	67.9206	66.6853	66.6111	66.8055
0.4685	-3.14159	57.183	55.6912	55.6208	55.8092
0.4685	-3.03687	47.8783	46.3423	46.2714	46.461
0.4685	-2.93215	39.5472	38.3106	38.2415	38.4263
0.4685	-2.82743	32.392	31.4007	31.3477	31.4878
0.4685	-2.72271	26.4705	25.5924	25.5447	25.6706
0.4685	-2.61799	21.6918	20.9478	20.9065	21.0151
0.4685	-2.51327	17.8567	17.346	17.3119	17.4014
0.4685	-2.40855	14.8927	14.5763	14.5545	14.6104
0.4685	-2.30383	12.7339	12.5328	12.5173	12.5566
0.4685	-2.19911	11.2371	11.1318	11.1219	11.1467
0.4685	-2.0944	10.2633	10.2264	10.2207	10.2343
0.4685	-1.98968	9.68336	9.68083	9.67791	9.68434
0.4685	-1.88496	9.38357	9.37565	9.36515	9.37897
0.4685	-1.78024	9.2143	9.15578	9.14561	9.16749
0.4685	-1.67552	9.16153	9.0091	8.99724	9.02441
0.4685	-1.5708	9.18875	8.89897	8.88334	8.9214
0.4685	-1.46608	9.38282	9.01918	9.00135	9.0457
0.4685	-1.36136	9.56454	9.00088	8.9763	9.03952
0.4685	-1.25664	9.89272	9.0768	9.03639	9.13659
0.4685	-1.15192	10.4148	9.32617	9.2769	9.40215
0.4685	-1.0472	11.3054	9.91536	9.85553	10.0103
0.4685	-0.942478	12.7018	10.9875	10.9156	11.1038
0.4685	-0.837758	14.7554	12.7006	12.6154	12.8402
0.4685	-0.733038	17.6248	15.2204	15.121	15.3849
0.4685	-0.628319	21.3305	18.7063	18.589	18.8951
0.4685	-0.523599	26.0559	23.2715	23.1409	23.484
0.4685	-0.418879	31.987	29.0319	28.9097	29.2326
0.4685	-0.314159	39.2268	35.9973	35.8636	36.2183
0.4685	-0.20944	47.7758	44.3723	44.2277	44.6122
0.4685	-0.10472	57.4182	54.1974	54.0431	54.4334
0.4685	-2.66454e-15	68.3999	65.044	64.9049	65.2767
0.4685	0.10472	80.2855	77.1919	77.0475	77.4281
0.4685	0.20944	93.1455	90.1048	89.9792	90.3111
0.4685	0.314159	106.612	103.913	103.787	104.121
0.4685	0.418879	120.557	118.033	117.927	118.207
0.4685	0.523599	134.923	132.498	132.396	132.666
0.4685	0.628319	149.395	147.114	147.017	147.274
0.4685	0.733038	163.616	161.522	161.432	161.669
0.4685	0.837758	177.204	175.31	175.227	175.449
0.4685	0.942478	189.731	188.05	187.978	188.172
0.4685	1.0472	200.789	199.375	199.314	199.477
0.4685	1.15192	210.05	208.91	208.861	208.992
0.4685	1.25664	217.201	216.329	216.292	216.392
0.4685	1.36136	221.993	221.371	221.344	221.415
0.4685	1.46608	224.186	223.796	223.777	223.828
0.4685	1.5708	223.738	223.527	223.517	223.544
0.4685	1.67552	220.717	220.633	220.629	220.64
0.4685	1.78024	215.244	215.23	215.229	215.231
0.4685	1.88496	207.488	207.483	207.482	207.486
0.4685	1.98968	197.714	197.655	197.653	197.66
0.4685	2.0944	186.318	186.148	186.141	186.16
0.4685	2.19911	173.666	173.338	173.324	173.361
0.4685	2.30383	160.14	159.615	159.592	159.654
0.4685	2.40855	146.12	145.372	145.338	145.429
0.4685	2.51327	131.968	130.978	130.933	131.054
0.4685	2.61799	118.014	116.772	116.716	116.868
0.4685	2.72271	104.535	103.054	102.984	103.184
0.4685	2.82743	91.6126	90.0695	90.0093	90.2029
0.4685	2.93215	79.1958	77.6109	77.5401	77.7302
0.4685	3.03687	67.7988	66.1692	66.0935	66.2967
0.4685	3.14159	57.183	55.6912	55.6208	55.8092
0.477	-3.14159	50.646	48.7614	48.681	48.8967
0.477	-3.03687	41.5731	39.848	39.7677	39.9831
0.477	-2.93215	33.5126	31.957	31.8879	32.0733
0.477	-2.82743	26.6871	25.2396	25.1747	25.349
0.477	-2.72271	21.0142	19.7323	19.6732	19.8319
0.477	-2.61799	16.2481	15.367	15.3231	15.435
0.477	-2.51327	12.5087	11.7851	11.752	11.8408
0.477	-2.40855	9.67061	9.10835	9.08274	9.15141
0.477	-2.30383	7.59997	7.19308	7.17471	7.22398
0.477	-2.19911	6.16061	5.89394	5.88206	5.91393
0.477	-2.0944	5.17165	5.0375	5.02625	5.05454
0.477	-1.98968	4.56175	4.50811	4.50179	4.51717
0.477	-1.88496	4.21387	4.20551	4.20248	4.20935
0.477	-1.78024	4.04043	4.03851	4.03694	4.04024
0.477	-1.67552	3.97868	3.94226	3.94016	3.94519
0.477	-1.5708	4.06152	3.98213	3.97864	3.98758
0.477	-1.46608	4.13468	3.85286	3.84353	3.96396
0.477	-1.36136	4.24779	3.88502	3.86902	3.91202
0.477	-1.25664	4.50438	3.97842	3.9561	4.01391
0.477	-1.15192	5.00308	4.25965	4.22929	4.30938
0.477	-1.0472	5.85543	4.86562	4.82555	4.93232
0.477	-0.942478	7.1925	5.93275	5.88148	6.0188
0.477	-0.837758	9.15891	7.61163	7.54793	7.71902
0.477	-0.733038	11.8574	10.0014	9.92513	10.1269
0.477	-0.628319	15.4714	13.3173	13.2288	13.4642
0.477	-0.523599	20.1616	17.7137	17.6126	17.8825
0.477	-0.418879	25.8635	23.3251	23.2114	23.5156
0.477	-0.314159	32.7819	30.2259	30.12	30.4045
0.477	-0.20944	41.0176	38.2476	38.1313	38.4438
0.477	-0.10472	50.4442	47.6488	47.5232	47.8589
0.477	-2.66454e-15	60.8868	58.2509	58.1421	58.4327
0.477	0.10472	72.551	69.8265	69.713	70.0164
0.477	0.20944	84.8356	82.4566	82.3585	82.6216
0.477	0.314159	97.9906	95.6123	95.5132	95.7788
0.477	0.418879	111.298	109.327	109.245	109.465
0.477	0.523599	124.965	123.078	122.995	123.218
0.477	0.628319	138.782	136.944	136.865	137.077
0.477	0.733038	152.267	150.594	150.521	150.716
0.477	0.837758	165.135	163.658	163.593	163.768
0.477	0.942478	177.01	175.754	175.698	175.848
0.477	1.0472	187.528	186.505	186.459	186.582
0.477	1.15192	196.345	195.557	195.522	195.617
0.477	1.25664	203.167	202.603	202.578	202.646
0.477	1.36136	207.729	207.339	207.315	207.379
0.477	1.46608	209.81	209.595	209.58	209.619
0.477	1.5708	209.432	209.345	209.338	209.356
0.477	1.67552	206.621	206.606	206.604	206.61
0.477	1.78024	201.424	201.425	201.419	201.433
0.477	1.88496	194.047	194.001	193.996	194.008
0.477	1.98968	184.818	184.663	184.656	184.675
0.477	2.0944	174.054	173.732	173.718	173.754
0.477	2.19911	162.069	161.523	161.499	161.562
0.477	2.30383	149.204	148.429	148.397	148.482
0.477	2.40855	135.881	134.826	134.784	134.898
0.477	2.51327	122.436	121.093	121.038	121.185
0.477	2.61799	109.175	107.549	107.481	107.663
0.477	2.72271	96.3621	94.4744	94.3952	94.6089
0.477	2.82743	83.7798	81.9036	81.8233	82.0396
0.477	2.93215	71.983	69.9396	69.8503	70.0908
0.477	3.03687	60.7653	58.9308	58.8526	59.0623
0.477	3.14159	50.646	48.7614	48.681	48.8967
0.4855	-3.14159	46.9416	44.7455	44.6504	44.9063
0.4855	-3.03687	38.0574	36.0834	35.9981	36.2277
0.4855	-2.93215	30.3704	28.4535	28.3697	28.5953
0.4855	-2.82743	23.8034	22.0403	21.9604	22.1758
0.4855	-2.72271	18.1539	16.7782	16.704	16.8852
0.4855	-2.61799	13.581	12.3919	12.3389	12.4804
0.4855	-2.51327	9.97634	8.97493	8.92763	9.05442
0.4855	-2.40855	7.22204	6.41076	6.37212	6.47567
0.4855	-2.30383	5.19102	4.56826	4.54261	4.61831
0.4855	-2.19911	3.75495	3.32966	3.29392	3.36629
0.4855	-2.0944	2.79743	2.51643	2.50348	2.53819
0.4855	-1.98968	2.20434	2.04654	2.03936	2.05862
0.4855	-1.88496	1.86411	1.79598	1.79299	1.80103
0.4855	-1.78024	1.69228	1.67745	1.67683	1.67848
0.4855	-1.67552	1.62912	1.62878	1.62859	1.62901
0.4855	-1.5708	1.61708	1.56861	1.56623	1.59759
0.4855	-1.46608	1.62605	1.51645	1.51209	1.52326
0.4855	-1.36136	1.73007	1.4908	1.47694	1.51369
0.4855	-1.25664	1.98479	1.57101	1.54985	1.60648
0.4855	-1.15192	2.4738	1.86219	1.83201	1.91306
0.4855	-1.0472	3.30332	2.47976	2.43902	2.54852
0.4855	-0.942478	4.56245	3.55932	3.50671	3.64807
0.4855	-0.837758	6.3932	5.20565	5.14406	5.29401
0.4855	-0.733038	8.97336	7.54215	7.48374	7.64058
0.4855	-0.628319	12.447	10.7585	10.6886	10.8766
0.4855	-0.523599	16.9503	15.0061	14.9243	15.1444
0.4855	-0.418879	22.6039	20.4128	20.3191	20.5712
0.4855	-0.314159	29.3714	27.0835	26.9782	27.2614
0.4855	-0.20944	37.2788	34.9775	34.8822	35.139
0.4855	-0.10472	46.432	43.9466	43.8419	44.1243
0.4855	-2.66454e-15	56.5909	54.2222	54.1091	54.414
0.4855	0.10472	67.6731	65.4517	65.3508	65.6141
0.4855	0.20944	79.6557	77.5515	77.4588	77.7083
0.4855	0.314159	92.14	90.2537	90.1761	90.3854
0.4855	0.418879	105.113	103.423	103.346	103.554
0.4855	0.523599	118.067	116.619	116.558	116.723
0.4855	0.628319	131.109	129.766	129.708	129.864
0.4855	0.733038	143.918	142.711	142.658	142.8
0.4855	0.837758	156.151	155.105	155.058	155.183
0.4855	0.942478	167.453	166.585	166.546	166.651
0.4855	1.0472	177.476	176.795	176.764	176.847
0.4855	1.15192	185.876	185.345	185.312	185.4
0.4855	1.25664	192.309	191.956	191.932	191.996
0.4855	1.36136	196.623	196.423	196.407	196.448
0.4855	1.46608	198.672	198.587	198.579	198.601
0.4855	1.5708	198.388	198.369	198.355	198.382
0.4855	1.67552	195.671	195.673	195.664	195.685
0.4855	1.78024	190.756	190.719	190.711	190.728
0.4855	1.88496	183.829	183.691	183.683	183.704
0.4855	1.98968	175.126	174.843	174.825	174.864
0.4855	2.0944	164.866	164.373	164.348	164.41
0.4855	2.19911	153.484	152.731	152.699	152.784
0.4855	2.30383	141.32	140.275	140.232	140.346
0.4855	2.40855	128.713	127.356	127.302	127.448
0.4855	2.51327	115.984	114.311	114.243	114.425
0.4855	2.61799	103.398	101.437	101.358	101.568
0.4855	2.72271	90.9086	88.9493	88.8695	89.0823
0.4855	2.82743	78.8393	76.6505	76.5614	76.7998
0.4855	2.93215	67.3662	65.2371	65.1404	65.4
0.4855	3.03687	56.6378	54.442	54.3501	54.597
0.4855	3.14159	46.9416	44.7455	44.6504	44.9063
0.494	-3.14159	44.7179	42.4694	42.3768	42.6243
0.494	-3.03687	36.2305	33.9799	33.8873	34.1354
0.494	-2.93215	28.7916	26.6906	26.6002	26.8426
0.494	-2.82743	22.2742	20.4961	20.4204	20.6235
0.494	-2.72271	16.8679	15.2347	15.1651	15.3521
0.494	-2.61799	12.4902	11.0345	10.9724	11.1398
0.494	-2.51327	9.04021	7.78445	7.73089	7.87444
0.494	-2.40855	6.3725	5.36009	5.3164	5.43384
0.494	-2.30383	4.34501	3.6291	3.5946	3.68732
0.494	-2.19911	2.91449	2.45953	2.43379	2.49583
0.494	-2.0944	1.95572	1.66162	1.64953	1.68191
0.494	-1.98968	1.35167	1.17986	1.17267	1.19178
0.494	-1.88496	0.998128	0.920314	0.916904	0.92571
0.494	-1.78024	0.814619	0.795011	0.793535	0.796924
0.494	-1.67552	0.709566	0.709345	0.709016	0.709744
0.494	-1.5708	0.654873	0.628471	0.627402	0.630226
0.494	-1.46608	0.664069	0.576588	0.572996	0.582652
0.494	-1.36136	0.768561	0.582278	0.57423	0.59588
0.494	-1.25664	1.02474	0.705896	0.691554	0.730046
0.494	-1.15192	1.51491	1.03332	1.01098	1.07078
0.494	-1.0472	2.3451	1.6295	1.60038	1.67857
0.494	-0.942478	3.56495	2.65537	2.61608	2.72182
0.494	-0.837758	5.40156	4.25322	4.22315	4.33349
0.494	-0.733038	7.96121	6.59244	6.53372	6.69213
0.494	-0.628319	11.3165	9.82213	9.75113	9.94204
0.494	-0.523599	15.6432	14.027	13.9611	14.1441
0.494	-0.418879	21.049	19.2022	19.1249	19.3288
0.494	-0.314159	27.651	25.5808	25.4925	25.7264
0.494	-0.20944	35.3134	33.2297	33.1276	33.3942
0.494	-0.10472	43.9952	42.0272	41.9466	42.1642
0.494	-2.66454e-15	53.8925	51.8024	51.7149	51.9511
0.494	0.10472	64.5982	62.7692	62.6759	62.9273
0.494	0.20944	76.1832	74.3407	74.2603	74.4772
0.494	0.314159	88.3161	86.7672	86.6846	86.9071
0.494	0.418879	100.824	99.3506	99.2825	99.4657
0.494	0.523599	113.386	112.269	112.214	112.36
0.494	0.628319	125.781	124.754	124.702	124.84
0.494	0.733038	137.946	137.035	136.988	137.115
0.494	0.837758	149.556	148.782	148.74	148.851
0.494	0.942478	160.273	159.649	159.614	159.708
0.494	1.0472	169.769	169.299	169.271	169.345
0.494	1.15192	177.736	177.414	177.393	177.448
0.494	1.25664	183.91	183.719	183.705	183.741
0.494	1.36136	188.069	187.972	187.952	188
0.494	1.46608	189.971	189.948	189.934	189.966
0.494	1.5708	189.661	189.664	189.655	189.675
0.494	1.67552	187.161	187.136	187.128	187.144
0.494	1.78024	182.553	182.455	182.438	182.472
0.494	1.88496	175.928	175.689	175.67	175.714
0.494	1.98968	167.633	167.195	167.172	167.229
0.494	2.0944	157.949	157.262	157.232	157.31
0.494	2.19911	147.191	146.213	146.173	146.279
0.494	2.30383	135.626	134.347	134.292	134.435
0.494	2.40855	123.612	121.995	121.928	122.102
0.494	2.51327	111.483	109.526	109.448	109.656
0.494	2.61799	99.414	97.2342	97.1434	97.3853
0.494	2.72271	87.3184	85.0498	84.9579	85.2037
0.494	2.82743	75.7858	73.3426	73.2406	73.5142
0.494	2.93215	64.5894	62.2185	62.1219	62.3785
0.494	3.03687	54.3419	51.8496	51.7484	52.0182
0.494	3.14159	44.7179	42.4694	42.3768	42.6243
0.5025	-3.14159	43.5315	41.036	40.9321	41.211
0.5025	-3.03687	35.3227	32.9228	32.8184	33.094
0.5025	-2.93215	27.9484	25.8267	25.7397	25.9714
0.5025	-2.82743	21.6925	19.6761	19.5937	19.8136
0.5025	-2.72271	16.4997	14.6329	14.5569	14.76
0.5025	-2.61799	12.1905	10.6098	10.5417	10.724
0.5025	-2.51327	8.71739	7.50085	7.44152	7.60026
0.5025	-2.40855	6.06315	5.06842	5.02744	5.13673
0.5025	-2.30383	4.10627	3.31736	3.28506	3.37105
0.5025	-2.19911	2.72398	2.1321	2.10795	2.17198
0.5025	-2.0944	1.79719	1.38443	1.36745	1.41208
0.5025	-1.98968	1.19538	0.935764	0.92404	0.955587
0.5025	-1.88496	0.805234	0.666306	0.660174	0.676647
0.5025	-1.78024	0.577809	0.523721	0.521448	0.52755
0.5025	-1.67552	0.458658	0.450511	0.45015	0.451059
0.5025	-1.5708	0.419057	0.416184	0.415642	0.417147
0.5025	-1.46608	0.457092	0.419308	0.416419	0.423674
0.5025	-1.36136	0.563269	0.465768	0.460345	0.474541
0.5025	-1.25664	0.800761	0.585816	0.577239	0.600327
0.5025	-1.15192	1.2444	0.88736	0.872613	0.912386
0.5025	-1.0472	2.03091	1.49731	1.47465	1.53569
0.5025	-0.942478	3.27976	2.5412	2.50758	2.59462
0.5025	-0.837758	5.05937	4.153	4.10919	4.21611
0.5025	-0.733038	7.54641	6.38717	6.34072	6.46608
0.5025	-0.628319	10.8847	9.47965	9.4218	9.57826
0.5025	-0.523599	15.1829	13.5655	13.4951	13.6865
0.5025	-0.418879	20.3968	18.7648	18.6814	18.9048
0.5025	-0.314159	26.6682	24.994	24.9323	25.1088
0.5025	-0.20944	34.1443	32.2921	32.2155	32.4417
0.5025	-0.10472	42.6752	40.8438	40.7582	40.9888
0.5025	-2.66454e-15	52.1677	50.4187	50.3417	50.5493
0.5025	0.10472	62.76	60.9322	60.8495	61.0723
0.5025	0.20944	73.8555	72.3525	72.2806	72.4735
0.5025	0.314159	85.6977	84.2317	84.1574	84.3489
0.5025	0.418879	97.6777	96.5538	96.5058	96.6354
0.5025	0.523599	109.945	108.879	108.833	108.958
0.5025	0.628319	121.818	121.076	121.042	121.133
0.5025	0.733038	133.412	132.765	132.734	132.816
0.5025	0.837758	144.486	143.95	143.923	143.994
0.5025	0.942478	154.721	154.304	154.271	154.339
0.5025	1.0472	163.763	163.443	163.416	163.486
0.5025	1.15192	171.316	171.114	171.093	171.146
0.5025	1.25664	177.158	177.055	177.04	177.077
0.5025	1.36136	181.09	181.058	181.048	181.072
0.5025	1.46608	182.981	182.981	182.975	182.989
0.5025	1.5708	182.686	182.678	182.664	182.696
0.5025	1.67552	180.27	180.2	180.187	180.217
0.5025	1.78024	175.869	175.68	175.666	175.7
0.5025	1.88496	169.649	169.285	169.267	169.312
0.5025	1.98968	161.759	161.185	161.153	161.232
0.5025	2.0944	152.513	151.662	151.622	151.722
0.5025	2.19911	142.244	141.078	141.029	141.156
0.5025	2.30383	131.263	129.755	129.694	129.854
0.5025	2.40855	119.874	118.012	117.938	118.134
0.5025	2.51327	108.35	106.149	106.06	106.294
0.5025	2.61799	96.4324	94.2022	94.1121	94.35
0.5025	2.72271	84.879	82.3589	82.2581	82.5257
0.5025	2.82743	73.4775	71.0345	70.9353	71.1996
0.5025	2.93215	62.7973	60.1689	60.0623	60.3475
0.5025	3.03687	52.7235	50.2725	50.1605	50.4603
0.5025	3.14159	43.5315	41.036	40.9321	41.211
0.511	-3.14159	42.7251	40.0429	39.9337	40.2265
0.511	-3.03687	34.5585	32.2042	32.106	32.3698
0.511	-2.93215	27.4743	25.1763	25.08	25.3376
0.511	-2.82743	21.4557	19.2621	19.1737	19.4083
0.511	-2.72271	16.2126	14.4044	14.3229	14.5399
0.511	-2.61799	11.9518	10.3965	10.3326	10.5031
0.511	-2.51327	8.58641	7.23263	7.17718	7.32492
0.511	-2.40855	6.00814	4.86922	4.82281	4.94625
0.511	-2.30383	4.10169	3.18041	3.14301	3.24221
0.511	-2.19911	2.73786	2.03195	2.00119	2.08396
0.511	-2.0944	1.78757	1.27414	1.25205	1.31152
0.511	-1.98968	1.16474	0.820445	0.805912	0.845021
0.511	-1.88496	0.777566	0.573107	0.564715	0.587248
0.511	-1.78024	0.552572	0.453903	0.449946	0.460448
0.511	-1.67552	0.437972	0.407644	0.406224	0.40975
0.511	-1.5708	0.406222	0.405273	0.404378	0.406283
0.511	-1.46608	0.452076	0.443501	0.442091	0.445407
0.511	-1.36136	0.532182	0.475807	0.473624	0.479522
0.511	-1.25664	0.756574	0.616944	0.611249	0.626631
0.511	-1.15192	1.21768	0.958027	0.946123	0.976356
0.511	-1.0472	2.01284	1.59825	1.57961	1.62994
0.511	-0.942478	3.23947	2.66076	2.63309	2.70804
0.511	-0.837758	4.95811	4.19521	4.16532	4.24593
0.511	-0.733038	7.37323	6.40336	6.36392	6.47555
0.511	-0.628319	10.6275	9.43886	9.38692	9.52389
0.511	-0.523599	14.838	13.4236	13.362	13.6268
0.511	-0.418879	20.0704	18.4736	18.4411	18.6103
0.511	-0.314159	26.1741	24.6332	24.5597	24.766
0.511	-0.20944	33.3868	31.7993	31.7322	31.9135
0.511	-0.10472	41.7743	40.0465	39.9711	40.1746
0.511	-2.66454e-15	51.0729	49.48	49.3973	49.6203
0.511	0.10472	61.2393	59.6934	59.62	59.817
0.511	0.20944	72.1708	70.776	70.6984	70.8956
0.511	0.314159	83.518	82.3102	82.2584	82.3983
0.511	0.418879	95.3435	94.2682	94.2163	94.3563
0.511	0.523599	107.07	106.214	106.174	106.281
0.511	0.628319	118.784	118.091	118.054	118.154
0.511	0.733038	129.842	129.354	129.328	129.396
0.511	0.837758	140.396	140.002	139.98	140.038
0.511	0.942478	150.144	149.849	149.832	149.878
0.511	1.0472	158.787	158.59	158.577	158.611
0.511	1.15192	166.005	165.884	165.864	165.913
0.511	1.25664	171.55	171.502	171.487	171.522
0.511	1.36136	175.273	175.267	175.257	175.281
0.511	1.46608	177.05	177.048	177.041	177.058
0.511	1.5708	176.825	176.782	176.775	176.791
0.511	1.67552	174.503	174.379	174.362	174.401
0.511	1.78024	170.283	170.015	169.996	170.041
0.511	1.88496	164.331	163.864	163.84	163.899
0.511	1.98968	156.861	156.143	156.112	156.191
0.511	2.0944	148.049	147.053	147.007	147.124
0.511	2.19911	138.238	136.909	136.852	136.998
0.511	2.30383	127.747	126.06	125.992	126.17
0.511	2.40855	116.866	114.812	114.731	114.945
0.511	2.51327	105.576	103.455	103.36	103.606
0.511	2.61799	94.1649	91.7404	91.643	91.8991
0.511	2.72271	82.8016	80.3869	80.2791	80.5645
0.511	2.82743	71.8129	69.1775	69.072	69.3526
0.511	2.93215	61.3681	58.7512	58.6384	58.9395
0.511	3.03687	51.5509	48.9348	48.8284	49.1131
0.511	3.14159	42.7251	40.0429	39.9337	40.2265
0.5195	-3.14159	41.8576	39.3644	39.2512	39.5551
0.5195	-3.03687	33.9715	31.5029	31.4008	31.6754
0.5195	-2.93215	27.1274	24.7138	24.6136	24.8833
0.5195	-2.82743	21.0059	18.9971	18.9011	19.1506
0.5195	-2.72271	15.9101	14.0704	13.9961	14.1944
0.5195	-2.61799	11.7662	10.1051	10.0384	10.2167
0.5195	-2.51327	8.48302	7.02584	6.96763	7.12317
0.5195	-2.40855	5.95763	4.71936	4.6702	4.80352
0.5195	-2.30383	4.04611	3.06578	3.02573	3.13332
0.5195	-2.19911	2.64342	1.93555	1.90103	1.99399
0.5195	-2.0944	1.69039	1.18627	1.16083	1.22937
0.5195	-1.98968	1.0468	0.735633	0.718259	0.765081
0.5195	-1.88496	0.632043	0.489498	0.480213	0.499905
0.5195	-1.78024	0.386931	0.329243	0.326863	0.333222
0.5195	-1.67552	0.259451	0.249401	0.248968	0.250106
0.5195	-1.5708	0.222243	0.220747	0.220142	0.221596
0.5195	-1.46608	0.2739	0.24208	0.239274	0.246415
0.5195	-1.36136	0.402839	0.316489	0.311216	0.3248
0.5195	-1.25664	0.656641	0.458229	0.450348	0.471599
0.5195	-1.15192	1.13599	0.803735	0.789928	0.827158
0.5195	-1.0472	1.96869	1.45861	1.43716	1.49599
0.5195	-0.942478	3.24276	2.54229	2.51118	2.59509
0.5195	-0.837758	4.96415	4.16914	4.13518	4.2241
0.5195	-0.733038	7.34414	6.41509	6.37083	6.49068
0.5195	-0.628319	10.5293	9.49862	9.44381	9.56751
0.5195	-0.523599	14.6352	13.4127	13.3345	13.4808
0.5195	-0.418879	19.7333	18.3232	18.2477	18.44
0.5195	-0.314159	25.874	24.3038	24.24	24.4123
0.5195	-0.20944	32.9315	31.4354	31.3627	31.559
0.5195	-0.10472	41.0369	39.5216	39.4558	39.6335
0.5195	-2.66454e-15	50.2503	48.6313	48.5588	48.7541
0.5195	0.10472	60.1218	58.7752	58.7116	58.8824
0.5195	0.20944	70.7761	69.4428	69.3753	69.5523
0.5195	0.314159	81.8633	80.841	80.7974	80.9151
0.5195	0.418879	93.3153	92.3191	92.2754	92.3933
0.5195	0.523599	104.791	104.09	104.057	104.145
0.5195	0.628319	116.095	115.461	115.43	115.512
0.5195	0.733038	126.937	126.564	126.544	126.686
0.5195	0.837758	137.024	136.732	136.714	136.76
0.5195	0.942478	146.335	146.127	146.112	146.147
0.5195	1.0472	154.585	154.455	154.445	154.47
0.5195	1.15192	161.467	161.397	161.38	161.421
0.5195	1.25664	166.749	166.731	166.717	166.747
0.5195	1.36136	170.29	170.292	170.283	170.304
0.5195	1.46608	171.973	171.957	171.95	171.966
0.5195	1.5708	171.745	171.667	171.659	171.677
0.5195	1.67552	169.52	169.342	169.324	169.366
0.5195	1.78024	165.478	165.136	165.115	165.165
0.5195	1.88496	159.783	159.224	159.198	159.264
0.5195	1.98968	152.639	151.814	151.779	151.868
0.5195	2.0944	144.226	143.11	143.06	143.186
0.5195	2.19911	134.841	133.381	133.32	133.476
0.5195	2.30383	124.806	122.979	122.906	123.096
0.5195	2.40855	114.249	112.194	112.108	112.335
0.5195	2.51327	103.221	100.972	100.884	101.12
0.5195	2.61799	92.1625	89.7304	89.6288	89.8966
0.5195	2.72271	81.0479	78.5186	78.4179	78.6848
0.5195	2.82743	70.4379	67.7244	67.6148	67.9069
0.5195	2.93215	60.121	57.5069	57.4016	57.6829
0.5195	3.03687	50.6724	47.9325	47.8222	48.118
0.5195	3.14159	41.8576	39.3644	39.2512	39.5551
0.528	-3.14159	41.3274	38.8129	38.7125	38.9802
0.528	-3.03687	33.6706	31.1506	31.0504	31.3182
0.528	-2.93215	26.735	24.5489	24.4512	24.713
0.528	-2.82743	20.7816	18.7497	18.6675	18.8879
0.528	-2.72271	15.8125	13.9231	13.847	14.0515
0.528	-2.61799	11.758	10.0463	9.97761	10.1623
0.528	-2.51327	8.44591	7.02374	6.96354	7.12554
0.528	-2.40855	5.83083	4.74791	4.69683	4.83419
0.528	-2.30383	3.8747	3.05228	3.01859	3.10922
0.528	-2.19911	2.46578	1.8377	1.81224	1.88065
0.528	-2.0944	1.49585	1.04573	1.02747	1.07628
0.528	-1.98968	0.865417	0.56946	0.557297	0.589382
0.528	-1.88496	0.470199	0.302457	0.293965	0.316656
0.528	-1.78024	0.2044	0.12901	0.125159	0.135443
0.528	-1.67552	0.0615279	0.0425824	0.0416055	0.0442123
0.528	-1.5708	0.0155386	0.0155386	0.0155386	0.0155386
0.528	-1.46608	0.0626925	0.0450886	0.0441821	0.0465759
0.528	-1.36136	0.22432	0.154514	0.150898	0.160471
0.528	-1.25664	0.546705	0.382974	0.376574	0.393513
0.528	-1.15192	1.0447	0.754685	0.743611	0.773894
0.528	-1.0472	1.88112	1.43423	1.41673	1.46424
0.528	-0.942478	3.13145	2.53204	2.5072	2.57415
0.528	-0.837758	4.94756	4.16502	4.13166	4.22153
0.528	-0.733038	7.44763	6.46982	6.427	6.54216
0.528	-0.628319	10.6909	9.51849	9.47358	9.60864
0.528	-0.523599	14.7095	13.4994	13.4411	13.6031
0.528	-0.418879	19.713	18.4037	18.3472	18.4998
0.528	-0.314159	25.7474	24.2878	24.2214	24.4005
0.528	-0.20944	32.8399	31.2601	31.1961	31.3688
0.528	-0.10472	40.7114	39.3504	39.2793	39.4492
0.528	-2.66454e-15	49.6296	48.1752	48.1132	48.2808
0.528	0.10472	59.4343	58.0285	57.9617	58.1421
0.528	0.20944	69.764	68.5393	68.4826	68.6359
0.528	0.314159	80.7668	79.5854	79.5267	79.6841
0.528	0.418879	91.7923	90.9298	90.8869	90.9908
0.528	0.523599	103.12	102.312	102.277	102.371
0.528	0.628319	113.978	113.451	113.428	113.491
0.528	0.733038	124.626	124.176	124.155	124.211
0.528	0.837758	134.365	134.142	134.13	134.162
0.528	0.942478	143.288	143.133	143.12	143.148
0.528	1.0472	151.141	151.044	151.028	151.067
0.528	1.15192	157.692	157.652	157.64	157.668
0.528	1.25664	162.745	162.74	162.731	162.751
0.528	1.36136	166.132	166.132	166.125	166.219
0.528	1.46608	167.74	167.706	167.701	167.713
0.528	1.5708	167.46	167.359	167.344	167.378
0.528	1.67552	165.316	165.091	165.074	165.114
0.528	1.78024	161.448	161.046	161.026	161.076
0.528	1.88496	156	155.37	155.343	155.411
0.528	1.98968	149.134	148.249	148.208	148.311
0.528	2.0944	141.042	139.839	139.789	139.918
0.528	2.19911	132.057	130.504	130.443	130.603
0.528	2.30383	122.445	120.522	120.448	120.644
0.528	2.40855	112.003	110.011	109.934	110.14
0.528	2.51327	101.389	99.0625	98.9708	99.2117
0.528	2.61799	90.422	88.0964	88.0046	88.248
0.528	2.72271	79.7345	77.1251	77.0228	77.2957
0.528	2.82743	69.2275	66.7252	66.6173	66.893
0.528	2.93215	59.2833	56.5997	56.4922	56.7809
0.528	3.03687	49.9793	47.3563	47.2434	47.5474
0.528	3.14159	41.3274	38.8129	38.7125	38.9802
0.5365	-3.14159	41.4736	38.9585	38.8582	39.128
0.5365	-3.03687	33.8663	31.5126	31.412	31.6832
0.5365	-2.93215	27.0608	24.9335	24.8459	25.0821
0.5365	-2.82743	21.2458	19.2148	19.1309	19.3572
0.5365	-2.72271	16.3761	14.4843	14.4061	14.6175
0.5365	-2.61799	12.2674	10.6685	10.5975	10.7893
0.5365	-2.51327	8.92015	7.67328	7.61449	7.76409
0.5365	-2.40855	6.31643	5.26564	5.22071	5.34201
0.5365	-2.30383	4.35183	3.50476	3.46877	3.56566
0.5365	-2.19911	2.92244	2.27819	2.25237	2.32436
0.5365	-2.0944	1.93283	1.47528	1.45681	1.50659
0.5365	-1.98968	1.29194	0.98703	0.974908	1.00755
0.5365	-1.88496	0.904836	0.722836	0.715756	0.734695
0.5365	-1.78024	0.651571	0.567713	0.568075	0.577771
0.5365	-1.67552	0.495097	0.472201	0.469701	0.475752
0.5365	-1.5708	0.456073	0.456053	0.455674	0.456478
0.5365	-1.46608	0.521734	0.507036	0.506436	0.507989
0.5365	-1.36136	0.708869	0.645876	0.643315	0.650226
0.5365	-1.25664	1.06424	0.920999	0.91478	0.931528
0.5365	-1.15192	1.62307	1.35712	1.34659	1.37402
0.5365	-1.0472	2.47144	2.0665	2.05056	2.09301
0.5365	-0.942478	3.75066	3.18726	3.16494	3.2249
0.5365	-0.837758	5.57446	4.83594	4.8061	4.88651
0.5365	-0.733038	8.06246	7.13713	7.09886	7.20205
0.5365	-0.628319	11.3333	10.2147	10.1673	10.295
0.5365	-0.523599	15.4934	14.1752	14.1219	14.2652
0.5365	-0.418879	20.37	19.0913	19.0287	19.1974
0.5365	-0.314159	26.2743	24.93	24.8733	25.0265
0.5365	-0.20944	33.2476	31.7659	31.7011	31.8748
0.5365	-0.10472	41.1982	39.7074	39.6349	39.8266
0.5365	-2.66454e-15	49.8569	48.5148	48.4616	48.6052
0.5365	0.10472	59.4769	58.0702	58.0133	58.1672
0.5365	0.20944	69.5668	68.4521	68.4056	68.5314
0.5365	0.314159	80.2493	79.1318	79.0839	79.2134
0.5365	0.418879	91.1257	90.3106	90.2736	90.3736
0.5365	0.523599	102.066	101.299	101.262	101.36
0.5365	0.628319	112.852	112.305	112.279	112.348
0.5365	0.733038	123.022	122.608	122.585	122.647
0.5365	0.837758	132.65	132.427	132.407	132.459
0.5365	0.942478	141.173	141.044	141.032	141.062
0.5365	1.0472	148.7	148.63	148.621	148.643
0.5365	1.15192	154.992	154.968	154.962	154.976
0.5365	1.25664	159.847	159.846	159.843	159.851
0.5365	1.36136	163.104	163.096	163.094	163.099
0.5365	1.46608	164.56	164.517	164.507	164.529
0.5365	1.5708	164.249	164.122	164.111	164.136
0.5365	1.67552	162.204	161.944	161.931	161.963
0.5365	1.78024	158.507	158.063	158.045	158.092
0.5365	1.88496	153.228	152.574	152.541	152.618
0.5365	1.98968	146.58	145.643	145.605	145.704
0.5365	2.0944	138.827	137.572	137.523	137.651
0.5365	2.19911	130.214	128.61	128.549	128.711
0.5365	2.30383	120.702	119.024	118.949	119.148
0.5365	2.40855	110.584	108.569	108.491	108.697
0.5365	2.51327	100.157	97.9861	97.8959	98.1367
0.5365	2.61799	89.533	87.183	87.0919	87.3367
0.5365	2.72271	79.14	76.6051	76.5022	76.7787
0.5365	2.82743	68.8513	66.3399	66.2385	66.5117
0.5365	2.93215	59.1658	56.5197	56.415	56.695
0.5365	3.03687	49.8647	47.4128	47.3152	47.5774
0.5365	3.14159	41.4736	38.9585	38.8582	39.128
0.545	-3.14159	43.0182	40.5641	40.4619	40.7379
0.545	-3.03687	35.4504	33.3044	33.2018	33.4803
0.545	-2.93215	28.7958	26.7297	26.6379	26.8853
0.545	-2.82743	23.0918	21.1287	21.0117	21.269
0.545	-2.72271	18.2363	16.4738	16.3833	16.608
0.545	-2.61799	14.0963	12.7061	12.6154	12.8195
0.545	-2.51327	10.804	9.58445	9.52972	9.68075
0.545	-2.40855	8.18433	7.19113	7.1464	7.26816
0.545	-2.30383	6.21412	5.43253	5.39776	5.4919
0.545	-2.19911	4.78683	4.1987	4.17205	4.24349
0.545	-2.0944	3.84437	3.37744	3.35827	3.40965
0.545	-1.98968	3.19322	2.86958	2.85699	2.89077
0.545	-1.88496	2.78761	2.5887	2.5815	2.60088
0.545	-1.78024	2.51706	2.44339	2.4361	2.45667
0.545	-1.67552	2.37131	2.3559	2.35143	2.36157
0.545	-1.5708	2.3509	2.35137	2.34905	2.35389
0.545	-1.46608	2.4385	2.4215	2.41969	2.42362
0.545	-1.36136	2.65566	2.5886	2.58564	2.59306
0.545	-1.25664	3.04692	2.89884	2.89311	2.90832
0.545	-1.15192	3.6735	3.40258	3.38975	3.42143
0.545	-1.0472	4.56031	4.16041	4.14359	4.18684
0.545	-0.942478	5.87048	5.31453	5.29238	5.35066
0.545	-0.837758	7.71323	6.98533	6.95675	7.03291
0.545	-0.733038	10.2025	9.29143	9.2555	9.35185
0.545	-0.628319	13.4509	12.3507	12.3067	12.425
0.545	-0.523599	17.5641	16.2742	16.2218	16.3629
0.545	-0.418879	22.5167	21.1455	21.0858	21.2433
0.545	-0.314159	28.3007	26.9937	26.9426	27.0797
0.545	-0.20944	35.1122	33.6702	33.6132	33.7665
0.545	-0.10472	42.9669	41.4088	41.3464	41.5144
0.545	-2.66454e-15	51.4766	50.1825	50.1293	50.2721
0.545	0.10472	60.8648	59.5151	59.4584	59.6089
0.545	0.20944	70.8723	69.696	69.6381	69.7942
0.545	0.314159	81.2293	80.1764	80.1361	80.2449
0.545	0.418879	91.9168	91.0411	91.0012	91.1088
0.545	0.523599	102.499	101.786	101.758	101.834
0.545	0.628319	113.038	112.461	112.436	112.505
0.545	0.733038	122.914	122.54	122.524	122.567
0.545	0.837758	132.306	132.011	131.998	132.032
0.545	0.942478	140.616	140.507	140.502	140.516
0.545	1.0472	147.872	147.816	147.813	147.821
0.545	1.15192	153.937	153.916	153.908	153.924
0.545	1.25664	158.531	158.531	158.526	158.537
0.545	1.36136	161.578	161.569	161.566	161.574
0.545	1.46608	162.982	163.121	162.925	162.934
0.545	1.5708	162.702	162.592	162.554	162.57
0.545	1.67552	160.714	160.453	160.439	160.474
0.545	1.78024	157.07	156.626	156.607	156.656
0.545	1.88496	151.973	151.299	151.273	151.341
0.545	1.98968	145.603	144.652	144.616	144.711
0.545	2.0944	138.167	136.921	136.855	136.983
0.545	2.19911	129.724	128.235	128.176	128.334
0.545	2.30383	120.35	118.695	118.633	118.8
0.545	2.40855	110.615	108.613	108.539	108.743
0.545	2.51327	100.376	98.3625	98.2835	98.4968
0.545	2.61799	90.0995	87.7984	87.7108	87.946
0.545	2.72271	79.7546	77.5242	77.4285	77.6716
0.545	2.82743	69.7608	67.3062	67.2099	67.4699
0.545	2.93215	60.2116	57.7822	57.6782	57.9594
0.545	3.03687	51.1813	48.7889	48.6903	48.9566
0.545	3.14159	43.0182	40.5641	40.4619	40.7379
0.5535	-3.14159	46.7843	44.4748	44.3652	44.7015
0.5535	-3.03687	39.357	37.3426	37.2469	37.5447
0.5535	-2.93215	32.8728	30.8795	30.7873	31.0422
0.5535	-2.82743	27.2213	25.3805	25.2947	25.5695
0.5535	-2.72271	22.3772	20.808	20.7263	20.9422
0.5535	-2.61799	18.304	17.0696	17.0046	17.1773
0.5535	-2.51327	15.0221	13.9642	13.9078	14.0569
0.5535	-2.40855	12.4488	11.5823	11.5362	11.6575
0.5535	-2.30383	10.4992	9.81854	9.78069	9.87971
0.5535	-2.19911	9.07978	8.56499	8.53524	8.61273
0.5535	-2.0944	8.20758	7.71938	7.69724	7.75456
0.5535	-1.98968	7.54613	7.18725	7.17191	7.21126
0.5535	-1.88496	7.01817	6.88619	6.87657	6.90087
0.5535	-1.78024	6.79251	6.74667	6.73207	6.75721
0.5535	-1.67552	6.66897	6.66246	6.65216	6.67439
0.5535	-1.5708	6.66591	6.66616	6.65869	6.6742
0.5535	-1.46608	6.78097	6.75554	6.74934	6.76229
0.5535	-1.36136	7.03459	6.95183	6.94533	6.9599
0.5535	-1.25664	7.46911	7.29906	7.29071	7.31102
0.5535	-1.15192	8.14709	7.86227	7.84984	7.88054
0.5535	-1.0472	9.09803	8.66267	8.64086	8.69382
0.5535	-0.942478	10.4499	9.85542	9.82935	9.8949
0.5535	-0.837758	12.324	11.5551	11.5237	11.6046
0.5535	-0.733038	14.8283	13.8745	13.8369	13.9354
0.5535	-0.628319	18.0697	16.9259	16.8814	16.9992
0.5535	-0.523599	22.1485	20.8144	20.7626	20.9007
0.5535	-0.418879	27.1194	25.6329	25.5982	25.7323
0.5535	-0.314159	32.8043	31.4507	31.3828	31.5605
0.5535	-0.20944	39.477	38.0193	37.9625	38.1127
0.5535	-0.10472	47.1513	45.5786	45.5173	45.6803
0.5535	-2.66454e-15	55.5043	54.1434	54.0782	54.2519
0.5535	0.10472	64.6037	63.2776	63.2249	63.3662
0.5535	0.20944	74.4444	73.1628	73.1085	73.2543
0.5535	0.314159	84.5051	83.4423	83.4003	83.5134
0.5535	0.418879	94.9959	93.9787	93.9374	94.0487
0.5535	0.523599	105.255	104.532	104.502	104.582
0.5535	0.628319	115.502	114.842	114.815	114.888
0.5535	0.733038	125.112	124.722	124.705	124.752
0.5535	0.837758	134.145	133.831	133.818	133.855
0.5535	0.942478	142.287	142.17	142.164	142.18
0.5535	1.0472	149.234	149.172	149.169	149.177
0.5535	1.15192	155.023	155.003	155.001	155.005
0.5535	1.25664	159.469	159.468	159.468	159.469
0.5535	1.36136	162.426	162.416	162.416	162.417
0.5535	1.46608	163.743	163.697	163.694	163.702
0.5535	1.5708	163.389	163.261	163.255	163.269
0.5535	1.67552	161.432	161.174	161.165	161.191
0.5535	1.78024	157.949	157.514	157.498	157.542
0.5535	1.88496	153.044	152.395	152.371	152.451
0.5535	1.98968	146.829	145.907	145.894	146.091
0.5535	2.0944	139.593	138.385	138.341	138.461
0.5535	2.19911	131.321	130.01	129.96	130.116
0.5535	2.30383	122.294	120.697	120.634	120.804
0.5535	2.40855	112.786	110.979	110.902	111.104
0.5535	2.51327	102.716	100.772	100.885	100.943
0.5535	2.61799	92.7135	90.5129	90.4768	90.7053
0.5535	2.72271	82.6219	80.4603	80.4273	80.6093
0.5535	2.82743	72.883	70.558	70.4625	70.7765
0.5535	2.93215	63.5119	61.3683	61.2116	61.5022
0.5535	3.03687	54.729	52.4836	52.3802	52.6591
0.5535	3.14159	46.8031	44.4722	44.3694	44.7015
0.562	-3.14159	53.8296	51.8659	51.8649	52.0416
0.562	-3.03687	46.5519	44.8266	44.7348	44.9727
0.562	-2.93215	40.1751	38.4883	38.3931	38.6443
0.562	-2.82743	34.6957	33.0907	32.9955	33.2307
0.562	-2.72271	29.9531	28.5768	28.4958	28.7119
0.562	-2.61799	25.9345	24.8951	24.8267	25.006
0.562	-2.51327	22.6949	21.8119	21.7505	21.9065
0.562	-2.40855	20.1521	19.4295	19.3759	19.5113
0.562	-2.30383	18.2173	17.6496	17.604	17.718
0.562	-2.19911	16.7935	16.3718	16.3344	16.4271
0.562	-2.0944	15.7883	15.4989	15.4692	15.5417
0.562	-1.98968	15.1178	14.9409	14.9181	14.9724
0.562	-1.88496	14.7081	14.6191	14.6024	14.641
0.562	-1.78024	14.4895	14.4683	14.4419	14.4844
0.562	-1.67552	14.3797	14.3826	14.3611	14.4065
0.562	-1.5708	14.4009	14.3965	14.3784	14.4158
0.562	-1.46608	14.551	14.5077	14.4917	14.5248
0.562	-1.36136	14.8495	14.7364	14.721	14.7539
0.562	-1.25664	15.3365	15.1246	15.1083	15.1449
0.562	-1.15192	16.0713	15.7341	15.71	15.7596
0.562	-1.0472	17.0767	16.5837	16.5509	16.6263
0.562	-0.942478	18.482	17.8221	17.7861	17.8717
0.562	-0.837758	20.4001	19.5589	19.5187	19.6172
0.562	-0.733038	22.9337	21.9017	21.8564	21.97
0.562	-0.628319	26.184	24.9567	24.9057	25.0361
0.562	-0.523599	30.2457	28.824	28.7667	28.915
0.562	-0.418879	35.1056	33.5911	33.5274	33.6938
0.562	-0.314159	40.7097	39.2988	39.2223	39.4163
0.562	-0.20944	47.2638	45.7942	45.7315	45.892
0.562	-0.10472	54.7788	53.1957	53.1294	53.3007
0.562	-2.66454e-15	62.979	61.5614	61.4919	61.6723
0.562	0.10472	71.8784	70.4649	70.4099	70.5539
0.562	0.20944	81.419	80.0806	80.0245	80.1718
0.562	0.314159	91.1866	90.0711	90.0237	90.1476
0.562	0.418879	101.375	100.293	100.252	100.361
0.562	0.523599	111.241	110.541	110.477	110.589
0.562	0.628319	121.171	120.508	120.482	120.552
0.562	0.733038	130.514	130.099	130.083	130.125
0.562	0.837758	139.219	138.881	138.868	138.902
0.562	0.942478	147.115	146.948	146.938	146.964
0.562	1.0472	153.78	153.669	153.697	153.705
0.562	1.15192	159.284	159.308	159.553	159.31
0.562	1.25664	163.622	163.628	163.618	163.57
0.562	1.36136	166.459	166.458	166.396	166.458
0.562	1.46608	167.582	167.609	167.608	167.611
0.562	1.5708	167.597	167.098	167.161	167.172
0.562	1.67552	165.381	165.149	165.067	165.17
0.562	1.78024	162.005	161.556	161.537	161.674
0.562	1.88496	157.244	156.641	156.605	156.698
0.562	1.98968	151.129	150.311	150.281	150.363
0.562	2.0944	144.143	143.021	143.063	143.17
0.562	2.19911	136.076	134.975	134.834	135.06
0.562	2.30383	127.42	125.854	125.876	126.066
0.562	2.40855	118.038	116.556	116.484	116.665
0.562	2.51327	108.358	106.663	106.596	106.776
0.562	2.61799	98.6032	96.7151	96.6361	96.8506
0.562	2.72271	88.8236	86.9302	86.8496	86.9752
0.562	2.82743	79.4023	77.3058	77.1236	77.3687
0.562	2.93215	70.2734	68.2659	68.1246	68.3935
0.562	3.03687	61.7056	59.6019	59.508	59.7644
0.562	3.14159	53.8347	51.7816	51.6965	52.0382
0.5705	-3.14159	65.2432	63.409	63.3059	63.5749
0.5705	-3.03687	58.1117	56.6222	56.5176	56.7901
0.5705	-2.93215	51.8454	50.4364	50.3377	50.5892
0.5705	-2.82743	46.4495	45.1187	45.0225	45.2651
0.5705	-2.72271	41.8855	40.6659	40.5741	40.8047
0.5705	-2.61799	37.9257	37.0214	36.9355	37.1501
0.5705	-2.51327	34.7216	34.0122	33.9362	34.1207
0.5705	-2.40855	32.1956	31.6216	31.5531	31.7177
0.5705	-2.30383	30.2617	29.8222	29.7616	29.9054
0.5705	-2.19911	28.8318	28.5187	28.4661	28.589
0.5705	-2.0944	27.8197	27.6184	27.5736	27.6763
0.5705	-1.98968	27.1453	27.0355	26.9979	27.0822
0.5705	-1.88496	26.738	26.695	26.6639	26.732
0.5705	-1.78024	26.4975	26.4993	26.4531	26.551
0.5705	-1.67552	26.4091	26.4158	26.375	26.4601
0.5705	-1.5708	26.4634	26.4441	26.4075	26.4832
0.5705	-1.46608	26.6583	26.5819	26.5481	26.6181
0.5705	-1.36136	27.0117	26.8483	26.816	26.884
0.5705	-1.25664	27.5617	27.2832	27.2509	27.3207
0.5705	-1.15192	28.3369	27.9153	27.864	27.9748
0.5705	-1.0472	29.3974	28.8141	28.7618	28.8775
0.5705	-0.942478	30.8685	30.106	30.0515	30.1752
0.5705	-0.837758	32.844	31.8889	31.8313	31.9656
0.5705	-0.733038	35.4211	34.2648	34.2033	34.3503
0.5705	-0.628319	38.6956	37.3349	37.2687	37.4301
0.5705	-0.523599	42.7567	41.1936	41.1222	41.2991
0.5705	-0.418879	47.4369	45.9028	45.8128	46.0296
0.5705	-0.314159	52.9801	51.4655	51.3912	51.5715
0.5705	-0.20944	59.4371	57.7828	57.7053	57.8956
0.5705	-0.10472	66.7961	65.0424	64.9619	65.1613
0.5705	-2.66454e-15	74.6875	73.2264	73.1435	73.3504
0.5705	0.10472	83.3757	81.9656	81.9002	82.0641
0.5705	0.20944	92.7093	91.3355	91.2694	91.4357
0.5705	0.314159	102.208	101.01	100.96	101.086
0.5705	0.418879	112.025	110.928	110.879	111.003
0.5705	0.523599	121.642	120.711	120.767	120.87
0.5705	0.628319	131.244	130.397	130.447	130.528
0.5705	0.733038	140.185	139.737	139.58	139.652
0.5705	0.837758	148.602	148.151	148.138	148.24
0.5705	0.942478	156.145	155.995	155.98	156.016
0.5705	1.0472	162.606	162.497	162.489	162.506
0.5705	1.15192	167.925	167.871	167.864	167.883
0.5705	1.25664	171.883	171.982	171.973	171.991
0.5705	1.36136	174.701	174.7	174.691	174.726
0.5705	1.46608	175.863	175.783	175.847	175.853
0.5705	1.5708	175.452	175.391	175.385	175.399
0.5705	1.67552	173.568	173.259	173.401	173.427
0.5705	1.78024	170.13	170.119	169.834	169.859
0.5705	1.88496	165.682	165.202	165.168	165.118
0.5705	1.98968	159.673	159.153	159.053	159.2
0.5705	2.0944	152.94	152.084	152.044	152.152
0.5705	2.19911	145.17	144.05	144.012	144.285
0.5705	2.30383	136.55	135.285	135.383	135.556
0.5705	2.40855	127.68	126.33	126.086	126.467
0.5705	2.51327	118.148	116.736	116.767	116.896
0.5705	2.61799	108.799	107.15	107.029	107.309
0.5705	2.72271	99.1719	97.702	97.6189	97.8372
0.5705	2.82743	90.1407	88.3319	88.2394	88.4865
0.5705	2.93215	81.3061	79.5172	79.4236	79.6703
0.5705	3.03687	72.9299	71.0553	70.9559	71.219
0.5705	3.14159	65.1792	63.409	63.3059	63.5749
0.579	-3.14159	81.503	80.0488	79.9293	80.2257
0.579	-3.03687	74.7087	73.3851	73.2636	73.5645
0.579	-2.93215	68.5525	67.4191	67.3003	67.5883
0.579	-2.82743	63.2375	62.1697	62.0529	62.335
0.579	-2.72271	58.7344	57.7593	57.6463	57.9176
0.579	-2.61799	54.9737	54.1346	54.0271	54.2837
0.579	-2.51327	51.7903	51.2283	51.1275	51.366
0.579	-2.40855	49.2731	48.8566	48.7629	48.9777
0.579	-2.30383	47.3404	47.037	46.951	47.1456
0.579	-2.19911	45.9085	45.7085	45.6304	45.8047
0.579	-2.0944	44.8951	44.783	44.7127	44.8671
0.579	-1.98968	44.21	44.1748	44.0833	44.2515
0.579	-1.88496	43.7607	43.7647	43.6809	43.8582
0.579	-1.78024	43.527	43.5422	43.4654	43.6262
0.579	-1.67552	43.4698	43.4665	43.3956	43.5428
0.579	-1.5708	43.5676	43.5152	43.4492	43.5858
0.579	-1.46608	43.8179	43.6861	43.6236	43.7531
0.579	-1.36136	44.2375	43.997	43.9303	44.0627
0.579	-1.25664	44.8122	44.4389	44.3545	44.5315
0.579	-1.15192	45.6272	45.0949	45.0118	45.1886
0.579	-1.0472	46.7691	46.0575	45.9744	46.1542
0.579	-0.942478	48.3188	47.4114	47.3272	47.5127
0.579	-0.837758	50.3649	49.2495	49.1632	49.3571
0.579	-0.733038	52.9994	51.6686	51.5794	51.7839
0.579	-0.628319	56.2846	54.7557	54.6412	54.8883
0.579	-0.523599	60.1446	58.569	58.4518	58.7204
0.579	-0.418879	64.7964	63.2299	63.1096	63.389
0.579	-0.314159	70.2958	68.6056	68.5047	68.7397
0.579	-0.20944	76.6737	74.837	74.7336	74.9769
0.579	-0.10472	83.758	81.9741	81.8686	82.1193
0.579	-2.66454e-15	91.4996	89.8663	89.78	89.985
0.579	0.10472	99.9998	98.3063	98.2192	98.4274
0.579	0.20944	108.792	107.446	107.358	107.568
0.579	0.314159	118.098	116.907	116.823	117.015
0.579	0.418879	127.637	126.558	126.475	126.664
0.579	0.523599	136.969	136.035	135.971	136.116
0.579	0.628319	146.21	145.413	145.35	145.49
0.579	0.733038	154.822	154.275	154.227	154.331
0.579	0.837758	162.977	162.31	162.469	162.359
0.579	0.942478	169.955	169.858	169.815	169.815
0.579	1.0472	176.418	176.064	176.248	176.106
0.579	1.15192	181.363	181.438	181.273	181.364
0.579	1.25664	185.408	185.374	185.353	185.394
0.579	1.36136	187.947	187.969	187.921	187.682
0.579	1.46608	188.77	189.007	188.735	188.798
0.579	1.5708	188.682	188.634	188.637	188.672
0.579	1.67552	186.704	186.558	186.502	186.733
0.579	1.78024	183.575	183.344	183.27	183.414
0.579	1.88496	178.752	178.342	178.553	178.445
0.579	1.98968	173.456	172.535	172.481	172.866
0.579	2.0944	166.645	165.762	165.938	165.873
0.579	2.19911	159.192	158.247	158.14	158.39
0.579	2.30383	151.004	149.914	149.796	150.077
0.579	2.40855	142.386	141.001	140.914	141.136
0.579	2.51327	133.256	131.667	131.57	131.918
0.579	2.61799	123.926	122.32	122.201	122.5
0.579	2.72271	114.794	113.22	113.091	113.423
0.579	2.82743	105.852	104.164	104.059	104.323
0.579	2.93215	97.1431	95.606	95.493	95.7783
0.579	3.03687	89.2448	87.5402	87.4249	87.711
0.579	3.14159	81.503	80.0488	79.9293	80.2257
