#x	y	new0_fix	12_	12a	12b
0.0178175	-3.14159	79.0646	78.8183	78.8063	78.8381
0.0178175	-3.03687	67.9519	67.6395	67.6231	67.6648
0.0178175	-2.93215	58.1221	57.8315	57.8165	57.8549
0.0178175	-2.82743	49.7293	49.4779	49.4649	49.4981
0.0178175	-2.72271	42.712	42.5123	42.5018	42.5285
0.0178175	-2.61799	36.9781	36.8362	36.8284	36.848
0.0178175	-2.51327	32.4113	32.326	32.3207	32.3336
0.0178175	-2.40855	28.8783	28.8409	28.8374	28.8453
0.0178175	-2.30383	26.237	26.23	26.2273	26.2329
0.0178175	-2.19911	24.3106	24.3084	24.3083	24.3085
0.0178175	-2.0944	22.9607	22.9307	22.9294	22.9329
0.0178175	-1.98968	22.0767	21.9832	21.9787	21.997
0.0178175	-1.88496	21.5484	21.3453	21.3201	21.3457
0.0178175	-1.78024	21.2591	20.8914	20.8778	20.9194
0.0178175	-1.67552	21.1454	20.6183	20.5918	20.6365
0.0178175	-1.5708	21.1698	20.3916	20.3594	20.4499
0.0178175	-1.46608	21.3341	20.2339	20.1619	20.3054
0.0178175	-1.36136	21.517	20.1504	20.1007	20.2676
0.0178175	-1.25664	21.9976	20.3005	20.2211	20.4332
0.0178175	-1.15192	22.7916	20.7294	20.6312	20.8933
0.0178175	-1.0472	24.0367	21.5807	21.4565	21.7806
0.0178175	-0.942478	25.7969	22.9242	22.7929	23.1429
0.0178175	-0.837758	28.2716	24.9811	24.8211	25.234
0.0178175	-0.733038	31.6115	27.9329	27.7602	28.2191
0.0178175	-0.628319	36.1701	31.9339	31.7427	32.2591
0.0178175	-0.523599	41.6492	37.17	36.9556	37.5269
0.0178175	-0.418879	48.609	43.7711	43.5368	44.1616
0.0178175	-0.314159	56.9448	51.8163	51.5753	52.2165
0.0178175	-0.20944	66.8087	61.3995	61.143	61.8255
0.0178175	-0.10472	78.2267	72.581	72.3111	73.0293
0.0178175	-2.66454e-15	91.1763	85.3463	85.0654	85.8125
0.0178175	0.10472	105.34	99.3244	99.0392	99.7964
0.0178175	0.20944	120.621	114.554	114.265	115.033
0.0178175	0.314159	136.959	130.909	130.619	131.389
0.0178175	0.418879	154.088	148.127	147.84	148.602
0.0178175	0.523599	171.682	165.883	165.603	166.347
0.0178175	0.628319	189.363	183.796	183.526	184.244
0.0178175	0.733038	206.706	201.331	201.074	201.752
0.0178175	0.837758	222.747	217.709	217.468	218.103
0.0178175	0.942478	237.533	232.846	232.619	233.22
0.0178175	1.0472	250.5	246.316	246.111	246.653
0.0178175	1.15192	261.415	257.716	257.535	258.015
0.0178175	1.25664	269.879	266.679	266.522	266.937
0.0178175	1.36136	275.558	272.909	272.719	273.084
0.0178175	1.46608	278.23	276.016	276.094	276.201
0.0178175	1.5708	277.894	276.135	276.047	276.282
0.0178175	1.67552	274.57	273.226	273.159	273.337
0.0178175	1.78024	268.386	267.294	267.241	267.486
0.0178175	1.88496	259.32	258.66	258.624	258.719
0.0178175	1.98968	248.059	247.645	247.623	247.681
0.0178175	2.0944	234.847	234.618	234.606	234.637
0.0178175	2.19911	220.048	219.951	219.943	219.964
0.0178175	2.30383	204.122	204.096	204.093	204.101
0.0178175	2.40855	187.409	187.41	187.481	187.492
0.0178175	2.51327	170.045	170.032	170.282	170.037
0.0178175	2.61799	152.823	152.773	152.768	152.779
0.0178175	2.72271	136.089	135.99	135.984	135.999
0.0178175	2.82743	120.138	120.177	119.979	120
0.0178175	2.93215	105.207	105.011	105.179	105.027
0.0178175	3.03687	91.475	91.2456	91.2343	91.264
0.0178175	3.14159	79.0646	78.8183	78.8063	78.8381
0.0184709	-3.14159	69.4485	68.9482	68.9226	68.988
0.0184709	-3.03687	58.7559	58.2579	58.2329	58.297
0.0184709	-2.93215	49.451	48.9807	48.9573	49.0174
0.0184709	-2.82743	41.5105	41.0903	41.0694	41.123
0.0184709	-2.72271	34.8756	34.5228	34.5051	34.5503
0.0184709	-2.61799	29.4439	29.1837	29.1696	29.2053
0.0184709	-2.51327	25.1053	24.9264	24.9176	24.9411
0.0184709	-2.40855	21.7427	21.6358	21.6305	21.6445
0.0184709	-2.30383	19.2193	19.1709	19.1686	19.1748
0.0184709	-2.19911	17.3954	17.3847	17.3841	17.3855
0.0184709	-2.0944	16.1355	16.1352	16.135	16.1353
0.0184709	-1.98968	15.3113	15.288	15.2866	15.2903
0.0184709	-1.88496	14.8131	14.7297	14.725	14.7374
0.0184709	-1.78024	14.5513	14.3711	14.3609	14.3878
0.0184709	-1.67552	14.4535	14.1045	14.0899	14.1291
0.0184709	-1.5708	14.4177	13.894	13.8755	13.9354
0.0184709	-1.46608	14.5152	13.7664	13.733	13.8225
0.0184709	-1.36136	14.7468	13.7532	13.7072	13.8304
0.0184709	-1.25664	15.2264	13.9221	13.8558	14.0235
0.0184709	-1.15192	15.9902	14.365	14.2879	14.4849
0.0184709	-1.0472	17.0933	15.1136	15.026	15.2655
0.0184709	-0.942478	18.7252	16.4009	16.2931	16.5758
0.0184709	-0.837758	21.0693	18.3722	18.2497	18.5898
0.0184709	-0.733038	24.2587	21.1935	21.0525	21.4294
0.0184709	-0.628319	28.4466	25.0221	24.8624	25.2892
0.0184709	-0.523599	33.7492	30.0042	29.8312	30.2861
0.0184709	-0.418879	40.2899	36.2229	36.0373	36.5321
0.0184709	-0.314159	48.2092	43.8469	43.6461	44.1816
0.0184709	-0.20944	57.5789	52.9519	52.7373	53.3098
0.0184709	-0.10472	68.5157	63.5725	63.3458	63.9504
0.0184709	-2.66454e-15	80.7243	75.6946	75.458	76.0887
0.0184709	0.10472	94.3767	89.2001	88.9608	89.5985
0.0184709	0.20944	108.883	103.65	103.407	104.053
0.0184709	0.314159	124.389	119.164	118.92	119.57
0.0184709	0.418879	140.644	135.495	135.252	135.898
0.0184709	0.523599	157.339	152.334	152.097	152.729
0.0184709	0.628319	174.111	169.317	169.089	169.698
0.0184709	0.733038	190.558	186.037	185.82	186.398
0.0184709	0.837758	205.984	201.682	201.481	202.013
0.0184709	0.942478	219.988	216.059	215.875	216.362
0.0184709	1.0472	232.338	228.813	228.643	229.095
0.0184709	1.15192	242.659	239.572	239.424	239.819
0.0184709	1.25664	250.651	248.012	247.885	248.222
0.0184709	1.36136	256.049	253.854	253.748	254.027
0.0184709	1.46608	258.586	256.826	256.736	256.974
0.0184709	1.5708	258.443	256.861	256.792	256.974
0.0184709	1.67552	255.024	254.021	253.971	254.104
0.0184709	1.78024	249.114	248.42	248.386	248.477
0.0184709	1.88496	240.592	240.159	240.134	240.2
0.0184709	1.98968	229.873	229.632	229.619	229.655
0.0184709	2.0944	217.31	217.203	217.197	217.213
0.0184709	2.19911	203.294	203.264	203.263	203.267
0.0184709	2.30383	188.234	188.233	188.233	188.233
0.0184709	2.40855	172.237	172.204	172.196	172.214
0.0184709	2.51327	155.738	155.687	155.678	155.699
0.0184709	2.61799	139.401	139.296	139.285	139.273
0.0184709	2.72271	123.533	123.448	123.355	123.391
0.0184709	2.82743	108.412	108.195	108.178	108.144
0.0184709	2.93215	94.263	93.9108	93.8936	93.9383
0.0184709	3.03687	81.2545	80.8587	80.8397	80.8895
0.0184709	3.14159	69.4485	68.9482	68.9226	68.988
0.0191243	-3.14159	61.2758	60.6326	60.5996	60.6805
0.0191243	-3.03687	51.1385	50.4938	50.4649	50.5417
0.0191243	-2.93215	42.3179	41.7016	41.6741	41.7474
0.0191243	-2.82743	34.7902	34.1866	34.1587	34.2331
0.0191243	-2.72271	28.482	27.9668	27.9427	28.0069
0.0191243	-2.61799	23.3348	22.9136	22.894	22.9462
0.0191243	-2.51327	19.2344	18.9137	18.8988	18.9384
0.0191243	-2.40855	16.0602	15.838	15.8279	15.8549
0.0191243	-2.30383	13.682	13.5486	13.5425	13.5585
0.0191243	-2.19911	11.9673	11.9049	11.902	11.9095
0.0191243	-2.0944	10.7866	10.7707	10.7696	10.7721
0.0191243	-1.98968	10.02	10.0201	10.0193	10.0209
0.0191243	-1.88496	9.56376	9.54053	9.53913	9.54251
0.0191243	-1.78024	9.26545	9.18068	9.17709	9.18662
0.0191243	-1.67552	9.12203	8.93958	8.93176	8.95267
0.0191243	-1.5708	9.10242	8.78074	8.76661	8.80446
0.0191243	-1.46608	9.21103	8.70406	8.68158	8.74185
0.0191243	-1.36136	9.45777	8.73765	8.70479	8.79279
0.0191243	-1.25664	9.89732	8.92014	8.87853	8.98926
0.0191243	-1.15192	10.549	9.301	9.24738	9.39071
0.0191243	-1.0472	11.5932	10.0526	9.98542	10.1652
0.0191243	-0.942478	13.1573	11.3078	11.2258	11.4453
0.0191243	-0.837758	15.3826	13.2118	13.1142	13.3757
0.0191243	-0.733038	18.4085	15.9176	15.8037	16.1089
0.0191243	-0.628319	22.3499	19.5455	19.4223	19.751
0.0191243	-0.523599	27.3533	24.2398	24.1019	24.4704
0.0191243	-0.418879	33.5732	30.1629	30.0106	30.4177
0.0191243	-0.314159	41.1052	37.4183	37.2524	37.6958
0.0191243	-0.20944	50.0135	46.0778	45.8995	46.376
0.0191243	-0.10472	60.3233	56.174	55.9849	56.4903
0.0191243	-2.66454e-15	72.0142	67.6948	67.496	68.0283
0.0191243	0.10472	85.0141	80.5778	80.3708	80.9247
0.0191243	0.20944	98.968	94.4814	94.2769	94.8233
0.0191243	0.314159	113.693	109.212	109.006	109.556
0.0191243	0.418879	129.125	124.713	124.508	125.055
0.0191243	0.523599	144.972	140.69	140.49	141.024
0.0191243	0.628319	160.888	156.798	156.605	157.119
0.0191243	0.733038	176.491	172.648	172.466	172.952
0.0191243	0.837758	191.339	187.702	187.536	187.978
0.0191243	0.942478	204.605	201.306	201.154	201.556
0.0191243	1.0472	216.356	213.425	213.289	213.647
0.0191243	1.15192	226.139	223.599	223.478	223.8
0.0191243	1.25664	233.686	231.545	231.443	231.714
0.0191243	1.36136	238.768	237.02	236.937	237.157
0.0191243	1.46608	241.217	239.842	239.777	239.949
0.0191243	1.5708	240.843	239.823	239.771	239.909
0.0191243	1.67552	237.766	237.048	237.012	237.109
0.0191243	1.78024	232.119	231.654	231.631	231.692
0.0191243	1.88496	224.105	223.838	223.826	223.86
0.0191243	1.98968	213.904	213.788	213.779	213.801
0.0191243	2.0944	201.954	201.921	201.918	201.926
0.0191243	2.19911	188.63	188.63	188.629	188.631
0.0191243	2.30383	174.273	174.243	174.239	174.248
0.0191243	2.40855	158.906	158.809	158.804	158.818
0.0191243	2.51327	143.339	143.127	143.118	143.142
0.0191243	2.61799	127.863	127.562	127.548	127.585
0.0191243	2.72271	112.828	112.438	112.419	112.469
0.0191243	2.82743	98.4975	98.0287	98.0049	98.0685
0.0191243	2.93215	85.0855	84.5568	84.5286	84.6055
0.0191243	3.03687	72.7144	72.0986	72.0636	72.149
0.0191243	3.14159	61.2758	60.6326	60.5996	60.6805
0.0197777	-3.14159	54.6275	53.7332	53.6938	53.7984
0.0197777	-3.03687	45.0137	44.1181	44.0788	44.1832
0.0197777	-2.93215	36.6497	35.7559	35.7153	35.8235
0.0197777	-2.82743	29.5126	28.6821	28.6447	28.7444
0.0197777	-2.72271	23.5405	22.8075	22.7745	22.8625
0.0197777	-2.61799	18.6659	18.0451	18.0174	18.0914
0.0197777	-2.51327	14.7851	14.2868	14.2646	14.3236
0.0197777	-2.40855	11.7835	11.4092	11.3927	11.4365
0.0197777	-2.30383	9.53762	9.28074	9.26949	9.29928
0.0197777	-2.19911	7.92174	7.76762	7.76075	7.77867
0.0197777	-2.0944	6.80605	6.73994	6.73628	6.74546
0.0197777	-1.98968	6.0398	6.02438	6.02289	6.02661
0.0197777	-1.88496	5.56104	5.56107	5.56081	5.56136
0.0197777	-1.78024	5.28886	5.26893	5.26811	5.27027
0.0197777	-1.67552	5.16541	5.08827	5.08496	5.09386
0.0197777	-1.5708	5.15916	4.98689	4.9791	5.00001
0.0197777	-1.46608	5.26752	4.96199	4.94771	4.98591
0.0197777	-1.36136	5.48379	4.99765	4.97725	5.0313
0.0197777	-1.25664	5.8427	5.1575	5.12869	5.20564
0.0197777	-1.15192	6.47178	5.56031	5.52147	5.62558
0.0197777	-1.0472	7.47528	6.31334	6.26302	6.39808
0.0197777	-0.942478	8.96895	7.5424	7.47937	7.64854
0.0197777	-0.837758	11.0908	9.38611	9.30941	9.51515
0.0197777	-0.733038	13.9262	11.9313	11.8461	12.0639
0.0197777	-0.628319	17.6546	15.3726	15.2746	15.5369
0.0197777	-0.523599	22.4234	19.8575	19.7466	20.0438
0.0197777	-0.418879	28.3472	25.5072	25.3836	25.7148
0.0197777	-0.314159	35.5173	32.4204	32.2843	32.6497
0.0197777	-0.20944	43.9948	40.6685	40.5199	40.9185
0.0197777	-0.10472	53.8804	50.2825	50.1231	50.5509
0.0197777	-2.66454e-15	64.9232	61.2501	61.0712	61.5341
0.0197777	0.10472	77.2853	73.4607	73.2761	73.7659
0.0197777	0.20944	90.748	86.8507	86.6745	87.1512
0.0197777	0.314159	104.736	100.932	100.759	101.222
0.0197777	0.418879	119.395	115.651	115.479	115.939
0.0197777	0.523599	134.442	130.816	130.648	131.097
0.0197777	0.628319	149.551	146.093	145.929	146.367
0.0197777	0.733038	164.358	161.114	160.959	161.373
0.0197777	0.837758	178.472	175.492	175.349	175.731
0.0197777	0.942478	191.233	188.498	188.375	188.702
0.0197777	1.0472	202.36	199.954	199.845	200.134
0.0197777	1.15192	211.694	209.633	209.54	209.787
0.0197777	1.25664	218.825	217.123	217.042	217.257
0.0197777	1.36136	223.61	222.251	222.187	222.358
0.0197777	1.46608	225.894	224.857	224.809	224.938
0.0197777	1.5708	225.599	224.859	224.824	224.916
0.0197777	1.67552	222.636	222.151	222.126	222.194
0.0197777	1.78024	217.235	216.952	216.937	216.977
0.0197777	1.88496	209.592	209.456	209.449	209.467
0.0197777	1.98968	199.968	199.925	199.923	199.928
0.0197777	2.0944	188.623	188.622	188.62	188.625
0.0197777	2.19911	175.953	175.94	175.938	175.942
0.0197777	2.30383	162.083	162.16	162.156	161.996
0.0197777	2.40855	147.477	147.277	147.266	147.293
0.0197777	2.51327	132.665	132.34	132.325	132.365
0.0197777	2.61799	117.982	117.524	117.503	117.558
0.0197777	2.72271	103.724	103.135	103.109	103.179
0.0197777	2.82743	90.1549	89.4345	89.4024	89.4881
0.0197777	2.93215	77.433	76.6319	76.5951	76.6935
0.0197777	3.03687	65.477	64.6265	64.5868	64.6827
0.0197777	3.14159	54.6275	53.7332	53.6938	53.7984
0.0204311	-3.14159	49.4579	48.2336	48.1786	48.3247
0.0204311	-3.03687	40.3341	39.1131	39.0583	39.2043
0.0204311	-2.93215	32.3966	31.2198	31.1669	31.308
0.0204311	-2.82743	25.6233	24.5288	24.4793	24.613
0.0204311	-2.72271	19.9617	18.9801	18.9384	19.0514
0.0204311	-2.61799	15.3396	14.4876	14.4507	14.5491
0.0204311	-2.51327	11.6614	10.9527	10.9222	11.0034
0.0204311	-2.40855	8.77441	8.22145	8.19745	8.26182
0.0204311	-2.30383	6.61615	6.21094	6.19354	6.24022
0.0204311	-2.19911	5.06314	4.79294	4.7815	4.81215
0.0204311	-2.0944	3.99451	3.83856	3.83206	3.84941
0.0204311	-1.98968	3.27966	3.20907	3.20554	3.21494
0.0204311	-1.88496	2.83503	2.81651	2.8156	2.81804
0.0204311	-1.78024	2.58744	2.58743	2.58743	2.58744
0.0204311	-1.67552	2.48199	2.4648	2.46386	2.46633
0.0204311	-1.5708	2.48857	2.40469	2.40122	2.41047
0.0204311	-1.46608	2.51131	2.33988	2.33259	2.35171
0.0204311	-1.36136	2.65655	2.35715	2.34428	2.37888
0.0204311	-1.25664	2.9778	2.51889	2.49849	2.55326
0.0204311	-1.15192	3.55454	2.90808	2.87852	2.95778
0.0204311	-1.0472	4.48899	3.63356	3.59086	3.69843
0.0204311	-0.942478	5.87793	4.77129	4.72154	4.85523
0.0204311	-0.837758	7.83412	6.5015	6.43896	6.57195
0.0204311	-0.733038	10.5446	8.924	8.85471	9.04071
0.0204311	-0.628319	14.1478	12.2594	12.1779	12.3969
0.0204311	-0.523599	18.775	16.6189	16.5243	16.7786
0.0204311	-0.418879	24.5101	22.0982	21.9918	22.2783
0.0204311	-0.314159	31.3432	28.7743	28.6613	28.965
0.0204311	-0.20944	39.4182	36.6447	36.5207	36.8535
0.0204311	-0.10472	48.7572	45.7708	45.6372	45.9964
0.0204311	-2.66454e-15	59.3411	56.1773	56.0346	56.4183
0.0204311	0.10472	71.1096	67.8045	67.6545	68.058
0.0204311	0.20944	83.8494	80.5396	80.3842	80.8018
0.0204311	0.314159	97.3313	94.1688	94.0244	94.4116
0.0204311	0.418879	111.263	108.138	107.995	108.38
0.0204311	0.523599	125.626	122.526	122.385	122.763
0.0204311	0.628319	139.974	137.019	136.884	137.246
0.0204311	0.733038	154.029	151.269	151.142	151.482
0.0204311	0.837758	167.421	164.899	164.783	165.094
0.0204311	0.942478	179.735	177.502	177.403	177.667
0.0204311	1.0472	190.274	188.333	188.246	188.476
0.0204311	1.15192	199.106	197.469	197.396	197.59
0.0204311	1.25664	205.928	204.606	204.543	204.71
0.0204311	1.36136	210.433	209.407	209.358	209.488
0.0204311	1.46608	212.561	211.809	211.773	211.868
0.0204311	1.5708	212.246	211.735	211.711	211.774
0.0204311	1.67552	209.489	209.189	209.171	209.218
0.0204311	1.78024	204.322	204.173	204.163	204.188
0.0204311	1.88496	197.028	196.978	196.974	196.983
0.0204311	1.98968	187.859	187.854	187.854	187.855
0.0204311	2.0944	177.115	177.106	177.106	177.107
0.0204311	2.19911	165.053	164.988	164.963	164.987
0.0204311	2.30383	151.714	151.514	151.554	151.533
0.0204311	2.40855	137.826	137.489	137.472	137.515
0.0204311	2.51327	123.747	123.255	123.233	123.292
0.0204311	2.61799	109.795	109.144	109.115	109.192
0.0204311	2.72271	96.2516	95.4474	95.412	95.5061
0.0204311	2.82743	83.3528	82.4126	82.3713	82.4815
0.0204311	2.93215	71.1566	70.0796	70.0317	70.1601
0.0204311	3.03687	59.7552	58.6048	58.5546	58.6876
0.0204311	3.14159	49.4579	48.2336	48.1786	48.3247
0.0210845	-3.14159	45.6328	44.1028	44.0368	44.2144
0.0210845	-3.03687	36.9718	35.455	35.388	35.5681
0.0210845	-2.93215	29.4449	27.9727	27.9069	28.082
0.0210845	-2.82743	22.98	21.5935	21.5357	21.6935
0.0210845	-2.72271	17.4934	16.2286	16.1743	16.3198
0.0210845	-2.61799	13.0204	11.9047	11.8569	11.985
0.0210845	-2.51327	9.46547	8.51686	8.47645	8.58488
0.0210845	-2.40855	6.71978	5.9471	5.91442	6.00214
0.0210845	-2.30383	4.66733	4.0698	4.04478	4.11193
0.0210845	-2.19911	3.19012	2.75789	2.74003	2.78793
0.0210845	-2.0944	2.17364	1.88859	1.87697	1.90804
0.0210845	-1.98968	1.51032	1.34061	1.33354	1.35227
0.0210845	-1.88496	1.10489	1.02543	1.02186	1.03098
0.0210845	-1.78024	0.883914	0.861896	0.860124	0.864169
0.0210845	-1.67552	0.736858	0.736802	0.73661	0.737034
0.0210845	-1.5708	0.685658	0.665094	0.664264	0.666479
0.0210845	-1.46608	0.720217	0.646837	0.64375	0.652059
0.0210845	-1.36136	0.871857	0.710591	0.703379	0.722743
0.0210845	-1.25664	1.19161	0.911115	0.89804	0.933032
0.0210845	-1.15192	1.7572	1.32162	1.30329	1.35234
0.0210845	-1.0472	2.63872	1.98966	1.96334	2.03412
0.0210845	-0.942478	3.92285	3.09898	3.06315	3.16025
0.0210845	-0.837758	5.80502	4.75646	4.71292	4.83034
0.0210845	-0.733038	8.40524	7.12743	7.07325	7.21951
0.0210845	-0.628319	11.8552	10.3425	10.277	10.4618
0.0210845	-0.523599	16.2777	14.4881	14.413	14.6148
0.0210845	-0.418879	21.7737	19.7226	19.6247	19.8694
0.0210845	-0.314159	28.4164	26.1225	26.1772	26.2917
0.0210845	-0.20944	36.1901	33.7838	33.685	33.9862
0.0210845	-0.10472	45.0891	42.5475	42.4376	42.7337
0.0210845	-2.66454e-15	55.1393	52.4677	52.3495	52.6679
0.0210845	0.10472	66.212	63.5442	63.4192	63.7556
0.0210845	0.20944	78.3747	75.652	75.536	75.8473
0.0210845	0.314159	91.3604	88.627	88.5094	88.8253
0.0210845	0.418879	104.686	102.121	102.003	102.32
0.0210845	0.523599	118.395	115.792	115.676	115.986
0.0210845	0.628319	132.013	129.555	129.445	129.741
0.0210845	0.733038	145.347	143.079	142.976	143.223
0.0210845	0.837758	158.047	156.006	155.912	156.131
0.0210845	0.942478	169.754	167.969	167.886	168.073
0.0210845	1.0472	179.972	178.438	178.371	178.551
0.0210845	1.15192	188.331	187.062	187.006	187.155
0.0210845	1.25664	194.793	193.786	193.742	193.859
0.0210845	1.36136	199.105	198.361	198.324	198.421
0.0210845	1.46608	201.087	200.569	200.544	200.611
0.0210845	1.5708	200.748	200.424	200.408	200.45
0.0210845	1.67552	198.108	197.936	197.928	197.95
0.0210845	1.78024	193.249	193.19	193.184	193.199
0.0210845	1.88496	186.286	186.279	186.277	186.282
0.0210845	1.98968	177.545	177.54	177.54	177.542
0.0210845	2.0944	167.314	167.263	167.261	167.267
0.0210845	2.19911	155.606	155.453	155.443	155.468
0.0210845	2.30383	142.932	142.638	142.624	142.66
0.0210845	2.40855	129.755	129.29	129.271	129.323
0.0210845	2.51327	116.402	115.751	115.724	115.797
0.0210845	2.61799	103.176	102.313	102.275	102.375
0.0210845	2.72271	90.3129	89.2675	89.2224	89.342
0.0210845	2.82743	77.9658	76.7258	76.6732	76.8137
0.0210845	2.93215	66.2072	64.8123	64.7536	64.9107
0.0210845	3.03687	55.3908	53.9058	53.8425	54.0123
0.0210845	3.14159	45.6328	44.1028	44.0368	44.2144
0.021738	-3.14159	43.0481	41.2086	41.1181	41.3394
0.021738	-3.03687	34.8372	32.9745	32.8965	33.1184
0.021738	-2.93215	27.5589	25.7614	25.6816	25.8876
0.021738	-2.82743	21.3044	19.5961	19.5248	19.7198
0.021738	-2.72271	16.0858	14.5111	14.4454	14.6248
0.021738	-2.61799	11.8299	10.4201	10.3614	10.5192
0.021738	-2.51327	8.44591	7.22303	7.17227	7.30882
0.021738	-2.40855	5.83083	4.80702	4.76475	4.87849
0.021738	-2.30383	3.8747	3.05228	3.01859	3.10922
0.021738	-2.19911	2.46578	1.8377	1.81224	1.88065
0.021738	-2.0944	1.49585	1.04573	1.02747	1.07628
0.021738	-1.98968	0.865417	0.56946	0.557297	0.589382
0.021738	-1.88496	0.470199	0.302457	0.293965	0.316656
0.021738	-1.78024	0.2044	0.12901	0.125159	0.135443
0.021738	-1.67552	0.0615279	0.0425824	0.0416055	0.0442123
0.021738	-1.5708	0.0155386	0.0155386	0.0155386	0.0155386
0.021738	-1.46608	0.0626925	0.0450886	0.0441821	0.0465759
0.021738	-1.36136	0.22432	0.154514	0.150898	0.160471
0.021738	-1.25664	0.546705	0.382974	0.376574	0.393513
0.021738	-1.15192	1.0447	0.754685	0.743611	0.773894
0.021738	-1.0472	1.88112	1.43423	1.41673	1.46424
0.021738	-0.942478	3.13145	2.53204	2.5072	2.57415
0.021738	-0.837758	4.94756	4.16502	4.13166	4.22153
0.021738	-0.733038	7.44763	6.41509	6.37083	6.49068
0.021738	-0.628319	10.7431	9.49905	9.44381	9.5971
0.021738	-0.523599	14.9383	13.4994	13.4411	13.6031
0.021738	-0.418879	20.1677	18.5099	18.4441	18.6252
0.021738	-0.314159	26.5116	24.6429	24.5676	24.7822
0.021738	-0.20944	33.9512	31.967	31.8743	32.1176
0.021738	-0.10472	42.5706	40.4465	40.3579	40.5969
0.021738	-2.66454e-15	52.1679	50.012	49.9149	50.1769
0.021738	0.10472	62.7527	60.55	60.4592	60.7035
0.021738	0.20944	74.2984	72.0515	71.9574	72.2107
0.021738	0.314159	86.6508	84.4016	84.3059	84.5635
0.021738	0.418879	99.5894	97.4	97.3046	97.5614
0.021738	0.523599	112.599	110.47	110.376	110.629
0.021738	0.628319	125.552	123.542	123.453	123.694
0.021738	0.733038	138.231	136.379	136.295	136.519
0.021738	0.837758	150.294	148.639	148.564	148.766
0.021738	0.942478	161.407	159.975	159.91	160.086
0.021738	1.0472	171.239	170.044	169.989	170.137
0.021738	1.15192	179.254	178.361	178.319	178.431
0.021738	1.25664	185.36	184.691	184.66	184.744
0.021738	1.36136	189.457	188.998	188.972	189.042
0.021738	1.46608	191.354	191.024	191.007	191.053
0.021738	1.5708	190.993	190.811	190.801	190.827
0.021738	1.67552	188.447	188.371	188.367	188.378
0.021738	1.78024	183.812	183.798	183.798	183.8
0.021738	1.88496	177.249	177.247	177.245	177.25
0.021738	1.98968	168.914	168.871	168.868	168.875
0.021738	2.0944	159.053	158.905	158.898	158.916
0.021738	2.19911	147.837	147.561	147.546	147.584
0.021738	2.30383	135.777	135.282	135.261	135.314
0.021738	2.40855	123.242	122.544	122.517	122.59
0.021738	2.51327	110.546	109.632	109.596	109.693
0.021738	2.61799	97.9721	96.8434	96.798	96.9201
0.021738	2.72271	85.7714	84.4355	84.3793	84.5286
0.021738	2.82743	73.7918	72.2625	72.1988	72.3687
0.021738	2.93215	62.5947	60.9166	60.8467	61.0339
0.021738	3.03687	52.318	50.5349	50.4455	50.6606
0.021738	3.14159	43.0481	41.2086	41.1181	41.3394
0.0223914	-3.14159	41.6825	39.5137	39.425	39.6637
0.0223914	-3.03687	33.7206	31.5409	31.4524	31.6891
0.0223914	-2.93215	26.735	24.604	24.5176	24.7489
0.0223914	-2.82743	20.7816	18.7497	18.6675	18.8879
0.0223914	-2.72271	15.8125	13.9231	13.847	14.0515
0.0223914	-2.61799	11.758	10.0463	9.97761	10.1623
0.0223914	-2.51327	8.48302	7.02374	6.96354	7.12317
0.0223914	-2.40855	5.95763	4.71936	4.6702	4.80352
0.0223914	-2.30383	4.08039	3.06578	3.02573	3.13332
0.0223914	-2.19911	2.72398	1.93555	1.90103	1.99399
0.0223914	-2.0944	1.77705	1.18627	1.16083	1.22937
0.0223914	-1.98968	1.14644	0.735633	0.718259	0.765081
0.0223914	-1.88496	0.749078	0.490471	0.480213	0.508485
0.0223914	-1.78024	0.514968	0.375993	0.370495	0.385364
0.0223914	-1.67552	0.394861	0.339993	0.337664	0.343334
0.0223914	-1.5708	0.363066	0.354625	0.353693	0.355749
0.0223914	-1.46608	0.418375	0.41711	0.415243	0.417792
0.0223914	-1.36136	0.508916	0.465768	0.460345	0.474541
0.0223914	-1.25664	0.756574	0.585816	0.577239	0.600327
0.0223914	-1.15192	1.21768	0.88736	0.872613	0.912386
0.0223914	-1.0472	2.01284	1.49731	1.47465	1.53569
0.0223914	-0.942478	3.23947	2.5412	2.50758	2.59462
0.0223914	-0.837758	4.95811	4.153	4.10919	4.21611
0.0223914	-0.733038	7.34414	6.38717	6.34072	6.46608
0.0223914	-0.628319	10.5293	9.43886	9.38692	9.52389
0.0223914	-0.523599	14.6352	13.4127	13.3345	13.4808
0.0223914	-0.418879	19.713	18.3232	18.2477	18.44
0.0223914	-0.314159	25.7474	24.2878	24.2214	24.4005
0.0223914	-0.20944	32.8399	31.2601	31.1961	31.3688
0.0223914	-0.10472	41.0664	39.3504	39.2793	39.4714
0.0223914	-2.66454e-15	50.4091	48.5836	48.506	48.7154
0.0223914	0.10472	60.5166	58.7381	58.6657	58.8611
0.0223914	0.20944	71.5159	69.6979	69.6225	69.826
0.0223914	0.314159	83.2791	81.4588	81.3818	81.5895
0.0223914	0.418879	95.6134	93.8294	93.7526	93.9598
0.0223914	0.523599	108.162	106.496	106.42	106.624
0.0223914	0.628319	120.478	118.916	118.844	119.038
0.0223914	0.733038	132.545	131.103	131.037	131.216
0.0223914	0.837758	144.026	142.734	142.675	142.835
0.0223914	0.942478	154.577	153.478	153.427	153.565
0.0223914	1.0472	163.904	163.008	162.966	163.08
0.0223914	1.15192	171.714	171.023	170.99	171.079
0.0223914	1.25664	177.605	177.1	177.077	177.137
0.0223914	1.36136	181.466	181.127	181.116	181.152
0.0223914	1.46608	183.286	183.083	183.074	183.098
0.0223914	1.5708	182.942	182.86	182.854	182.87
0.0223914	1.67552	180.485	180.467	180.465	180.47
0.0223914	1.78024	176.046	176.046	176.046	176.047
0.0223914	1.88496	169.784	169.755	169.754	169.757
0.0223914	1.98968	161.701	161.577	161.57	161.589
0.0223914	2.0944	152.158	151.894	151.882	151.913
0.0223914	2.19911	141.535	141.089	141.07	141.119
0.0223914	2.30383	130.079	129.437	129.41	129.482
0.0223914	2.40855	118.153	117.275	117.239	117.335
0.0223914	2.51327	106.077	104.953	104.907	105.029
0.0223914	2.61799	94.12	92.7551	92.6997	92.8487
0.0223914	2.72271	82.3252	80.6903	80.6232	80.8013
0.0223914	2.82743	70.9227	69.0869	69.0121	69.2118
0.0223914	2.93215	60.2733	58.2771	58.1958	58.4135
0.0223914	3.03687	50.4993	48.3906	48.3046	48.5355
0.0223914	3.14159	41.6825	39.5137	39.425	39.6637
0.0230448	-3.14159	41.3274	38.8129	38.7125	38.9802
0.0230448	-3.03687	33.6706	31.1506	31.0504	31.3182
0.0230448	-2.93215	27.0171	24.5489	24.4512	24.713
0.0230448	-2.82743	21.303	18.9824	18.8888	19.1389
0.0230448	-2.72271	16.4472	14.2926	14.2067	14.4345
0.0230448	-2.61799	12.2917	10.5277	10.451	10.6501
0.0230448	-2.51327	8.97228	7.50085	7.44152	7.60026
0.0230448	-2.40855	6.4041	5.18712	5.13716	5.27081
0.0230448	-2.30383	4.46087	3.54269	3.50216	3.61041
0.0230448	-2.19911	3.08779	2.44065	2.40917	2.49301
0.0230448	-2.0944	2.16582	1.72301	1.70497	1.75328
0.0230448	-1.98968	1.58654	1.30241	1.28992	1.32164
0.0230448	-1.88496	1.25481	1.08401	1.07359	1.10168
0.0230448	-1.78024	1.04134	0.977208	0.973383	0.983473
0.0230448	-1.67552	0.913646	0.901393	0.900452	0.902885
0.0230448	-1.5708	0.862223	0.861203	0.861125	0.861308
0.0230448	-1.46608	0.883227	0.854618	0.853394	0.85669
0.0230448	-1.36136	0.998346	0.90615	0.901905	0.913276
0.0230448	-1.25664	1.26085	1.07062	1.06157	1.08571
0.0230448	-1.15192	1.7248	1.38332	1.37015	1.4054
0.0230448	-1.0472	2.49054	1.97305	1.95281	2.00741
0.0230448	-0.942478	3.68238	2.99463	2.96405	3.03949
0.0230448	-0.837758	5.43241	4.5684	4.53124	4.63146
0.0230448	-0.733038	7.81281	6.85089	6.80355	6.93112
0.0230448	-0.628319	11.0223	9.91515	9.86983	9.99362
0.0230448	-0.523599	15.1363	13.8605	13.8034	13.9526
0.0230448	-0.418879	20.0743	18.8642	18.7866	18.9709
0.0230448	-0.314159	25.9507	24.7109	24.6603	24.7972
0.0230448	-0.20944	32.8542	31.5445	31.4861	31.644
0.0230448	-0.10472	40.7114	39.3533	39.297	39.4492
0.0230448	-2.66454e-15	49.6296	48.1752	48.1132	48.2808
0.0230448	0.10472	59.4769	58.0285	57.9617	58.1421
0.0230448	0.20944	69.9611	68.5197	68.46	68.6213
0.0230448	0.314159	81.1684	79.7244	79.6632	79.8284
0.0230448	0.418879	92.9149	91.5023	91.4412	91.6061
0.0230448	0.523599	104.975	103.628	103.568	103.729
0.0230448	0.628319	116.762	115.572	115.525	115.653
0.0230448	0.733038	128.234	127.164	127.117	127.238
0.0230448	0.837758	139.162	138.205	138.158	138.284
0.0230448	0.942478	149.205	148.389	148.349	148.455
0.0230448	1.0472	158.055	157.411	157.379	157.464
0.0230448	1.15192	165.458	164.984	164.96	165.024
0.0230448	1.25664	171.175	170.858	170.841	170.885
0.0230448	1.36136	174.939	174.741	174.732	174.757
0.0230448	1.46608	176.63	176.534	176.529	176.541
0.0230448	1.5708	176.325	176.299	176.298	176.301
0.0230448	1.67552	173.988	173.989	173.987	173.991
0.0230448	1.78024	169.732	169.711	169.709	169.713
0.0230448	1.88496	163.619	163.519	163.51	163.532
0.0230448	1.98968	155.83	155.599	155.587	155.617
0.0230448	2.0944	146.734	146.324	146.307	146.352
0.0230448	2.19911	136.616	135.988	135.962	136.03
0.0230448	2.30383	125.773	124.896	124.861	124.956
0.0230448	2.40855	114.437	113.316	113.271	113.391
0.0230448	2.51327	102.946	101.552	101.497	101.645
0.0230448	2.61799	91.5491	89.836	89.7664	89.953
0.0230448	2.72271	80.1496	78.2046	78.1263	78.3341
0.0230448	2.82743	69.2991	67.1382	67.052	67.2822
0.0230448	2.93215	59.1658	56.8333	56.7404	56.9892
0.0230448	3.03687	49.8647	47.4128	47.3152	47.5774
0.0230448	3.14159	41.3274	38.8129	38.7125	38.9802
0.0236982	-3.14159	41.9474	39.0748	38.9587	39.2716
0.0236982	-3.03687	34.6526	31.7961	31.6794	31.9941
0.0236982	-2.93215	28.1285	25.3767	25.2654	25.5653
0.0236982	-2.82743	22.4094	19.9165	19.8138	20.0904
0.0236982	-2.72271	17.4479	15.275	15.1888	15.4193
0.0236982	-2.61799	13.2954	11.4488	11.3709	11.5795
0.0236982	-2.51327	9.99061	8.46279	8.40035	8.56848
0.0236982	-2.40855	7.46252	6.16541	6.11273	6.25464
0.0236982	-2.30383	5.59604	4.53403	4.49127	4.60643
0.0236982	-2.19911	4.27452	3.44178	3.40864	3.49788
0.0236982	-2.0944	3.38485	2.76977	2.74551	2.81018
0.0236982	-1.98968	2.82778	2.40511	2.38809	2.43305
0.0236982	-1.88496	2.4697	2.20122	2.18814	2.22328
0.0236982	-1.78024	2.24255	2.09876	2.09183	2.11046
0.0236982	-1.67552	2.11772	2.06179	2.05916	2.06624
0.0236982	-1.5708	2.07096	2.06273	2.06244	2.06362
0.0236982	-1.46608	2.10578	2.10324	2.10295	2.10366
0.0236982	-1.36136	2.23571	2.20133	2.19917	2.20477
0.0236982	-1.25664	2.47725	2.3715	2.3672	2.37838
0.0236982	-1.15192	2.90252	2.68885	2.68072	2.70254
0.0236982	-1.0472	3.65464	3.30038	3.28646	3.32409
0.0236982	-0.942478	4.8245	4.32235	4.30175	4.35732
0.0236982	-0.837758	6.55387	5.87983	5.85129	5.92822
0.0236982	-0.733038	8.97136	8.11086	8.07397	8.16832
0.0236982	-0.628319	12.1744	11.0865	11.0435	11.1597
0.0236982	-0.523599	16.1922	15.008	14.955	15.0981
0.0236982	-0.418879	21.1649	19.9697	19.9136	20.0646
0.0236982	-0.314159	27.0123	25.8314	25.7771	25.9241
0.0236982	-0.20944	33.7624	32.657	32.603	32.7488
0.0236982	-0.10472	41.4438	40.3229	40.2703	40.4121
0.0236982	-2.66454e-15	49.9621	48.8306	48.7816	48.9141
0.0236982	0.10472	59.4343	58.2424	58.189	58.3329
0.0236982	0.20944	69.5668	68.4521	68.4056	68.5314
0.0236982	0.314159	80.2493	79.1318	79.0839	79.2134
0.0236982	0.418879	91.4408	90.3499	90.3019	90.4315
0.0236982	0.523599	102.926	101.891	101.844	101.97
0.0236982	0.628319	114.328	113.433	113.397	113.493
0.0236982	0.733038	125.238	124.445	124.413	124.499
0.0236982	0.837758	135.625	134.953	134.926	134.999
0.0236982	0.942478	145.198	144.629	144.599	144.679
0.0236982	1.0472	153.607	153.169	153.146	153.209
0.0236982	1.15192	160.627	160.324	160.307	160.353
0.0236982	1.25664	166.039	165.857	165.846	165.876
0.0236982	1.36136	169.665	169.58	169.574	169.59
0.0236982	1.46608	171.388	171.366	171.363	171.369
0.0236982	1.5708	171.047	171.048	171.042	171.056
0.0236982	1.67552	168.758	168.739	168.735	168.745
0.0236982	1.78024	164.621	164.532	164.527	164.54
0.0236982	1.88496	158.79	158.578	158.569	158.592
0.0236982	1.98968	151.369	151.002	150.984	151.029
0.0236982	2.0944	142.696	142.114	142.09	142.153
0.0236982	2.19911	133.056	132.221	132.188	132.276
0.0236982	2.30383	122.73	121.615	121.572	121.689
0.0236982	2.40855	111.999	110.59	110.534	110.685
0.0236982	2.51327	101.079	99.3755	99.3067	99.4902
0.0236982	2.61799	89.9535	87.9301	87.8498	88.0653
0.0236982	2.72271	79.14	76.8522	76.7608	77.0067
0.0236982	2.82743	68.8513	66.3399	66.2385	66.5117
0.0236982	2.93215	59.2044	56.5197	56.415	56.695
0.0236982	3.03687	50.1644	47.3563	47.2434	47.5474
0.0236982	3.14159	41.9474	39.0748	38.9587	39.2716
0.0243516	-3.14159	43.5428	40.3451	40.2174	40.5616
0.0243516	-3.03687	36.3721	33.2075	33.0826	33.4187
0.0243516	-2.93215	29.7944	26.9295	26.8112	27.1296
0.0243516	-2.82743	24.0549	21.4462	21.3377	21.6303
0.0243516	-2.72271	19.1058	16.8699	16.7716	17.0209
0.0243516	-2.61799	15.0921	13.0578	12.9767	13.195
0.0243516	-2.51327	11.9224	10.1189	10.0475	10.2399
0.0243516	-2.40855	9.49402	7.9398	7.87871	8.04328
0.0243516	-2.30383	7.69766	6.40007	6.34954	6.48565
0.0243516	-2.19911	6.42095	5.37977	5.33933	5.44903
0.0243516	-2.0944	5.56247	4.76545	4.73529	4.81589
0.0243516	-1.98968	4.99139	4.40196	4.376	4.44611
0.0243516	-1.88496	4.61655	4.2189	4.20157	4.24841
0.0243516	-1.78024	4.39472	4.15391	4.14367	4.17138
0.0243516	-1.67552	4.27642	4.15495	4.15001	4.16339
0.0243516	-1.5708	4.23979	4.19788	4.19626	4.20029
0.0243516	-1.46608	4.28782	4.28427	4.28372	4.28494
0.0243516	-1.36136	4.41593	4.41147	4.41029	4.41299
0.0243516	-1.25664	4.619	4.57629	4.57453	4.57909
0.0243516	-1.15192	5.04478	4.92797	4.92361	4.93537
0.0243516	-1.0472	5.78493	5.56278	5.55392	5.57794
0.0243516	-0.942478	6.93834	6.59198	6.57723	6.61698
0.0243516	-0.837758	8.62361	8.13445	8.11289	8.17085
0.0243516	-0.733038	10.9289	10.2705	10.2455	10.313
0.0243516	-0.628319	14.0002	13.1631	13.1303	13.219
0.0243516	-0.523599	17.9812	16.9587	16.9173	17.0295
0.0243516	-0.418879	22.9393	21.766	21.7153	21.8524
0.0243516	-0.314159	28.7094	27.6529	27.6105	27.7254
0.0243516	-0.20944	35.4792	34.3834	34.3338	34.4679
0.0243516	-0.10472	43.0304	42.0799	42.0307	42.1629
0.0243516	-2.66454e-15	51.3498	50.4617	50.4147	50.5406
0.0243516	0.10472	60.3969	59.4906	59.4483	59.5619
0.0243516	0.20944	70.2572	69.3229	69.2776	69.3989
0.0243516	0.314159	80.4596	79.6213	79.5842	79.6841
0.0243516	0.418879	91.1257	90.3106	90.2736	90.3736
0.0243516	0.523599	102.066	101.299	101.262	101.36
0.0243516	0.628319	113.043	112.345	112.311	112.402
0.0243516	0.733038	123.485	122.924	122.901	122.963
0.0243516	0.837758	133.362	132.899	132.88	132.931
0.0243516	0.942478	142.464	142.1	142.085	142.125
0.0243516	1.0472	150.485	150.211	150.193	150.24
0.0243516	1.15192	157.142	156.971	156.959	156.991
0.0243516	1.25664	162.266	162.181	162.174	162.193
0.0243516	1.36136	165.689	165.663	165.66	165.669
0.0243516	1.46608	167.299	167.299	167.297	167.301
0.0243516	1.5708	167.001	166.991	166.984	166.999
0.0243516	1.67552	164.794	164.723	164.716	164.732
0.0243516	1.78024	160.83	160.649	160.641	160.663
0.0243516	1.88496	155.257	154.916	154.902	154.938
0.0243516	1.98968	148.242	147.712	147.688	147.75
0.0243516	2.0944	139.97	139.19	139.158	139.241
0.0243516	2.19911	130.781	129.716	129.675	129.785
0.0243516	2.30383	120.944	119.57	119.517	119.659
0.0243516	2.40855	110.725	109.03	108.964	109.141
0.0243516	2.51327	100.157	98.117	98.0376	98.2494
0.0243516	2.61799	89.533	87.183	87.0919	87.3367
0.0243516	2.72271	79.2354	76.6051	76.5022	76.7787
0.0243516	2.82743	69.4408	66.5798	66.4582	66.7623
0.0243516	2.93215	60.1055	57.0635	56.9443	57.2646
0.0243516	3.03687	51.4165	48.2437	48.119	48.4545
0.0243516	3.14159	43.5428	40.3451	40.2174	40.5616
0.025005	-3.14159	45.8641	42.3895	42.2533	42.6197
0.025005	-3.03687	38.5975	35.3775	35.2455	35.6005
0.025005	-2.93215	32.1346	29.0793	28.9553	29.2895
0.025005	-2.82743	26.4279	23.7156	23.6091	23.8954
0.025005	-2.72271	21.685	19.144	19.0446	19.3121
0.025005	-2.61799	17.8346	15.5074	15.4168	15.6608
0.025005	-2.51327	14.7622	12.7086	12.628	12.8451
0.025005	-2.40855	12.3116	10.6389	10.5692	10.7571
0.025005	-2.30383	10.5009	9.18358	9.12499	9.28283
0.025005	-2.19911	9.22308	8.21213	8.17118	8.2727
0.025005	-2.0944	8.36241	7.60188	7.57238	7.65198
0.025005	-1.98968	7.83695	7.28372	7.2521	7.32504
0.025005	-1.88496	7.50317	7.11159	7.09447	7.15289
0.025005	-1.78024	7.27066	7.03991	7.03164	7.07378
0.025005	-1.67552	7.14759	7.03821	7.03282	7.04816
0.025005	-1.5708	7.11813	7.08601	7.08443	7.08861
0.025005	-1.46608	7.17439	7.17256	7.17247	7.17271
0.025005	-1.36136	7.32436	7.31609	7.31569	7.31677
0.025005	-1.25664	7.57363	7.52414	7.5215	7.52962
0.025005	-1.15192	7.99537	7.86553	7.8598	7.87373
0.025005	-1.0472	8.74091	8.49955	8.49032	8.51488
0.025005	-0.942478	9.89989	9.53028	9.51595	9.55452
0.025005	-0.837758	11.5915	11.072	11.0515	11.107
0.025005	-0.733038	13.807	13.2586	13.2308	13.3059
0.025005	-0.628319	16.7742	16.1509	16.1266	16.1926
0.025005	-0.523599	20.6115	19.83	19.7981	19.8845
0.025005	-0.418879	25.416	24.4747	24.4347	24.5429
0.025005	-0.314159	31.2144	30.1687	30.1203	30.2509
0.025005	-0.20944	37.8039	36.8794	36.8405	36.9456
0.025005	-0.10472	45.3826	44.4313	44.3867	44.5076
0.025005	-2.66454e-15	53.5833	52.8461	52.8018	52.917
0.025005	0.10472	62.3861	61.7214	61.6881	61.7768
0.025005	0.20944	71.7703	71.115	71.0789	71.1672
0.025005	0.314159	81.7416	81.1376	81.1094	81.1853
0.025005	0.418879	91.9119	91.3269	91.2983	91.3748
0.025005	0.523599	102.338	101.793	101.765	101.839
0.025005	0.628319	112.852	112.305	112.279	112.348
0.025005	0.733038	122.914	122.54	122.524	122.567
0.025005	0.837758	132.306	132.011	131.998	132.032
0.025005	0.942478	140.951	140.737	140.728	140.753
0.025005	1.0472	148.589	148.454	148.456	148.464
0.025005	1.15192	154.933	154.855	154.846	154.869
0.025005	1.25664	159.784	159.759	159.754	159.767
0.025005	1.36136	163.014	163.014	163.011	163.018
0.025005	1.46608	164.519	164.521	164.505	164.51
0.025005	1.5708	164.254	164.189	164.186	164.194
0.025005	1.67552	162.134	161.982	161.972	161.996
0.025005	1.78024	158.336	158.24	158.022	158.056
0.025005	1.88496	153.006	152.511	152.492	152.542
0.025005	1.98968	146.335	145.597	145.569	145.644
0.025005	2.0944	138.485	137.484	137.445	137.549
0.025005	2.19911	129.724	128.407	128.355	128.49
0.025005	2.30383	120.35	118.695	118.633	118.8
0.025005	2.40855	110.584	108.569	108.491	108.697
0.025005	2.51327	100.35	97.9861	97.8959	98.1367
0.025005	2.61799	90.2273	87.5352	87.4326	87.7077
0.025005	2.72271	80.4171	77.4293	77.3152	77.6223
0.025005	2.82743	71.0019	67.7876	67.6644	67.9946
0.025005	2.93215	61.9697	58.5565	58.4256	58.7773
0.025005	3.03687	53.6585	50.1364	50.0001	50.3671
0.025005	3.14159	45.8641	42.3895	42.2533	42.6197
0.0256584	-3.14159	48.7325	45.1652	45.0219	45.407
0.0256584	-3.03687	41.6265	38.1348	37.9975	38.3676
0.0256584	-2.93215	35.2044	32.0449	31.9169	32.251
0.0256584	-2.82743	29.7387	26.7012	26.5844	26.8987
0.0256584	-2.72271	25.1823	22.3315	22.2221	22.5168
0.0256584	-2.61799	21.3034	18.8589	18.7587	19.0289
0.0256584	-2.51327	18.231	16.1704	16.0846	16.3113
0.0256584	-2.40855	15.8674	14.0828	14.0173	14.2131
0.0256584	-2.30383	14.1208	12.6162	12.5654	12.7197
0.0256584	-2.19911	12.8917	11.6651	11.6159	11.7469
0.0256584	-2.0944	12.052	11.1074	11.0721	11.1673
0.0256584	-1.98968	11.537	10.7911	10.7537	10.8537
0.0256584	-1.88496	11.2035	10.6376	10.603	10.6783
0.0256584	-1.78024	10.9311	10.5899	10.5747	10.6191
0.0256584	-1.67552	10.8146	10.6199	10.6121	10.6346
0.0256584	-1.5708	10.7882	10.7073	10.7042	10.7126
0.0256584	-1.46608	10.8594	10.8375	10.8367	10.8388
0.0256584	-1.36136	11.0097	11.0099	11.0057	11.026
0.0256584	-1.25664	11.222	11.2084	11.2057	11.2096
0.0256584	-1.15192	11.6468	11.5855	11.5828	11.5894
0.0256584	-1.0472	12.3905	12.2469	12.2415	12.256
0.0256584	-0.942478	13.5348	13.2904	13.2809	13.3066
0.0256584	-0.837758	15.1909	14.8261	14.8113	14.8514
0.0256584	-0.733038	17.4772	16.9759	16.9548	17.0116
0.0256584	-0.628319	20.4513	19.8018	19.7777	19.8418
0.0256584	-0.523599	24.1578	23.4873	23.4571	23.5384
0.0256584	-0.418879	28.7866	28.0738	28.0427	28.1267
0.0256584	-0.314159	34.3554	33.5549	33.5248	33.6064
0.0256584	-0.20944	40.9507	40.032	39.9964	40.093
0.0256584	-0.10472	48.3221	47.5382	47.5028	47.5979
0.0256584	-2.66454e-15	56.5256	55.8125	55.7721	55.8803
0.0256584	0.10472	65.1699	64.637	64.6149	64.6746
0.0256584	0.20944	74.2809	73.83	73.8118	73.8612
0.0256584	0.314159	83.8552	83.403	83.3839	83.4355
0.0256584	0.418879	93.7449	93.3482	93.3264	93.3841
0.0256584	0.523599	103.685	103.32	103.298	103.354
0.0256584	0.628319	113.645	113.327	113.307	113.359
0.0256584	0.733038	123.386	123.126	123.108	123.155
0.0256584	0.837758	132.398	132.23	132.222	132.244
0.0256584	0.942478	140.616	140.507	140.502	140.516
0.0256584	1.0472	147.872	147.816	147.813	147.821
0.0256584	1.15192	153.937	153.916	153.908	153.924
0.0256584	1.25664	158.531	158.531	158.526	158.537
0.0256584	1.36136	161.578	161.569	161.566	161.574
0.0256584	1.46608	162.982	163.121	162.925	162.934
0.0256584	1.5708	162.702	162.592	162.554	162.57
0.0256584	1.67552	160.714	160.453	160.439	160.474
0.0256584	1.78024	157.07	156.626	156.607	156.656
0.0256584	1.88496	151.973	151.299	151.273	151.341
0.0256584	1.98968	145.603	144.652	144.616	144.711
0.0256584	2.0944	138.167	136.921	136.855	136.983
0.0256584	2.19911	129.823	128.235	128.176	128.334
0.0256584	2.30383	120.887	118.935	118.862	119.076
0.0256584	2.40855	111.385	109.053	108.965	109.202
0.0256584	2.51327	101.629	98.9281	98.8269	99.0971
0.0256584	2.61799	91.9805	88.9344	88.8205	89.1258
0.0256584	2.72271	82.6304	79.2745	79.149	79.4868
0.0256584	2.82743	73.4379	69.8511	69.7164	70.0777
0.0256584	2.93215	64.8234	61.0307	60.8881	61.2711
0.0256584	3.03687	56.5943	52.8041	52.7129	53.1087
0.0256584	3.14159	48.7325	45.1652	45.0219	45.407
