#x	y	new0_fix	12_	12a	12b
-3.14159	0.002464	51.0094	48.4064	48.1107	48.8576
-3.14159	0.0024715	48.3174	45.7796	45.5362	46.1598
-3.14159	0.002479	46.051	43.5639	43.3552	43.8966
-3.14159	0.0024865	44.2157	41.7393	41.5762	42.004
-3.14159	0.002494	42.8075	40.3118	40.1765	40.5369
-3.14159	0.0025015	41.8539	39.3416	39.2256	39.5378
-3.14159	0.002509	41.3569	38.8383	38.7337	39.0155
-3.14159	0.0025165	41.3274	38.8129	38.7125	38.9802
-3.14159	0.002524	41.7719	39.2635	39.1632	39.4292
-3.14159	0.0025315	42.5945	40.0163	39.9079	40.1896
-3.14159	0.002539	43.8144	41.2651	41.1339	41.4488
-3.14159	0.0025465	45.5026	43.0318	42.8132	43.2231
-3.14159	0.002554	47.7248	45.2383	45.0753	45.471
-3.03687	0.002464	43.2715	40.984	40.6776	41.4409
-3.03687	0.0024715	40.6387	38.3361	38.0942	38.6998
-3.03687	0.002479	38.4315	36.0379	35.8296	36.3667
-3.03687	0.0024865	36.6237	34.1529	33.985	34.4241
-3.03687	0.002494	35.2023	32.7096	32.5709	32.9395
-3.03687	0.0025015	34.2348	31.7215	31.6035	31.9208
-3.03687	0.002509	33.72	31.1982	31.0927	31.377
-3.03687	0.0025165	33.6706	31.1506	31.0504	31.3182
-3.03687	0.002524	34.0606	31.5921	31.4913	31.7565
-3.03687	0.0025315	34.7789	32.3839	32.2718	32.5613
-3.03687	0.002539	35.9835	33.6679	33.5469	33.83
-3.03687	0.0025465	37.6729	35.3311	35.2177	35.5029
-3.03687	0.002554	39.8938	37.4391	37.2914	37.6821
-2.93215	0.002464	36.4701	34.2921	33.9997	34.7257
-2.93215	0.0024715	33.8356	31.5988	31.3583	31.9647
-2.93215	0.002479	31.6243	29.3326	29.1357	29.6407
-2.93215	0.0024865	29.8421	27.4998	27.3391	27.7606
-2.93215	0.002494	28.4956	26.1109	25.981	26.3285
-2.93215	0.0025015	27.4753	25.1504	25.0331	25.3483
-2.93215	0.002509	26.8747	24.6127	24.5089	24.7889
-2.93215	0.0025165	26.735	24.5489	24.4512	24.713
-2.93215	0.002524	27.0642	24.9466	24.8605	25.0875
-2.93215	0.0025315	27.8473	25.6243	25.5275	25.7771
-2.93215	0.002539	29.0973	26.8096	26.7023	26.9735
-2.93215	0.0025465	30.8414	28.5267	28.3188	28.6992
-2.93215	0.002554	33.0936	30.6722	30.5185	30.8873
-2.82743	0.002464	30.6634	28.598	28.3056	29.0291
-2.82743	0.0024715	28.0306	25.907	25.6675	26.2694
-2.82743	0.002479	25.819	23.641	23.4459	23.9447
-2.82743	0.0024865	23.9962	21.8064	21.6475	22.0619
-2.82743	0.002494	22.5802	20.414	20.2844	20.6233
-2.82743	0.0025015	21.5362	19.4719	19.364	19.6542
-2.82743	0.002509	20.9288	18.9013	18.8119	19.0527
-2.82743	0.0025165	20.7816	18.7497	18.6675	18.8879
-2.82743	0.002524	21.1016	19.0808	18.9993	19.2144
-2.82743	0.0025315	21.886	19.7644	19.6724	19.9097
-2.82743	0.002539	23.1443	20.96	20.8573	21.1163
-2.82743	0.0025465	24.8958	22.6848	22.4851	22.8503
-2.82743	0.002554	27.0598	24.8406	24.6918	25.0478
-2.72271	0.002464	25.7081	23.8877	23.599	24.3108
-2.72271	0.0024715	23.02	21.2037	20.9684	21.5573
-2.72271	0.002479	20.7501	18.9427	18.7524	19.237
-2.72271	0.0024865	18.9044	17.1115	16.9576	17.3568
-2.72271	0.002494	17.4896	15.7071	15.5943	15.8909
-2.72271	0.0025015	16.5136	14.6995	14.603	14.8548
-2.72271	0.002509	15.9619	14.0782	13.9946	14.2201
-2.72271	0.0025165	15.8125	13.9231	13.847	14.0515
-2.72271	0.002524	16.1292	14.2306	14.153	14.358
-2.72271	0.0025315	16.9218	14.9447	14.8589	15.0797
-2.72271	0.002539	18.152	16.1552	16.0585	16.3015
-2.72271	0.0025465	19.797	17.893	17.7395	18.049
-2.72271	0.002554	21.9622	20.0635	19.6961	20.3585
-2.61799	0.002464	21.5204	20.0803	19.7986	20.4739
-2.61799	0.0024715	18.8428	17.361	17.1458	17.6782
-2.61799	0.002479	16.5817	15.0545	14.8844	15.3126
-2.61799	0.0024865	14.7433	13.1747	13.0413	13.3841
-2.61799	0.002494	13.3344	11.7297	11.6244	11.9005
-2.61799	0.0025015	12.3631	10.7283	10.6431	10.8706
-2.61799	0.002509	11.8385	10.1815	10.1095	10.3041
-2.61799	0.0025165	11.758	10.0463	9.97761	10.1623
-2.61799	0.002524	12.076	10.353	10.2828	10.468
-2.61799	0.0025315	12.7634	11.0885	11.0099	11.2112
-2.61799	0.002539	13.9273	12.3187	12.229	12.4532
-2.61799	0.0025465	15.5879	14.0327	13.9437	14.1614
-2.61799	0.002554	17.7685	16.1227	15.9692	16.3668
-2.51327	0.002464	18.1559	16.9125	16.6527	17.2824
-2.51327	0.0024715	15.4933	14.2038	13.9977	14.5047
-2.51327	0.002479	13.2459	11.9137	11.7528	12.1557
-2.51327	0.0024865	11.4198	10.049	9.92477	10.2424
-2.51327	0.002494	10.0222	8.61773	8.52168	8.77276
-2.51327	0.0025015	9.06134	7.62894	7.55281	7.75575
-2.51327	0.002509	8.5462	7.09291	7.0294	7.2007
-2.51327	0.0025165	8.44591	7.02374	6.96354	7.12317
-2.51327	0.002524	8.70039	7.33966	7.27758	7.44095
-2.51327	0.0025315	9.40794	8.1012	8.03056	8.19906
-2.51327	0.002539	10.5923	9.25369	9.18221	9.35806
-2.51327	0.0025465	12.2733	10.9186	10.8362	11.0358
-2.51327	0.002554	14.4746	13.0339	12.916	13.2646
-2.40855	0.002464	15.5075	14.4647	14.2165	14.8146
-2.40855	0.0024715	12.865	11.7792	11.5845	12.0607
-2.40855	0.002479	10.6366	9.51131	9.3614	9.73443
-2.40855	0.0024865	8.82856	7.66784	7.55431	7.84293
-2.40855	0.002494	7.44826	6.25682	6.17118	6.39416
-2.40855	0.0025015	6.50392	5.28738	5.22134	5.39715
-2.40855	0.002509	6.0048	4.76953	4.71549	4.8611
-2.40855	0.0025165	5.83083	4.71936	4.6702	4.80352
-2.40855	0.002524	6.10299	5.04945	5.00525	5.12108
-2.40855	0.0025315	6.83577	5.7395	5.68704	5.81893
-2.40855	0.002539	8.0453	6.91699	6.85259	7.00891
-2.40855	0.0025465	9.75203	8.61184	8.53595	8.71749
-2.40855	0.002554	11.9019	10.758	10.6462	10.9762
-2.30383	0.002464	13.4617	12.6202	12.3853	12.9479
-2.30383	0.0024715	10.8451	9.96508	9.78319	10.2249
-2.30383	0.002479	8.64148	7.72561	7.58813	7.92796
-2.30383	0.0024865	6.85768	5.90971	5.80796	6.06505
-2.30383	0.002494	5.50104	4.52579	4.45131	4.64436
-2.30383	0.0025015	4.57998	3.58291	3.52743	3.67488
-2.30383	0.002509	4.04163	3.09095	3.04674	3.16579
-2.30383	0.0025165	3.8747	3.05228	3.01859	3.10922
-2.30383	0.002524	4.17409	3.32219	3.28586	3.38036
-2.30383	0.0025315	4.93712	4.04876	4.00423	4.11514
-2.30383	0.002539	6.17733	5.26258	5.20493	5.34259
-2.30383	0.0025465	7.88665	6.99372	6.924	7.08835
-2.30383	0.002554	10.0144	9.1766	9.07042	9.38403
-2.19911	0.002464	11.9021	11.2544	11.0339	11.5582
-2.19911	0.0024715	9.31845	8.63646	8.46834	8.87354
-2.19911	0.002479	7.14672	6.43344	6.309	6.61416
-2.19911	0.0024865	5.39369	4.65261	4.56319	4.78743
-2.19911	0.002494	4.06769	3.30269	3.23968	3.40211
-2.19911	0.0025015	3.17721	2.39381	2.34891	2.46798
-2.19911	0.002509	2.6002	1.93555	1.90103	1.99399
-2.19911	0.0025165	2.46578	1.8377	1.81224	1.88065
-2.19911	0.002524	2.80077	2.1447	2.11568	2.19021
-2.19911	0.0025315	3.60015	2.91308	2.87475	2.96775
-2.19911	0.002539	4.87686	4.16958	4.11786	4.23887
-2.19911	0.0025465	6.59065	5.94373	5.87938	6.02858
-2.19911	0.002554	8.75993	8.16991	8.06828	8.33573
-2.0944	0.002464	10.7185	10.2497	10.0445	10.5289
-2.0944	0.0024715	8.17427	7.67549	7.52166	7.88935
-2.0944	0.002479	6.04151	5.51577	5.40463	5.67474
-2.0944	0.0024865	4.32713	3.77791	3.70077	3.89251
-2.0944	0.002494	3.03912	2.47027	2.41855	2.55095
-2.0944	0.0025015	2.13561	1.60279	1.5681	1.65989
-2.0944	0.002509	1.58928	1.14244	1.12023	1.17966
-2.0944	0.0025165	1.49585	1.04573	1.02747	1.07628
-2.0944	0.002524	1.87482	1.39833	1.37589	1.43232
-2.0944	0.0025315	2.71557	2.21508	2.18227	2.25974
-2.0944	0.002539	4.03516	3.52063	3.47371	3.58103
-2.0944	0.0025465	5.7936	5.34498	5.28487	5.4219
-2.0944	0.002554	8.01368	7.59983	7.17948	7.7589
-1.98968	0.002464	9.81059	9.49922	9.30953	9.75372
-1.98968	0.0024715	7.3122	6.97525	6.83578	7.16615
-1.98968	0.002479	5.22516	4.8656	4.76761	5.00339
-1.98968	0.0024865	3.5567	3.17766	3.11242	3.2729
-1.98968	0.002494	2.31489	1.92008	1.87899	1.98325
-1.98968	0.0025015	1.40658	1.10255	1.07724	1.14398
-1.98968	0.002509	0.908417	0.615387	0.600687	0.639994
-1.98968	0.0025165	0.865417	0.56946	0.557297	0.589382
-1.98968	0.002524	1.29361	0.974896	0.957513	0.999756
-1.98968	0.0025315	2.18183	1.846	1.8173	1.88288
-1.98968	0.002539	3.55124	3.20819	3.1646	3.26201
-1.98968	0.0025465	5.37981	5.09413	5.03689	5.16541
-1.98968	0.002554	7.65104	7.36423	7.31585	7.54792
-1.88496	0.002464	9.09189	8.91154	8.73729	9.14199
-1.88496	0.0024715	6.64585	6.44412	6.31867	6.61296
-1.88496	0.002479	4.61127	4.39105	4.30562	4.50887
-1.88496	0.0024865	2.99577	2.75986	2.70574	2.83719
-1.88496	0.002494	1.79731	1.55944	1.52801	1.60684
-1.88496	0.0025015	0.912145	0.747317	0.72976	0.774104
-1.88496	0.002509	0.470199	0.302457	0.293965	0.316656
-1.88496	0.0025165	0.48767	0.315142	0.307719	0.326744
-1.88496	0.002524	0.967753	0.779397	0.765526	0.79764
-1.88496	0.0025315	1.91021	1.71082	1.68777	1.74414
-1.88496	0.002539	3.33731	3.14058	3.09871	3.19054
-1.88496	0.0025465	5.24739	5.09173	5.03573	5.12287
-1.88496	0.002554	7.585	7.41229	7.36013	7.59427
-1.78024	0.002464	8.49442	8.41499	8.25568	8.62258
-1.78024	0.0024715	6.10686	6.00998	5.89787	6.15824
-1.78024	0.002479	4.13132	4.01955	3.94582	4.11908
-1.78024	0.0024865	2.57559	2.45159	2.40752	2.513
-1.78024	0.002494	1.40435	1.31501	1.29197	1.34886
-1.78024	0.0025015	0.582199	0.50824	0.496958	0.524848
-1.78024	0.002509	0.2044	0.12901	0.125159	0.135443
-1.78024	0.0025165	0.287259	0.206618	0.202285	0.212829
-1.78024	0.002524	0.825028	0.736463	0.724554	0.750905
-1.78024	0.0025315	1.83039	1.73686	1.70994	1.76636
-1.78024	0.002539	3.32553	3.23272	3.15969	3.27503
-1.78024	0.0025465	5.31318	5.19394	5.19911	5.32453
-1.78024	0.002554	7.74776	7.64107	7.55714	7.81188
-1.67552	0.002464	7.97192	7.96104	7.81589	8.14744
-1.67552	0.0024715	5.6486	5.62373	5.52394	5.75336
-1.67552	0.002479	3.73815	3.70146	3.63827	3.78485
-1.67552	0.0024865	2.2485	2.20253	2.16717	2.25038
-1.67552	0.002494	1.12014	1.10531	1.08512	1.13199
-1.67552	0.0025015	0.367788	0.34956	0.342933	0.358752
-1.67552	0.002509	0.0615279	0.0425824	0.0416055	0.0442123
-1.67552	0.0025165	0.212233	0.190046	0.18684	0.193708
-1.67552	0.002524	0.814067	0.788447	0.775512	0.802171
-1.67552	0.0025315	1.88507	1.8591	1.83035	1.88962
-1.67552	0.002539	3.44975	3.42746	3.42297	3.47904
-1.67552	0.0025465	5.48022	5.52589	5.38118	5.58733
-1.67552	0.002554	8.04096	7.96403	7.84676	8.16743
-1.5708	0.002464	7.50238	7.52677	7.39473	7.694
-1.5708	0.0024715	5.24845	5.26156	5.17291	5.37473
-1.5708	0.002479	3.40849	3.41235	3.35833	3.48206
-1.5708	0.0024865	1.9906	1.98746	1.95928	2.02441
-1.5708	0.002494	0.920108	0.923784	0.908433	0.943239
-1.5708	0.0025015	0.243725	0.244616	0.240872	0.24939
-1.5708	0.002509	0.0155386	0.0155386	0.0155386	0.0155386
-1.5708	0.0025165	0.234354	0.234791	0.231096	0.238855
-1.5708	0.002524	0.903959	0.90589	0.891682	0.921783
-1.5708	0.0025315	2.04613	2.05086	2.0213	2.08554
-1.5708	0.002539	3.68664	3.69549	3.648	3.7569
-1.5708	0.0025465	5.8673	5.81892	5.75117	5.90518
-1.5708	0.002554	8.24679	8.31609	8.2227	8.55824
-1.46608	0.002464	7.0895	7.11614	6.99599	7.26648
-1.46608	0.0024715	4.90935	4.92671	4.84783	5.0259
-1.46608	0.002479	3.14449	3.15445	3.10807	3.21312
-1.46608	0.0024865	1.80326	1.79589	1.77282	1.82466
-1.46608	0.002494	0.804954	0.7913	0.77904	0.806492
-1.46608	0.0025015	0.209913	0.193157	0.190435	0.196641
-1.46608	0.002509	0.0626925	0.0450886	0.0441821	0.0465759
-1.46608	0.0025165	0.350274	0.338205	0.332013	0.345907
-1.46608	0.002524	1.09274	1.08559	1.06747	1.10728
-1.46608	0.0025315	2.31244	2.30965	2.27439	2.35171
-1.46608	0.002539	4.03763	4.03668	3.98261	4.10277
-1.46608	0.0025465	6.27883	6.16565	6.0238	6.26789
-1.46608	0.002554	8.57953	8.73775	8.15998	8.89401
-1.36136	0.002464	6.76289	6.74391	6.63739	6.87565
-1.36136	0.0024715	4.66005	4.63579	4.56762	4.72043
-1.36136	0.002479	2.97406	2.944	2.90594	2.99142
-1.36136	0.0024865	1.7106	1.63687	1.6161	1.66316
-1.36136	0.002494	0.80107	0.735354	0.72439	0.749307
-1.36136	0.0025015	0.293114	0.221694	0.218103	0.227046
-1.36136	0.002509	0.22432	0.154514	0.150898	0.160471
-1.36136	0.0025165	0.582241	0.523173	0.512707	0.537427
-1.36136	0.002524	1.40203	1.5195	1.32588	1.37916
-1.36136	0.0025315	2.70379	2.65543	2.61282	2.70693
-1.36136	0.002539	4.52019	4.36895	4.30177	4.48632
-1.36136	0.0025465	6.70475	6.57601	6.42407	6.73121
-1.36136	0.002554	9.14483	9.23501	8.89762	9.48262
-1.25664	0.002464	6.57178	6.46421	6.36584	6.58537
-1.25664	0.0024715	4.55061	4.43709	4.37471	4.51458
-1.25664	0.002479	2.94993	2.8273	2.79091	2.87091
-1.25664	0.0024865	1.77036	1.6002	1.57993	1.62701
-1.25664	0.002494	0.961013	0.806239	0.796209	0.82124
-1.25664	0.0025015	0.546705	0.382974	0.376574	0.393513
-1.25664	0.002509	0.549452	0.394537	0.386447	0.407807
-1.25664	0.0025165	0.978573	0.83949	0.823013	0.863093
-1.25664	0.002524	1.87716	1.74587	1.71439	1.78655
-1.25664	0.0025315	3.26847	3.05955	3.00311	3.13617
-1.25664	0.002539	5.06137	4.81981	4.73779	4.95338
-1.25664	0.0025465	7.28364	7.056	6.93228	7.2898
-1.25664	0.002554	10.1607	9.84479	9.69876	10.0621
-1.15192	0.002464	6.58787	6.37645	6.28477	6.48985
-1.15192	0.0024715	4.64928	4.43139	4.37318	4.50442
-1.15192	0.002479	3.13338	2.90459	2.87165	2.94722
-1.15192	0.0024865	2.04767	1.76741	1.74589	1.79775
-1.15192	0.002494	1.36249	1.06122	1.04755	1.083
-1.15192	0.0025015	1.0447	0.754685	0.743611	0.773894
-1.15192	0.002509	1.11054	0.840124	0.825892	0.863435
-1.15192	0.0025165	1.613	1.36089	1.3368	1.39603
-1.15192	0.002524	2.59037	2.29111	2.24247	2.35891
-1.15192	0.0025315	4.06726	3.62686	3.55895	3.7236
-1.15192	0.002539	5.90946	5.4712	5.37822	5.62936
-1.15192	0.0025465	8.29351	7.83735	7.65624	8.05771
-1.15192	0.002554	11.2289	10.6352	10.1138	10.9136
-1.0472	0.002464	6.9242	6.58562	6.49906	6.69372
-1.0472	0.0024715	5.069	4.72293	4.66738	4.79402
-1.0472	0.002479	3.63935	3.27914	3.24628	3.32346
-1.0472	0.0024865	2.6446	2.24143	2.21702	2.27771
-1.0472	0.002494	2.09898	1.62426	1.60528	1.65555
-1.0472	0.0025015	1.88112	1.43423	1.41673	1.46424
-1.0472	0.002509	2.0002	1.5872	1.56528	1.62295
-1.0472	0.0025165	2.57871	2.14947	2.10766	2.21735
-1.0472	0.002524	3.62204	3.09039	3.02745	3.17636
-1.0472	0.0025315	5.20199	4.50671	4.42322	4.62611
-1.0472	0.002539	6.925	6.43799	6.32991	6.59021
-1.0472	0.0025465	9.51527	8.91431	8.69109	9.13971
-1.0472	0.002554	12.6148	11.498	11.5658	12.0647
-0.942478	0.002464	7.69785	7.21294	7.13007	7.3181
-0.942478	0.0024715	5.92903	5.43175	5.37735	5.50338
-0.942478	0.002479	4.58638	4.07084	4.03655	4.11931
-0.942478	0.0024865	3.68834	3.14272	3.11392	3.18723
-0.942478	0.002494	3.23947	2.61537	2.58957	2.65861
-0.942478	0.0025015	3.13145	2.53204	2.5072	2.57415
-0.942478	0.002509	3.32727	2.74847	2.71608	2.79916
-0.942478	0.0025165	3.9792	3.30864	3.25311	3.39677
-0.942478	0.002524	5.11317	4.32745	4.24864	4.44048
-0.942478	0.0025315	6.65244	5.82628	5.72953	5.97039
-0.942478	0.002539	8.6677	7.84376	7.71963	8.02267
-0.942478	0.0025465	10.6285	10.1394	10.1626	10.6272
-0.942478	0.002554	14.4467	13.3203	13.1147	13.6371
-0.837758	0.002464	9.03709	8.3907	8.31017	8.49509
-0.837758	0.0024715	7.35299	6.68996	6.63534	6.7643
-0.837758	0.002479	6.10627	5.41725	5.37977	5.46635
-0.837758	0.0024865	5.30309	4.57989	4.55251	4.62504
-0.837758	0.002494	4.95811	4.15428	4.11669	4.21611
-0.837758	0.0025015	4.94756	4.153	4.10919	4.22153
-0.837758	0.002509	5.21155	4.42201	4.37412	4.50033
-0.837758	0.0025165	5.93707	5.05316	4.98397	5.16172
-0.837758	0.002524	7.15475	6.14665	6.05325	6.28033
-0.837758	0.0025315	8.78456	7.72656	7.61119	7.89677
-0.837758	0.002539	10.8909	9.82891	9.68788	10.035
-0.837758	0.0025465	13.4131	12.4012	12.211	12.724
-0.837758	0.002554	16.2967	15.1152	15.2433	15.8814
-0.733038	0.002464	11.0719	10.2565	10.1709	10.362
-0.733038	0.0024715	9.47668	8.63591	8.57993	8.71476
-0.733038	0.002479	8.31787	7.45253	7.40986	7.51808
-0.733038	0.0024865	7.59814	6.69648	6.65933	6.75886
-0.733038	0.002494	7.34414	6.38717	6.34072	6.46608
-0.733038	0.0025015	7.44763	6.46982	6.42366	6.53302
-0.733038	0.002509	7.77822	6.78906	6.72904	6.88725
-0.733038	0.0025165	8.57779	7.52791	7.44587	7.66223
-0.733038	0.002524	9.80691	8.69687	8.58942	8.85812
-0.733038	0.0025315	11.3547	10.3557	10.2235	10.553
-0.733038	0.002539	13.3603	12.5003	12.3908	12.7758
-0.733038	0.0025465	16.3363	15.1935	14.9215	15.5538
-0.733038	0.002554	19.9727	18.4612	18.1647	18.808
-0.628319	0.002464	13.8918	12.9494	12.8701	13.0575
-0.628319	0.0024715	12.3751	11.4166	11.3543	11.5016
-0.628319	0.002479	11.306	10.2972	10.2581	10.3782
-0.628319	0.0024865	10.6867	9.63847	9.59471	9.71263
-0.628319	0.002494	10.5293	9.43886	9.38692	9.52389
-0.628319	0.0025015	10.6914	9.5766	9.52367	9.6658
-0.628319	0.002509	11.1515	9.98606	9.92242	10.0901
-0.628319	0.0025165	12.0212	10.8561	10.7749	10.9822
-0.628319	0.002524	13.3725	12.1246	12.0027	12.3136
-0.628319	0.0025315	14.9714	13.8624	13.7131	14.0872
-0.628319	0.002539	17.56	16.1287	15.7215	16.3918
-0.628319	0.0025465	20.089	18.8582	18.637	19.1922
-0.628319	0.002554	23.0442	21.7028	21.9276	22.5927
-0.523599	0.002464	17.6395	16.5853	16.5102	16.6889
-0.523599	0.0024715	16.2163	15.122	15.0672	15.1935
-0.523599	0.002479	15.2261	14.0979	14.0515	14.1743
-0.523599	0.0024865	14.6978	13.5142	13.4625	13.5862
-0.523599	0.002494	14.6352	13.4127	13.3345	13.4808
-0.523599	0.0025015	14.8369	13.6084	13.545	13.715
-0.523599	0.002509	15.3807	14.0761	14.0005	14.1995
-0.523599	0.0025165	16.3512	15.007	14.9122	15.1547
-0.523599	0.002524	17.696	16.4266	16.3093	16.6081
-0.523599	0.0025315	19.4989	18.3642	18.2214	18.5807
-0.523599	0.002539	21.7021	20.732	20.3183	21.0231
-0.523599	0.0025465	24.4927	23.5354	23.2919	23.9855
-0.523599	0.002554	27.8382	26.9731	25.9726	27.0728
-0.418879	0.002464	22.4191	21.1962	21.1161	21.2983
-0.418879	0.0024715	21.0785	19.8042	19.7448	19.8955
-0.418879	0.002479	20.1731	18.8599	18.7926	18.9486
-0.418879	0.0024865	19.7333	18.3843	18.2945	18.4413
-0.418879	0.002494	19.713	18.3232	18.2477	18.44
-0.418879	0.0025015	19.881	18.6344	18.5656	18.7417
-0.418879	0.002509	20.479	19.1968	19.1093	19.3395
-0.418879	0.0025165	21.5026	20.1848	20.0771	20.3535
-0.418879	0.002524	23.0521	21.6665	21.534	21.8675
-0.418879	0.0025315	25.1335	23.6688	23.5149	23.9056
-0.418879	0.002539	27.3109	26.1369	25.9302	26.4952
-0.418879	0.0025465	29.8457	29.2237	28.8397	29.5637
-0.418879	0.002554	33.748	32.6021	32.5639	33.1654
-0.314159	0.002464	28.2712	26.9191	26.8261	27.0368
-0.314159	0.0024715	27.0445	25.6082	25.5453	25.7072
-0.314159	0.002479	26.1865	24.7204	24.663	24.8189
-0.314159	0.0024865	25.7474	24.3038	24.24	24.4123
-0.314159	0.002494	25.7774	24.2878	24.2214	24.4005
-0.314159	0.0025015	25.9775	24.5746	24.5045	24.691
-0.314159	0.002509	26.6303	25.2311	25.1452	25.3685
-0.314159	0.0025165	27.7024	26.3574	26.2503	26.5215
-0.314159	0.002524	29.315	27.9835	27.8508	28.1737
-0.314159	0.0025315	31.4625	30.1274	29.7978	30.3416
-0.314159	0.002539	34.0113	32.7089	32.1367	32.9974
-0.314159	0.0025465	36.5349	35.6607	34.9258	35.8931
-0.314159	0.002554	40.5936	39.0515	38.8909	39.4545
-0.20944	0.002464	35.0231	33.8161	33.7568	33.8873
-0.20944	0.0024715	33.8697	32.5803	32.5158	32.6769
-0.20944	0.002479	33.1686	31.6838	31.6241	31.7829
-0.20944	0.0024865	32.8399	31.2601	31.1961	31.3688
-0.20944	0.002494	32.9526	31.2977	31.2216	31.4263
-0.20944	0.0025015	33.183	31.6324	31.5536	31.763
-0.20944	0.002509	33.8861	32.3349	32.2392	32.4879
-0.20944	0.0025165	35.0033	33.5102	33.3925	33.6912
-0.20944	0.002524	36.6734	35.1817	35.04	35.3967
-0.20944	0.0025315	38.8821	37.3273	37.2243	37.6343
-0.20944	0.002539	41.6568	39.7879	39.8207	40.3563
-0.20944	0.0025465	45.0238	42.8241	42.6283	43.4085
-0.20944	0.002554	48.0322	46.465	45.9879	47.5689
-0.10472	0.002464	42.8346	41.5688	41.5087	41.6671
-0.10472	0.0024715	41.6713	40.4245	40.3724	40.5074
-0.10472	0.002479	40.9597	39.6608	39.6107	39.7449
-0.10472	0.0024865	40.7114	39.3504	39.2793	39.4492
-0.10472	0.002494	40.9416	39.4578	39.3727	39.6013
-0.10472	0.0025015	41.2857	39.8399	39.7532	39.9832
-0.10472	0.002509	42.0692	40.5835	40.4789	40.7505
-0.10472	0.0025165	43.351	41.8027	41.6756	41.9994
-0.10472	0.002524	45.0767	43.5212	43.3696	43.7458
-0.10472	0.0025315	47.2894	45.7375	45.3444	45.9816
-0.10472	0.002539	50.0636	48.2284	48.1856	48.7745
-0.10472	0.0025465	53.4276	51.296	51.4016	52.0309
-0.10472	0.002554	56.9452	55.5581	55.2701	55.6592
-2.66454e-15	0.002464	51.5644	50.2801	50.217	50.375
-2.66454e-15	0.0024715	50.4612	49.1261	49.0718	49.2139
-2.66454e-15	0.002479	49.8123	48.4216	48.3675	48.513
-2.66454e-15	0.0024865	49.6296	48.1752	48.1132	48.2808
-2.66454e-15	0.002494	49.9309	48.3963	48.3188	48.5259
-2.66454e-15	0.0025015	50.2826	48.8887	48.809	49.0184
-2.66454e-15	0.002509	51.1127	49.7488	49.6502	49.9034
-2.66454e-15	0.0025165	52.3586	51.0023	50.8813	51.1912
-2.66454e-15	0.002524	54.1528	52.7136	52.5682	52.9361
-2.66454e-15	0.0025315	56.4909	54.9581	54.7894	55.2151
-2.66454e-15	0.002539	59.3952	57.6598	57.4383	58.0545
-2.66454e-15	0.0025465	62.853	60.9857	60.7289	61.3553
-2.66454e-15	0.002554	66.5463	64.9159	64.6239	65.3435
0.10472	0.002464	61.0962	59.9761	59.913	60.0724
0.10472	0.0024715	60.0801	58.8728	58.8167	58.9642
0.10472	0.002479	59.522	58.2208	58.1633	58.3181
0.10472	0.0024865	59.4343	58.0285	57.9617	58.1421
0.10472	0.002494	59.6743	58.1929	58.1234	58.3095
0.10472	0.0025015	59.983	58.5987	58.5245	58.7205
0.10472	0.002509	60.8022	59.4521	59.3603	59.597
0.10472	0.0025165	62.1147	60.7851	60.6716	60.9588
0.10472	0.002524	63.9418	62.6218	62.4854	62.8272
0.10472	0.0025315	66.3164	64.9877	64.8317	65.2237
0.10472	0.002539	69.2346	67.7124	67.5852	68.1962
0.10472	0.0025465	72.8006	71.2558	71.0084	71.6069
0.10472	0.002554	76.5724	75.2585	74.9584	75.6836
0.20944	0.002464	71.2906	70.2227	70.1737	70.298
0.20944	0.0024715	70.3174	69.2036	69.1603	69.2752
0.20944	0.002479	69.7607	68.6396	68.5934	68.7182
0.20944	0.0024865	69.5668	68.4521	68.4056	68.5314
0.20944	0.002494	69.8526	68.6711	68.6111	68.7773
0.20944	0.0025015	70.2737	69.1247	69.0475	69.2511
0.20944	0.002509	71.1855	69.9974	69.9023	70.1475
0.20944	0.0025165	72.602	71.3519	71.2347	71.5312
0.20944	0.002524	74.5395	73.2125	73.0724	73.4237
0.20944	0.0025315	76.9627	75.604	75.4446	75.8456
0.20944	0.002539	79.9352	78.4391	78.2214	78.8471
0.20944	0.0025465	83.5069	81.9259	81.6739	82.2841
0.20944	0.002554	87.1512	86.0153	85.7296	86.4208
0.314159	0.002464	82.1179	81.1515	81.1014	81.2251
0.314159	0.0024715	81.0364	80.0234	79.9822	80.0894
0.314159	0.002479	80.4095	79.3475	79.3068	79.4174
0.314159	0.0024865	80.2493	79.1318	79.0839	79.2134
0.314159	0.002494	80.5711	79.386	79.3238	79.4897
0.314159	0.0025015	81.0173	79.9219	79.855	80.0295
0.314159	0.002509	81.9371	80.8853	80.7999	81.017
0.314159	0.0025165	83.3659	82.3355	82.2285	82.496
0.314159	0.002524	85.3169	84.2992	84.1714	84.4894
0.314159	0.0025315	87.8039	86.8097	86.2601	87.025
0.314159	0.002539	90.8723	89.7217	89.5235	90.0112
0.314159	0.0025465	94.3655	93.2843	93.0301	93.6456
0.314159	0.002554	98.8421	97.3943	97.1066	97.8028
0.418879	0.002464	92.8236	92.1299	92.093	92.1836
0.418879	0.0024715	91.795	91.0652	91.0361	91.112
0.418879	0.002479	91.2255	90.4564	90.4268	90.5064
0.418879	0.0024865	91.1257	90.3106	90.2736	90.3736
0.418879	0.002494	91.5108	90.6279	90.5651	90.7234
0.418879	0.0025015	92.0657	91.1924	91.1257	91.2993
0.418879	0.002509	93.0606	92.1556	92.0703	92.287
0.418879	0.0025165	94.57	93.6075	93.5007	93.7675
0.418879	0.002524	96.561	95.5746	95.4473	95.7641
0.418879	0.0025315	99.0496	98.0905	97.8179	98.3046
0.418879	0.002539	102.101	101.005	100.808	101.376
0.418879	0.0025465	105.676	104.543	104.326	104.847
0.418879	0.002554	109.87	108.652	108.402	109.001
0.523599	0.002464	103.744	103.093	103.058	103.143
0.523599	0.0024715	102.721	102.035	102.008	102.079
0.523599	0.002479	102.158	101.434	101.406	101.482
0.523599	0.0024865	102.066	101.299	101.262	101.36
0.523599	0.002494	102.46	101.638	101.586	101.721
0.523599	0.0025015	103.042	102.29	102.234	102.378
0.523599	0.002509	104.026	103.322	103.247	103.433
0.523599	0.0025165	105.524	104.847	104.752	104.986
0.523599	0.002524	107.478	106.838	106.739	106.988
0.523599	0.0025315	109.969	109.309	109.179	109.502
0.523599	0.002539	112.999	112.152	111.991	112.493
0.523599	0.0025465	116.644	115.656	115.442	115.956
0.523599	0.002554	120.906	119.759	119.512	120.103
0.628319	0.002464	114.379	113.979	113.955	114.012
0.628319	0.0024715	113.385	112.958	112.942	112.986
0.628319	0.002479	112.852	112.398	112.38	112.429
0.628319	0.0024865	112.858	112.305	112.279	112.348
0.628319	0.002494	113.22	112.587	112.552	112.646
0.628319	0.0025015	113.733	113.085	113.042	113.154
0.628319	0.002509	114.685	114.04	113.98	114.129
0.628319	0.0025165	116.07	115.48	115.402	115.595
0.628319	0.002524	118	117.431	117.334	117.57
0.628319	0.0025315	120.466	119.925	119.468	120.09
0.628319	0.002539	123.47	122.84	122.67	123.15
0.628319	0.0025465	127.089	126.388	126.189	126.66
0.628319	0.002554	131.326	129.776	130.333	130.876
0.733038	0.002464	124.676	124.339	124.317	124.369
0.733038	0.0024715	123.658	123.298	123.284	123.321
0.733038	0.002479	123.104	122.719	122.704	122.745
0.733038	0.0024865	122.914	122.54	122.524	122.567
0.733038	0.002494	123.105	122.698	122.673	122.739
0.733038	0.0025015	123.629	123.251	123.217	123.303
0.733038	0.002509	124.621	124.248	124.198	124.32
0.733038	0.0025165	126.052	125.735	125.667	125.831
0.733038	0.002524	128.024	127.738	127.653	127.859
0.733038	0.0025315	130.535	130.129	129.973	130.359
0.733038	0.002539	133.607	133.094	132.93	133.393
0.733038	0.0025465	137.206	136.606	136.412	136.868
0.733038	0.002554	141.401	140.746	140.523	141.048
0.837758	0.002464	134.297	134.15	134.136	134.169
0.837758	0.0024715	133.281	133.119	133.112	133.13
0.837758	0.002479	132.629	132.357	132.347	132.374
0.837758	0.0024865	132.306	132.011	131.998	132.032
0.837758	0.002494	132.459	132.136	132.114	132.171
0.837758	0.0025015	132.966	132.665	132.636	132.71
0.837758	0.002509	133.909	133.614	133.569	133.679
0.837758	0.0025165	135.296	135.053	134.99	135.142
0.837758	0.002524	137.217	136.96	136.929	137.121
0.837758	0.0025315	139.677	139.513	139.287	139.576
0.837758	0.002539	142.696	142.417	142.265	142.742
0.837758	0.0025465	146.272	145.998	145.82	146.235
0.837758	0.002554	150.491	150.151	149.945	150.425
0.942478	0.002464	142.975	142.882	142.869	142.899
0.942478	0.0024715	141.745	141.66	141.651	141.673
0.942478	0.002479	140.948	140.851	140.847	140.858
0.942478	0.0024865	140.616	140.507	140.502	140.516
0.942478	0.002494	140.76	140.636	140.623	140.657
0.942478	0.0025015	141.313	141.197	141.175	141.229
0.942478	0.002509	142.275	142.166	142.129	142.217
0.942478	0.0025165	143.738	143.583	143.525	143.702
0.942478	0.002524	145.497	145.477	145.34	145.58
0.942478	0.0025315	148.001	147.666	147.702	148.014
0.942478	0.002539	150.955	150.763	150.619	151.076
0.942478	0.0025465	154.459	154.283	154.112	154.506
0.942478	0.002554	158.607	158.371	158.173	158.023
1.0472	0.002464	150.448	150.418	150.394	150.447
1.0472	0.0024715	149.13	149.091	149.082	149.102
1.0472	0.002479	148.269	148.221	148.219	148.225
1.0472	0.0024865	147.872	147.816	147.813	147.821
1.0472	0.002494	147.949	147.883	147.873	147.899
1.0472	0.0025015	148.467	148.405	148.387	148.431
1.0472	0.002509	149.359	149.304	149.271	149.347
1.0472	0.0025165	150.747	150.695	150.646	150.76
1.0472	0.002524	152.667	152.605	152.46	152.691
1.0472	0.0025315	154.977	155.069	154.842	155.08
1.0472	0.002539	157.913	157.464	157.777	158.194
1.0472	0.0025465	161.48	161.448	161.288	161.651
1.0472	0.002554	165.594	165.228	165.284	165.718
1.15192	0.002464	156.748	156.746	156.721	156.777
1.15192	0.0024715	155.352	155.345	155.335	155.356
1.15192	0.002479	154.413	154.401	154.399	154.403
1.15192	0.0024865	153.939	153.922	153.921	153.924
1.15192	0.002494	153.937	153.916	153.908	153.926
1.15192	0.0025015	154.41	154.393	154.374	154.41
1.15192	0.002509	155.223	155.209	155.18	155.245
1.15192	0.0025165	156.528	156.517	156.473	156.575
1.15192	0.002524	158.358	158.287	158.115	158.422
1.15192	0.0025315	160.599	160.724	160.507	160.736
1.15192	0.002539	163.472	163.484	163.357	163.785
1.15192	0.0025465	166.923	166.935	166.783	167.092
1.15192	0.002554	170.975	170.984	170.809	170.89
1.25664	0.002464	161.728	161.703	161.674	161.738
1.25664	0.0024715	160.213	160.216	160.205	160.23
1.25664	0.002479	159.186	159.186	159.184	159.189
1.25664	0.0024865	158.622	158.622	158.621	158.622
1.25664	0.002494	158.531	158.531	158.526	158.537
1.25664	0.0025015	158.921	158.922	158.907	158.943
1.25664	0.002509	159.674	159.679	159.654	159.71
1.25664	0.0025165	160.89	160.898	160.858	160.948
1.25664	0.002524	162.562	162.633	162.58	162.702
1.25664	0.0025315	164.785	164.917	164.711	164.925
1.25664	0.002539	167.561	167.587	167.468	167.873
1.25664	0.0025465	170.911	170.942	170.765	171.122
1.25664	0.002554	174.859	173.975	174.726	175.104
1.36136	0.002464	165.136	165.122	165.089	165.165
1.36136	0.0024715	163.556	163.541	163.526	163.56
1.36136	0.002479	162.431	162.416	162.412	162.422
1.36136	0.0024865	161.769	161.757	161.756	161.757
1.36136	0.002494	161.578	161.569	161.566	161.574
1.36136	0.0025015	161.868	161.866	161.853	161.883
1.36136	0.002509	162.563	162.559	162.538	162.586
1.36136	0.0025165	163.684	163.681	163.645	163.727
1.36136	0.002524	165.528	165.317	165.2	165.381
1.36136	0.0025315	167.392	167.5	167.304	167.504
1.36136	0.002539	170.064	170.072	169.959	170.344
1.36136	0.0025465	173.307	173.323	173.186	173.493
1.36136	0.002554	177.142	177.164	177.008	177.276
1.46608	0.002464	166.958	166.89	166.849	166.944
1.46608	0.0024715	165.275	165.206	165.186	165.235
1.46608	0.002479	164.047	163.98	163.972	163.992
1.46608	0.0024865	163.28	163.253	163.216	163.258
1.46608	0.002494	162.982	163.334	162.925	162.934
1.46608	0.0025015	163.165	163.121	163.109	163.136
1.46608	0.002509	163.792	163.745	163.726	163.77
1.46608	0.0025165	164.815	164.767	164.733	164.808
1.46608	0.002524	166.319	166.299	166.252	166.358
1.46608	0.0025315	168.408	168.374	168.176	168.378
1.46608	0.002539	170.894	170.845	170.737	171.056
1.46608	0.0025465	173.992	173.986	173.855	174.147
1.46608	0.002554	177.689	177.661	177.525	177.828
1.5708	0.002464	167.111	166.948	166.896	167.019
1.5708	0.0024715	165.321	165.16	165.131	165.201
1.5708	0.002479	163.985	163.827	163.813	163.877
1.5708	0.0024865	163.11	162.958	162.951	162.969
1.5708	0.002494	162.702	162.592	162.554	162.57
1.5708	0.0025015	162.772	162.644	162.632	162.66
1.5708	0.002509	163.322	163.193	163.174	163.218
1.5708	0.0025165	164.248	164.112	164.08	164.153
1.5708	0.002524	165.673	165.538	165.493	165.596
1.5708	0.0025315	167.612	167.394	167.328	167.574
1.5708	0.002539	170.141	169.871	169.768	170.119
1.5708	0.0025465	172.648	172.306	172.773	173.055
1.5708	0.002554	176.598	176.474	176.344	176.635
1.67552	0.002464	165.603	165.301	165.237	165.393
1.67552	0.0024715	163.706	163.406	163.366	163.465
1.67552	0.002479	162.261	161.966	161.943	162.001
1.67552	0.0024865	161.276	160.988	160.975	161.01
1.67552	0.002494	160.757	160.48	160.47	160.498
1.67552	0.0025015	160.714	160.453	160.439	160.474
1.67552	0.002509	161.156	160.916	160.893	160.948
1.67552	0.0025165	162.006	161.738	162.015	161.781
1.67552	0.002524	163.332	163.059	162.96	163.118
1.67552	0.0025315	165.167	164.812	164.862	164.991
1.67552	0.002539	167.548	167.18	166.609	167.419
1.67552	0.0025465	170.469	170.096	169.972	170.248
1.67552	0.002554	173.838	173.599	173.454	173.778
1.78024	0.002464	162.501	162.017	161.936	162.134
1.78024	0.0024715	160.498	160.016	159.962	160.097
1.78024	0.002479	158.947	158.469	158.435	158.523
1.78024	0.0024865	157.854	157.382	157.36	157.419
1.78024	0.002494	157.225	156.765	156.771	156.794
1.78024	0.0025015	157.07	156.626	156.607	156.656
1.78024	0.002509	157.398	156.977	156.951	157.014
1.78024	0.0025165	158.171	157.725	157.69	157.774
1.78024	0.002524	159.402	158.945	158.897	159.009
1.78024	0.0025315	161.146	160.695	160.617	160.771
1.78024	0.002539	163.366	162.859	162.758	163.092
1.78024	0.0025465	166.164	165.665	165.543	165.818
1.78024	0.002554	169.538	169.055	168.911	169.233
1.88496	0.002464	157.928	157.218	157.118	157.365
1.88496	0.0024715	155.824	155.113	155.043	155.22
1.88496	0.002479	154.17	153.462	153.414	153.539
1.88496	0.0024865	152.972	152.27	152.236	152.327
1.88496	0.002494	152.237	151.546	151.519	151.591
1.88496	0.0025015	151.973	151.299	151.273	151.341
1.88496	0.002509	152.19	151.539	151.508	151.586
1.88496	0.0025165	152.879	152.211	152.172	152.269
1.88496	0.002524	154.023	153.335	153.283	153.407
1.88496	0.0025315	155.674	154.896	154.924	155.068
1.88496	0.002539	157.813	157.053	156.95	157.283
1.88496	0.0025465	160.506	159.753	158.956	159.598
1.88496	0.002554	163.956	163.034	162.89	163.215
1.98968	0.002464	152.052	151.074	150.952	151.256
1.98968	0.0024715	149.852	148.871	148.782	149.01
1.98968	0.002479	148.101	147.121	147.056	147.226
1.98968	0.0024865	146.804	145.829	145.781	145.909
1.98968	0.002494	145.969	145.003	144.981	145.068
1.98968	0.0025015	145.603	144.652	144.616	144.711
1.98968	0.002509	145.713	144.786	144.748	144.847
1.98968	0.0025165	146.309	145.38	145.334	145.45
1.98968	0.002524	147.375	146.414	146.357	146.497
1.98968	0.0025315	148.941	147.969	147.903	148.045
1.98968	0.002539	151.032	149.924	149.843	150.181
1.98968	0.0025465	153.605	152.065	152.391	152.714
1.98968	0.002554	156.773	154.978	155.583	155.917
2.0944	0.002464	144.841	143.576	143.454	143.763
2.0944	0.0024715	142.718	141.445	141.353	141.591
2.0944	0.002479	140.946	139.659	139.575	139.795
2.0944	0.0024865	139.558	138.273	138.208	138.381
2.0944	0.002494	138.629	137.351	137.299	137.441
2.0944	0.0025015	138.167	136.921	136.855	136.983
2.0944	0.002509	138.18	136.937	136.889	137.016
2.0944	0.0025165	138.677	137.451	137.396	137.535
2.0944	0.002524	139.672	138.397	138.339	138.499
2.0944	0.0025315	141.164	139.874	139.8	139.983
2.0944	0.002539	143.097	141.894	141.662	142.008
2.0944	0.0025465	145.497	144.284	144.153	144.457
2.0944	0.002554	148.465	147.333	147.178	147.515
2.19911	0.002464	136.654	135.059	134.912	135.286
2.19911	0.0024715	134.451	132.843	132.729	133.025
2.19911	0.002479	132.699	131.083	130.993	131.23
2.19911	0.0024865	131.404	129.785	129.713	129.908
2.19911	0.002494	130.451	128.832	128.764	128.949
2.19911	0.0025015	129.872	128.293	128.233	128.397
2.19911	0.002509	129.724	128.235	128.176	128.334
2.19911	0.0025165	130.057	128.667	128.603	128.769
2.19911	0.002524	130.885	129.547	129.475	129.645
2.19911	0.0025315	132.208	130.837	130.762	130.947
2.19911	0.002539	134.041	132.666	132.466	132.784
2.19911	0.0025465	136.409	134.897	134.771	135.188
2.19911	0.002554	139.266	137.789	137.643	137.981
2.30383	0.002464	127.816	125.873	125.699	126.144
2.30383	0.0024715	125.54	123.581	123.443	123.803
2.30383	0.002479	123.661	121.743	121.632	121.926
2.30383	0.0024865	122.223	120.366	120.275	120.52
2.30383	0.002494	121.245	119.456	119.379	119.591
2.30383	0.0025015	120.58	118.91	118.843	119.023
2.30383	0.002509	120.35	118.695	118.633	118.8
2.30383	0.0025165	120.598	118.969	118.905	119.073
2.30383	0.002524	121.357	119.694	119.621	119.809
2.30383	0.0025315	122.625	120.918	120.856	121.045
2.30383	0.002539	124.398	122.676	122.262	122.811
2.30383	0.0025465	126.7	124.843	124.711	125.138
2.30383	0.002554	129.451	127.659	127.507	127.863
2.40855	0.002464	118.19	116.202	116.008	116.499
2.40855	0.0024715	115.784	113.779	113.624	114.024
2.40855	0.002479	113.826	111.807	111.683	112.009
2.40855	0.0024865	112.321	110.291	110.19	110.461
2.40855	0.002494	111.273	109.241	109.154	109.387
2.40855	0.0025015	110.692	108.663	108.585	108.797
2.40855	0.002509	110.584	108.569	108.491	108.697
2.40855	0.0025165	110.787	108.809	108.734	108.934
2.40855	0.002524	111.422	109.483	109.399	109.615
2.40855	0.0025315	112.537	110.651	110.558	110.795
2.40855	0.002539	114.151	112.347	112.247	112.5
2.40855	0.0025465	116.287	114.14	114.266	114.659
2.40855	0.002554	119.15	116.996	116.887	117.195
2.51327	0.002464	108.313	106.002	105.78	106.343
2.51327	0.0024715	105.853	103.521	103.341	103.805
2.51327	0.002479	103.839	101.488	101.342	101.726
2.51327	0.0024865	102.275	99.9105	99.7901	100.112
2.51327	0.002494	101.123	98.7949	98.6918	98.9704
2.51327	0.0025015	100.406	98.1504	98.0571	98.3091
2.51327	0.002509	100.157	97.9861	97.8959	98.1367
2.51327	0.0025165	100.388	98.3154	98.223	98.4652
2.51327	0.002524	100.942	98.9406	98.8582	99.0732
2.51327	0.0025315	102.021	99.9366	99.8665	100.102
2.51327	0.002539	103.595	101.494	101.32	101.648
2.51327	0.0025465	105.686	103.249	103.333	103.739
2.51327	0.002554	108.316	106.052	105.898	106.227
2.61799	0.002464	98.2322	95.7973	95.5706	96.1512
2.61799	0.0024715	95.6591	93.3498	93.148	93.6552
2.61799	0.002479	93.5276	91.1985	91.0402	91.4536
2.61799	0.0024865	91.8427	89.4984	89.3685	89.7135
2.61799	0.002494	90.6107	88.2566	88.1471	88.4418
2.61799	0.0025015	89.838	87.4815	87.3846	87.6464
2.61799	0.002509	89.533	87.183	87.0919	87.3367
2.61799	0.0025165	89.7044	87.3726	87.2809	87.5224
2.61799	0.002524	90.3626	88.0191	87.9207	88.1768
2.61799	0.0025315	91.477	89.0572	88.9487	89.2259
2.61799	0.002539	93.0161	90.6231	90.5078	90.7997
2.61799	0.0025465	94.9575	92.6022	92.4472	92.9313
2.61799	0.002554	97.4314	95.1676	95.0206	95.372
2.72271	0.002464	87.9238	85.4102	85.1672	85.7849
2.72271	0.0024715	85.4295	82.8861	82.6876	83.2008
2.72271	0.002479	83.3792	80.8098	80.6383	81.0753
2.72271	0.0024865	81.6843	79.0714	78.9235	79.3155
2.72271	0.002494	80.408	77.7817	77.6566	77.9927
2.72271	0.0025015	79.5706	76.9562	76.8459	77.1439
2.72271	0.002509	79.14	76.6051	76.5022	76.7787
2.72271	0.0025165	79.1811	76.7383	76.637	76.9061
2.72271	0.002524	79.7053	77.3439	77.237	77.5165
2.72271	0.0025315	80.6877	78.3294	78.224	78.4936
2.72271	0.002539	82.1561	79.748	79.6342	79.9222
2.72271	0.0025465	84.139	81.6016	81.4534	81.8786
2.72271	0.002554	86.6602	84.0521	83.8851	84.285
2.82743	0.002464	77.988	75.2556	74.9897	75.6651
2.82743	0.0024715	75.4631	72.6973	72.4785	73.0436
2.82743	0.002479	73.3221	70.5845	70.4038	70.8782
2.82743	0.0024865	71.6138	68.9233	68.772	69.1753
2.82743	0.002494	70.2594	67.721	67.5907	67.9417
2.82743	0.0025015	69.3259	66.8118	66.7004	67.0007
2.82743	0.002509	68.8534	66.3399	66.2385	66.5117
2.82743	0.0025165	68.8513	66.3486	66.2507	66.512
2.82743	0.002524	69.3291	66.8302	66.7278	66.9963
2.82743	0.0025315	70.2919	67.7122	67.6003	67.8882
2.82743	0.002539	71.7444	69.1061	68.9855	69.2922
2.82743	0.0025465	73.7073	70.7339	70.7854	71.2203
2.82743	0.002554	76.1055	73.3601	73.1885	73.6023
2.93215	0.002464	68.2994	65.7326	65.4511	66.1645
2.93215	0.0024715	65.6948	63.0909	62.8633	63.4463
2.93215	0.002479	63.5049	60.8811	60.6946	61.1807
2.93215	0.0024865	61.7683	59.1194	58.965	59.3739
2.93215	0.002494	60.4809	57.8127	57.6819	58.0328
2.93215	0.0025015	59.6498	56.9696	56.8542	57.1655
2.93215	0.002509	59.2429	56.5511	56.4415	56.7374
2.93215	0.0025165	59.1658	56.5197	56.415	56.695
2.93215	0.002524	59.5224	56.9657	56.8585	57.1416
2.93215	0.0025315	60.3631	57.8346	57.718	58.0199
2.93215	0.002539	61.6876	59.2109	59.0852	59.3934
2.93215	0.0025465	63.5192	61.005	60.7766	61.1877
2.93215	0.002554	65.8786	63.2254	63.0638	63.4534
3.03687	0.002464	59.3161	56.6499	56.3515	57.105
3.03687	0.0024715	56.6973	53.9861	53.7437	54.3634
3.03687	0.002479	54.4891	51.7533	51.554	52.0722
3.03687	0.0024865	52.7309	49.9662	49.8011	50.2374
3.03687	0.002494	51.3912	48.6319	48.4923	48.8663
3.03687	0.0025015	50.4571	47.7587	47.6363	47.9666
3.03687	0.002509	49.9834	47.3563	47.2434	47.5474
3.03687	0.0025165	49.8647	47.4128	47.3152	47.5774
3.03687	0.002524	50.1892	47.7427	47.6438	47.9058
3.03687	0.0025315	51.0179	48.4968	48.3894	48.668
3.03687	0.002539	52.339	49.7503	49.6187	49.9321
3.03687	0.0025465	54.1625	51.5247	51.4012	51.7134
3.03687	0.002554	56.51	53.7356	53.5725	54.0781
3.14159	0.002464	51.0094	48.4064	48.1107	48.8576
3.14159	0.0024715	48.3174	45.7796	45.5362	46.1598
3.14159	0.002479	46.051	43.5639	43.3552	43.8966
3.14159	0.0024865	44.2157	41.7393	41.5762	42.004
3.14159	0.002494	42.8075	40.3118	40.1765	40.5369
3.14159	0.0025015	41.8539	39.3416	39.2256	39.5378
3.14159	0.002509	41.3569	38.8383	38.7337	39.0155
3.14159	0.0025165	41.3274	38.8129	38.7125	38.9802
3.14159	0.002524	41.7719	39.2635	39.1632	39.4292
3.14159	0.0025315	42.5945	40.0163	39.9079	40.1896
3.14159	0.002539	43.8144	41.2651	41.1339	41.4488
3.14159	0.0025465	45.5026	43.0318	42.8132	43.2231
3.14159	0.002554	47.7248	45.2383	45.0753	45.471
