
# Surface 0 of 1 surfaces

# Curve title: "file u (getx($1)):(gety($2)):(sqrt(column(c)))"

# Contour 0, label:        3
 0.554057 -2.19911  3 
 0.5535 -2.23627  3 
 0.552087 -2.30383  3 
 0.54875 -2.40855  3 
 0.545 -2.48903  3 
 0.542499 -2.51327  3 
 0.5365 -2.5618  3 
 0.528 -2.5838  3 
 0.5195 -2.58253  3 
 0.511 -2.57408  3 
 0.5025 -2.56603  3 
 0.494 -2.55462  3 
 0.4855 -2.51411  3 
 0.485419 -2.51327  3 
 0.477315 -2.40855  3 
 0.477 -2.40294  3 
 0.47385 -2.30383  3 
 0.471647 -2.19911  3 
 0.470264 -2.09439  3 
 0.469458 -1.98967  3 
 0.469021 -1.88495  3 
 0.468716 -1.78023  3 
 0.468513 -1.67551  3 
 0.4685 -1.66688  3 
 0.468383 -1.5708  3 
 0.4685 -1.48274  3 
 0.468526 -1.46608  3 
 0.468501 -1.36136  3 
 0.468607 -1.25664  3 
 0.468963 -1.15192  3 
 0.469842 -1.0472  3 
 0.471544 -0.942477  3 
 0.474454 -0.837757  3 
 0.477 -0.775202  3 
 0.480319 -0.733038  3 
 0.4855 -0.683259  3 
 0.494 -0.653096  3 
 0.5025 -0.643297  3 
 0.511 -0.642287  3 
 0.5195 -0.643951  3 
 0.528 -0.644792  3 
 0.5365 -0.667459  3 
 0.543913 -0.733038  3 
 0.545 -0.74549  3 
 0.549013 -0.837757  3 
 0.55208 -0.942477  3 
 0.5535 -1.01689  3 
 0.553927 -1.0472  3 
 0.554933 -1.15192  3 
 0.555636 -1.25664  3 
 0.556069 -1.36136  3 
 0.556317 -1.46608  3 
 0.556431 -1.5708  3 
 0.556439 -1.67551  3 
 0.556337 -1.78023  3 
 0.556164 -1.88495  3 
 0.55579 -1.98967  3 
 0.555126 -2.09439  3 
 0.554057 -2.19911  3 


# Contour 1, label:        2
 0.546466 -2.09439  2 
 0.545 -2.17479  2 
 0.544227 -2.19911  2 
 0.53887 -2.30383  2 
 0.5365 -2.33553  2 
 0.528 -2.36516  2 
 0.5195 -2.36572  2 
 0.511 -2.35743  2 
 0.5025 -2.34734  2 
 0.494 -2.32808  2 
 0.490525 -2.30383  2 
 0.4855 -2.25782  2 
 0.483029 -2.19911  2 
 0.480157 -2.09439  2 
 0.478512 -1.98967  2 
 0.477607 -1.88495  2 
 0.477114 -1.78023  2 
 0.477 -1.73848  2 
 0.476879 -1.67551  2 
 0.476962 -1.5708  2 
 0.476697 -1.46608  2 
 0.476761 -1.36136  2 
 0.476955 -1.25664  2 
 0.477 -1.24847  2 
 0.477777 -1.15192  2 
 0.479772 -1.0472  2 
 0.483745 -0.942477  2 
 0.4855 -0.912415  2 
 0.494 -0.852839  2 
 0.5025 -0.846699  2 
 0.511 -0.849866  2 
 0.5195 -0.847552  2 
 0.528 -0.847269  2 
 0.5365 -0.888139  2 
 0.540009 -0.942477  2 
 0.544439 -1.0472  2 
 0.545 -1.06851  2 
 0.546377 -1.15192  2 
 0.54753 -1.25664  2 
 0.548235 -1.36136  2 
 0.548617 -1.46608  2 
 0.548783 -1.5708  2 
 0.548779 -1.67551  2 
 0.54859 -1.78023  2 
 0.548274 -1.88495  2 
 0.547636 -1.98967  2 
 0.546466 -2.09439  2 


# Contour 2, label:     1.96
 0.546104 -2.09439  1.96 
 0.545 -2.15497  1.96 
 0.543597 -2.19911  1.96 
 0.538129 -2.30383  1.96 
 0.5365 -2.32561  1.96 
 0.528 -2.35546  1.96 
 0.5195 -2.35578  1.96 
 0.511 -2.34753  1.96 
 0.5025 -2.3376  1.96 
 0.494 -2.31787  1.96 
 0.491988 -2.30383  1.96 
 0.4855 -2.24442  1.96 
 0.483593 -2.19911  1.96 
 0.480674 -2.09439  1.96 
 0.479003 -1.98967  1.96 
 0.478085 -1.88495  1.96 
 0.47759 -1.78023  1.96 
 0.477306 -1.67551  1.96 
 0.477406 -1.5708  1.96 
 0.477033 -1.46608  1.96 
 0.477125 -1.36136  1.96 
 0.477397 -1.25664  1.96 
 0.478263 -1.15192  1.96 
 0.480311 -1.0472  1.96 
 0.484364 -0.942477  1.96 
 0.4855 -0.923021  1.96 
 0.494 -0.862518  1.96 
 0.5025 -0.856138  1.96 
 0.511 -0.85991  1.96 
 0.5195 -0.856915  1.96 
 0.528 -0.856586  1.96 
 0.5365 -0.898262  1.96 
 0.539356 -0.942477  1.96 
 0.543875 -1.0472  1.96 
 0.545 -1.08998  1.96 
 0.546022 -1.15192  1.96 
 0.54719 -1.25664  1.96 
 0.547904 -1.36136  1.96 
 0.548291 -1.46608  1.96 
 0.548458 -1.5708  1.96 
 0.548454 -1.67551  1.96 
 0.548261 -1.78023  1.96 
 0.547939 -1.88495  1.96 
 0.547291 -1.98967  1.96 
 0.546104 -2.09439  1.96 


# Contour 3, label:     1.65
 0.545302 -1.88495  1.645 
 0.545 -1.92935  1.645 
 0.544406 -1.98967  1.645 
 0.54237 -2.09439  1.645 
 0.538636 -2.19911  1.645 
 0.5365 -2.23827  1.645 
 0.528 -2.27653  1.645 
 0.5195 -2.27299  1.645 
 0.511 -2.26335  1.645 
 0.5025 -2.2527  1.645 
 0.494 -2.22297  1.645 
 0.491457 -2.19911  1.645 
 0.4855 -2.12016  1.645 
 0.484742 -2.09439  1.645 
 0.482869 -1.98967  1.645 
 0.481853 -1.88495  1.645 
 0.481338 -1.78023  1.645 
 0.481081 -1.67551  1.645 
 0.48101 -1.5708  1.645 
 0.480694 -1.46608  1.645 
 0.480695 -1.36136  1.645 
 0.481009 -1.25664  1.645 
 0.482092 -1.15192  1.645 
 0.484553 -1.0472  1.645 
 0.4855 -1.0236  1.645 
 0.493489 -0.942477  1.645 
 0.494 -0.938734  1.645 
 0.5025 -0.930469  1.645 
 0.511 -0.939008  1.645 
 0.5195 -0.930646  1.645 
 0.528 -0.929955  1.645 
 0.530355 -0.942477  1.645 
 0.5365 -0.984722  1.645 
 0.539428 -1.0472  1.645 
 0.542504 -1.15192  1.645 
 0.544341 -1.25664  1.645 
 0.545 -1.32102  1.645 
 0.545298 -1.36136  1.645 
 0.545724 -1.46608  1.645 
 0.545905 -1.5708  1.645 
 0.545894 -1.67551  1.645 
 0.545673 -1.78023  1.645 
 0.545302 -1.88495  1.645 


# Contour 4, label:        1
 0.536579 -1.98967  1 
 0.5365 -1.99275  1 
 0.528 -2.08556  1 
 0.5195 -2.05406  1 
 0.511 -2.03392  1 
 0.5025 -2.00601  1 
 0.500165 -1.98967  1 
 0.494 -1.91852  1 
 0.493092 -1.88495  1 
 0.491717 -1.78023  1 
 0.49091 -1.67551  1 
 0.490168 -1.5708  1 
 0.489667 -1.46608  1 
 0.489602 -1.36136  1 
 0.490712 -1.25664  1 
 0.494 -1.16173  1 
 0.495885 -1.15192  1 
 0.5025 -1.13035  1 
 0.511 -1.14413  1 
 0.5195 -1.11709  1 
 0.528 -1.11012  1 
 0.531767 -1.15192  1 
 0.5365 -1.23607  1 
 0.536961 -1.25664  1 
 0.538572 -1.36136  1 
 0.5394 -1.46608  1 
 0.539716 -1.5708  1 
 0.539637 -1.67551  1 
 0.539088 -1.78023  1 
 0.538178 -1.88495  1 
 0.536579 -1.98967  1 

