
# Surface 0 of 1 surfaces

# Curve title: "file u (getx($1)):(gety($2)):(sqrt(column(c)))"

# Contour 0, label:        3
 0.553996 -2.19911  3 
 0.5535 -2.23189  3 
 0.551978 -2.30383  3 
 0.548598 -2.40855  3 
 0.545 -2.48519  3 
 0.542087 -2.51327  3 
 0.5365 -2.55816  3 
 0.528 -2.58005  3 
 0.5195 -2.57901  3 
 0.511 -2.57079  3 
 0.5025 -2.56244  3 
 0.494 -2.55147  3 
 0.485879 -2.51327  3 
 0.4855 -2.51123  3 
 0.477445 -2.40855  3 
 0.477 -2.40075  3 
 0.473899 -2.30383  3 
 0.471675 -2.19911  3 
 0.47028 -2.09439  3 
 0.469465 -1.98967  3 
 0.469026 -1.88495  3 
 0.468732 -1.78023  3 
 0.468534 -1.67551  3 
 0.4685 -1.65075  3 
 0.468409 -1.5708  3 
 0.4685 -1.50449  3 
 0.468564 -1.46608  3 
 0.468554 -1.36136  3 
 0.468689 -1.25664  3 
 0.469069 -1.15192  3 
 0.469977 -1.0472  3 
 0.471713 -0.942477  3 
 0.474659 -0.837757  3 
 0.477 -0.78029  3 
 0.480706 -0.733038  3 
 0.4855 -0.686772  3 
 0.494 -0.656635  3 
 0.5025 -0.646316  3 
 0.511 -0.644969  3 
 0.5195 -0.646199  3 
 0.528 -0.647596  3 
 0.5365 -0.66993  3 
 0.543681 -0.733038  3 
 0.545 -0.748014  3 
 0.54892 -0.837757  3 
 0.552013 -0.942477  3 
 0.5535 -1.01985  3 
 0.553888 -1.0472  3 
 0.554909 -1.15192  3 
 0.555619 -1.25664  3 
 0.556057 -1.36136  3 
 0.556305 -1.46608  3 
 0.556418 -1.5708  3 
 0.556421 -1.67551  3 
 0.556322 -1.78023  3 
 0.556144 -1.88495  3 
 0.555759 -1.98967  3 
 0.555081 -2.09439  3 
 0.553996 -2.19911  3 


# Contour 1, label:        2
 0.546391 -2.09439  2 
 0.545 -2.16969  2 
 0.544048 -2.19911  2 
 0.538586 -2.30383  2 
 0.5365 -2.33149  2 
 0.528 -2.36077  2 
 0.5195 -2.36094  2 
 0.511 -2.35315  2 
 0.5025 -2.34373  2 
 0.494 -2.32416  2 
 0.491037 -2.30383  2 
 0.4855 -2.25418  2 
 0.483148 -2.19911  2 
 0.480221 -2.09439  2 
 0.478543 -1.98967  2 
 0.477619 -1.88495  2 
 0.477119 -1.78023  2 
 0.477 -1.73605  2 
 0.476885 -1.67551  2 
 0.476973 -1.5708  2 
 0.476925 -1.46608  2 
 0.476817 -1.36136  2 
 0.477 -1.27086  2 
 0.47704 -1.25664  2 
 0.477931 -1.15192  2 
 0.480007 -1.0472  2 
 0.484092 -0.942477  2 
 0.4855 -0.918363  2 
 0.494 -0.857567  2 
 0.5025 -0.850374  2 
 0.511 -0.853042  2 
 0.5195 -0.850781  2 
 0.528 -0.850466  2 
 0.5365 -0.890918  2 
 0.539855 -0.942477  2 
 0.544345 -1.0472  2 
 0.545 -1.07181  2 
 0.546334 -1.15192  2 
 0.547508 -1.25664  2 
 0.548223 -1.36136  2 
 0.54861 -1.46608  2 
 0.548773 -1.5708  2 
 0.548762 -1.67551  2 
 0.548563 -1.78023  2 
 0.548246 -1.88495  2 
 0.547586 -1.98967  2 
 0.546391 -2.09439  2 


# Contour 2, label:     1.96
 0.546028 -2.09439  1.96 
 0.545 -2.15007  1.96 
 0.543413 -2.19911  1.96 
 0.537839 -2.30383  1.96 
 0.5365 -2.32158  1.96 
 0.528 -2.35114  1.96 
 0.5195 -2.351  1.96 
 0.511 -2.34325  1.96 
 0.5025 -2.33399  1.96 
 0.494 -2.31397  1.96 
 0.492523 -2.30383  1.96 
 0.4855 -2.24085  1.96 
 0.483717 -2.19911  1.96 
 0.48074 -2.09439  1.96 
 0.479035 -1.98967  1.96 
 0.478098 -1.88495  1.96 
 0.477595 -1.78023  1.96 
 0.477314 -1.67551  1.96 
 0.477428 -1.5708  1.96 
 0.477348 -1.46608  1.96 
 0.477203 -1.36136  1.96 
 0.477502 -1.25664  1.96 
 0.478422 -1.15192  1.96 
 0.480551 -1.0472  1.96 
 0.484718 -0.942477  1.96 
 0.4855 -0.92908  1.96 
 0.494 -0.867265  1.96 
 0.5025 -0.859839  1.96 
 0.511 -0.863137  1.96 
 0.5195 -0.860208  1.96 
 0.528 -0.859769  1.96 
 0.5365 -0.901018  1.96 
 0.539198 -0.942477  1.96 
 0.543778 -1.0472  1.96 
 0.545 -1.09313  1.96 
 0.545979 -1.15192  1.96 
 0.547167 -1.25664  1.96 
 0.547892 -1.36136  1.96 
 0.548284 -1.46608  1.96 
 0.548449 -1.5708  1.96 
 0.548437 -1.67551  1.96 
 0.548234 -1.78023  1.96 
 0.54791 -1.88495  1.96 
 0.547241 -1.98967  1.96 
 0.546028 -2.09439  1.96 


# Contour 3, label:     1.65
 0.54527 -1.88495  1.645 
 0.545 -1.92358  1.645 
 0.544326 -1.98967  1.645 
 0.542233 -2.09439  1.645 
 0.538412 -2.19911  1.645 
 0.5365 -2.23378  1.645 
 0.528 -2.27222  1.645 
 0.5195 -2.26724  1.645 
 0.511 -2.25819  1.645 
 0.5025 -2.24861  1.645 
 0.494 -2.21916  1.645 
 0.491827 -2.19911  1.645 
 0.4855 -2.11686  1.645 
 0.484827 -2.09439  1.645 
 0.482913 -1.98967  1.645 
 0.481871 -1.88495  1.645 
 0.481343 -1.78023  1.645 
 0.481086 -1.67551  1.645 
 0.481081 -1.5708  1.645 
 0.480886 -1.46608  1.645 
 0.480785 -1.36136  1.645 
 0.48114 -1.25664  1.645 
 0.482287 -1.15192  1.645 
 0.484839 -1.0472  1.645 
 0.4855 -1.03097  1.645 
 0.494 -0.943894  1.645 
 0.495045 -0.942477  1.645 
 0.5025 -0.93438  1.645 
 0.510851 -0.942477  1.645 
 0.511 -0.942651  1.645 
 0.51115 -0.942477  1.645 
 0.5195 -0.934447  1.645 
 0.528 -0.933037  1.645 
 0.529802 -0.942477  1.645 
 0.5365 -0.987716  1.645 
 0.539311 -1.0472  1.645 
 0.542432 -1.15192  1.645 
 0.544307 -1.25664  1.645 
 0.545 -1.32314  1.645 
 0.545287 -1.36136  1.645 
 0.545718 -1.46608  1.645 
 0.545897 -1.5708  1.645 
 0.545879 -1.67551  1.645 
 0.545639 -1.78023  1.645 
 0.54527 -1.88495  1.645 


# Contour 4, label:        1
 0.538107 -1.88495  1 
 0.5365 -1.98698  1 
 0.536364 -1.98967  1 
 0.528 -2.07986  1 
 0.5195 -2.04573  1 
 0.511 -2.0271  1 
 0.5025 -2.00083  1 
 0.500828 -1.98967  1 
 0.494 -1.91556  1 
 0.493153 -1.88495  1 
 0.491736 -1.78023  1 
 0.490914 -1.67551  1 
 0.490273 -1.5708  1 
 0.489728 -1.46608  1 
 0.489771 -1.36136  1 
 0.491004 -1.25664  1 
 0.494 -1.17211  1 
 0.497715 -1.15192  1 
 0.5025 -1.1354  1 
 0.511 -1.1476  1 
 0.5195 -1.12169  1 
 0.528 -1.11379  1 
 0.531496 -1.15192  1 
 0.5365 -1.23901  1 
 0.5369 -1.25664  1 
 0.538547 -1.36136  1 
 0.539393 -1.46608  1 
 0.539711 -1.5708  1 
 0.539614 -1.67551  1 
 0.539026 -1.78023  1 
 0.538107 -1.88495  1 

