
# Surface 0 of 1 surfaces

# Curve title: "file u (getx($1)):(gety($2)):(sqrt(column(c)))"

# Contour 0, label:        3
-1.90093  2.464  3 
-1.98967  2.4654  3 
-2.09439  2.46751  3 
-2.19911  2.4704  3 
-2.22852  2.4715  3 
-2.30383  2.47462  3 
-2.37965  2.479  3 
-2.40855  2.481  3 
-2.46887  2.4865  3 
-2.51327  2.49194  3 
-2.52706  2.494  3 
-2.56181  2.5015  3 
-2.58011  2.509  3 
-2.5838  2.5165  3 
-2.57317  2.524  3 
-2.54656  2.5315  3 
-2.51327  2.53739  3 
-2.5026  2.539  3 
-2.42708  2.5465  3 
-2.40855  2.54792  3 
-2.30383  2.55343  3 
-2.28589  2.554  3 

-0.802385  2.464  3 
-0.733038  2.46976  3 
-0.718451  2.4715  3 
-0.673994  2.479  3 
-0.64951  2.4865  3 
-0.642205  2.494  3 
-0.646298  2.5015  3 
-0.658549  2.509  3 
-0.684341  2.5165  3 
-0.723026  2.524  3 
-0.733038  2.52542  3 
-0.785122  2.5315  3 
-0.837757  2.53615  3 
-0.880063  2.539  3 
-0.942477  2.5429  3 
-1.03965  2.5465  3 
-1.0472  2.54676  3 
-1.15192  2.54976  3 
-1.25664  2.55186  3 
-1.36136  2.55338  3 
-1.41049  2.554  3 


# Contour 1, label:        2
-0.877692  2.4865  2 
-0.942477  2.47954  2 
-0.951406  2.479  2 
-1.0472  2.47509  2 
-1.15192  2.47347  2 
-1.25664  2.47338  2 
-1.36136  2.47413  2 
-1.46608  2.47521  2 
-1.5708  2.47643  2 
-1.67551  2.47772  2 
-1.77392  2.479  2 
-1.78023  2.47908  2 
-1.88495  2.48065  2 
-1.98967  2.48265  2 
-2.09439  2.48546  2 
-2.12204  2.4865  2 
-2.19911  2.48997  2 
-2.26081  2.494  2 
-2.30383  2.49807  2 
-2.33143  2.5015  2 
-2.36332  2.509  2 
-2.3661  2.5165  2 
-2.34758  2.524  2 
-2.30383  2.53102  2 
-2.29967  2.5315  2 
-2.19911  2.53806  2 
-2.17259  2.539  2 
-2.09439  2.54113  2 
-1.98967  2.54236  2 
-1.88495  2.54253  2 
-1.78023  2.54215  2 
-1.67551  2.54123  2 
-1.5708  2.54019  2 
-1.47712  2.539  2 
-1.46608  2.53886  2 
-1.36136  2.53753  2 
-1.25664  2.53572  2 
-1.15192  2.53315  2 
-1.10611  2.5315  2 
-1.0472  2.52897  2 
-0.968552  2.524  2 
-0.942477  2.5217  2 
-0.898282  2.5165  2 
-0.861962  2.509  2 
-0.846641  2.5015  2 
-0.847261  2.494  2 
-0.877692  2.4865  2 


# Contour 2, label:     1.96
-0.889096  2.4865  1.96 
-0.942477  2.48077  1.96 
-0.971662  2.479  1.96 
-1.0472  2.47591  1.96 
-1.15192  2.47421  1.96 
-1.25664  2.47408  1.96 
-1.36136  2.47481  1.96 
-1.46608  2.47589  1.96 
-1.5708  2.47711  1.96 
-1.67551  2.4784  1.96 
-1.72218  2.479  1.96 
-1.78023  2.47977  1.96 
-1.88495  2.48134  1.96 
-1.98967  2.48336  1.96 
-2.09439  2.4862  1.96 
-2.1024  2.4865  1.96 
-2.19911  2.49085  1.96 
-2.2473  2.494  1.96 
-2.30383  2.49935  1.96 
-2.32113  2.5015  1.96 
-2.35348  2.509  1.96 
-2.35626  2.5165  1.96 
-2.33771  2.524  1.96 
-2.30383  2.52944  1.96 
-2.28595  2.5315  1.96 
-2.19911  2.53717  1.96 
-2.14729  2.539  1.96 
-2.09439  2.54044  1.96 
-1.98967  2.54172  1.96 
-1.88495  2.54191  1.96 
-1.78023  2.54153  1.96 
-1.67551  2.54063  1.96 
-1.5708  2.53958  1.96 
-1.52538  2.539  1.96 
-1.46608  2.53825  1.96 
-1.36136  2.53688  1.96 
-1.25664  2.53504  1.96 
-1.15192  2.53246  1.96 
-1.12528  2.5315  1.96 
-1.0472  2.52815  1.96 
-0.981548  2.524  1.96 
-0.942477  2.52055  1.96 
-0.908047  2.5165  1.96 
-0.871375  2.509  1.96 
-0.856019  2.5015  1.96 
-0.85721  2.494  1.96 
-0.889096  2.4865  1.96 


# Contour 3, label:     1.65
-0.935565  2.494  1.645 
-0.942477  2.49266  1.645 
-0.991021  2.4865  1.645 
-1.0472  2.48296  1.645 
-1.15192  2.48019  1.645 
-1.25664  2.47966  1.645 
-1.36136  2.48022  1.645 
-1.46608  2.48125  1.645 
-1.5708  2.48247  1.645 
-1.67551  2.48376  1.645 
-1.78023  2.48515  1.645 
-1.8671  2.4865  1.645 
-1.88495  2.4868  1.645 
-1.98967  2.4891  1.645 
-2.09439  2.49252  1.645 
-2.12564  2.494  1.645 
-2.19911  2.49878  1.645 
-2.22874  2.5015  1.645 
-2.27155  2.509  1.645 
-2.27653  2.5165  1.645 
-2.25189  2.524  1.645 
-2.19911  2.52959  1.645 
-2.1695  2.5315  1.645 
-2.09439  2.53453  1.645 
-1.98967  2.53647  1.645 
-1.88495  2.53695  1.645 
-1.78023  2.53661  1.645 
-1.67551  2.53583  1.645 
-1.5708  2.53476  1.645 
-1.46608  2.53342  1.645 
-1.36136  2.53175  1.645 
-1.34783  2.5315  1.645 
-1.25664  2.52967  1.645 
-1.15192  2.52652  1.645 
-1.09561  2.524  1.645 
-1.0472  2.5211  1.645 
-0.994106  2.5165  1.645 
-0.945858  2.509  1.645 
-0.942477  2.50755  1.645 
-0.929872  2.5015  1.645 
-0.935565  2.494  1.645 


# Contour 4, label:        1
-1.11012  2.5015  1 
-1.15192  2.4954  1 
-1.17579  2.494  1 
-1.25664  2.49191  1 
-1.36136  2.49147  1 
-1.46608  2.49216  1 
-1.5708  2.49335  1 
-1.61591  2.494  1 
-1.67551  2.49484  1 
-1.78023  2.49654  1 
-1.88495  2.49886  1 
-1.96144  2.5015  1 
-1.98967  2.50291  1 
-2.06904  2.509  1 
-2.08556  2.5165  1 
-1.99645  2.524  1 
-1.98967  2.52426  1 
-1.88495  2.52607  1 
-1.78023  2.52631  1 
-1.67551  2.52577  1 
-1.5708  2.52475  1 
-1.51478  2.524  1 
-1.46608  2.52332  1 
-1.36136  2.52057  1 
-1.25664  2.51805  1 
-1.2216  2.5165  1 
-1.15192  2.5115  1 
-1.12647  2.509  1 
-1.11012  2.5015  1 

