#x	y	0	new0
0.426	-3.14159	166.233	167.409
0.426	-3.03687	154.944	156.011
0.426	-2.93215	144.908	145.867
0.426	-2.82743	136.432	137.263
0.426	-2.72271	129.44	129.926
0.426	-2.61799	123.674	124.033
0.426	-2.51327	119.132	119.453
0.426	-2.40855	115.723	116.014
0.426	-2.30383	113.279	113.567
0.426	-2.19911	111.629	111.923
0.426	-2.0944	110.609	110.929
0.426	-1.98968	110.064	110.377
0.426	-1.88496	109.858	110.172
0.426	-1.78024	109.809	110.207
0.426	-1.67552	109.906	110.061
0.426	-1.5708	110.108	110.558
0.426	-1.46608	110.406	110.483
0.426	-1.36136	110.831	110.249
0.426	-1.25664	111.397	111.556
0.426	-1.15192	112.243	112.754
0.426	-1.0472	113.522	113.681
0.426	-0.942478	115.393	114.397
0.426	-0.837758	118.021	117.625
0.426	-0.733038	121.563	120.82
0.426	-0.628319	126.201	125.048
0.426	-0.523599	132.147	130.811
0.426	-0.418879	139.334	138.208
0.426	-0.314159	148.027	146.88
0.426	-0.20944	158.329	157.111
0.426	-0.10472	170.05	168.752
0.426	1.11022e-16	183.132	182.762
0.426	0.10472	197.719	196.567
0.426	0.20944	213.676	212.614
0.426	0.314159	230.8	229.839
0.426	0.418879	248.819	248.977
0.426	0.523599	267.391	267.698
0.426	0.628319	286.111	285.892
0.426	0.733038	304.522	305.233
0.426	0.837758	322.1	321.743
0.426	0.942478	338.305	338.713
0.426	1.0472	352.666	352.424
0.426	1.15192	364.708	364.964
0.426	1.25664	373.969	374.489
0.426	1.36136	380.077	380.942
0.426	1.46608	382.891	382.879
0.426	1.5708	382.272	383.847
0.426	1.67552	378.196	378.458
0.426	1.78024	370.917	372.135
0.426	1.88496	360.705	362.415
0.426	1.98968	347.834	349.587
0.426	2.0944	332.839	334.75
0.426	2.19911	316.211	318.123
0.426	2.30383	298.451	300.336
0.426	2.40855	280.054	281.214
0.426	2.51327	261.489	263.254
0.426	2.61799	243.182	244.864
0.426	2.72271	225.501	227.09
0.426	2.82743	208.755	210.252
0.426	2.93215	193.187	194.572
0.426	3.03687	178.974	180.254
0.426	3.14159	166.233	167.409
0.4345	-3.14159	132.335	133.356
0.4345	-3.03687	121.325	122.261
0.4345	-2.93215	111.828	112.74
0.4345	-2.82743	103.688	104.279
0.4345	-2.72271	96.8166	97.294
0.4345	-2.61799	91.298	91.6768
0.4345	-2.51327	87.0009	87.2959
0.4345	-2.40855	83.7663	83.9537
0.4345	-2.30383	81.4235	81.4947
0.4345	-2.19911	79.8296	79.8314
0.4345	-2.0944	78.8273	78.8
0.4345	-1.98968	78.2705	78.2477
0.4345	-1.88496	78.0307	78.121
0.4345	-1.78024	77.9978	78.0831
0.4345	-1.67552	78.1024	78.1952
0.4345	-1.5708	78.2558	78.4125
0.4345	-1.46608	78.4757	78.7277
0.4345	-1.36136	78.8134	79.1713
0.4345	-1.25664	79.335	79.7281
0.4345	-1.15192	80.1396	80.4314
0.4345	-1.0472	81.3285	81.7039
0.4345	-0.942478	83.034	83.6598
0.4345	-0.837758	85.4615	85.9298
0.4345	-0.733038	88.7916	89.2979
0.4345	-0.628319	93.2015	93.6697
0.4345	-0.523599	98.8563	99.1476
0.4345	-0.418879	105.892	106.246
0.4345	-0.314159	114.25	114.716
0.4345	-0.20944	124.003	124.542
0.4345	-0.10472	135.33	135.956
0.4345	1.11022e-16	147.95	148.615
0.4345	0.10472	161.811	162.585
0.4345	0.20944	176.977	177.867
0.4345	0.314159	193.249	194.262
0.4345	0.418879	210.364	211.508
0.4345	0.523599	227.997	229.276
0.4345	0.628319	245.761	247.177
0.4345	0.733038	263.219	264.772
0.4345	0.837758	279.899	281.585
0.4345	0.942478	295.313	297.126
0.4345	1.0472	308.979	310.828
0.4345	1.15192	320.347	322.288
0.4345	1.25664	329.1	331.128
0.4345	1.36136	334.938	337.015
0.4345	1.46608	337.599	339.646
0.4345	1.5708	336.965	339.04
0.4345	1.67552	333.144	335.228
0.4345	1.78024	326.285	328.247
0.4345	1.88496	316.535	318.466
0.4345	1.98968	304.363	306.246
0.4345	2.0944	290.183	292.005
0.4345	2.19911	274.453	276.201
0.4345	2.30383	257.647	259.313
0.4345	2.40855	240.235	242.829
0.4345	2.51327	222.638	224.718
0.4345	2.61799	205.293	207.297
0.4345	2.72271	188.548	190.457
0.4345	2.82743	172.694	174.494
0.4345	2.93215	157.959	159.073
0.4345	3.03687	144.509	145.517
0.4345	3.14159	132.335	133.356
0.443	-3.14159	104.708	105.761
0.443	-3.03687	94.2577	95.2093
0.443	-2.93215	85.07	85.7546
0.443	-2.82743	77.1475	77.7097
0.443	-2.72271	70.6082	71.0618
0.443	-2.61799	65.3502	65.6811
0.443	-2.51327	61.2333	61.3345
0.443	-2.40855	58.0249	58.0544
0.443	-2.30383	55.7159	55.6871
0.443	-2.19911	54.1468	54.072
0.443	-2.0944	53.1619	53.0535
0.443	-1.98968	52.5864	52.4854
0.443	-1.88496	52.2993	52.2412
0.443	-1.78024	52.2161	52.3142
0.443	-1.67552	52.2623	52.4106
0.443	-1.5708	52.3965	52.5558
0.443	-1.46608	52.6123	52.7936
0.443	-1.36136	52.9122	53.1536
0.443	-1.25664	53.3461	53.7011
0.443	-1.15192	54.0557	54.534
0.443	-1.0472	55.1652	55.6121
0.443	-0.942478	56.8288	57.0084
0.443	-0.837758	59.2134	59.4042
0.443	-0.733038	62.4444	62.706
0.443	-0.628319	66.6061	66.9065
0.443	-0.523599	71.9425	72.2843
0.443	-0.418879	78.6081	79.0041
0.443	-0.314159	86.717	87.1807
0.443	-0.20944	96.25	96.7433
0.443	-0.10472	106.996	107.623
0.443	1.11022e-16	119.231	119.986
0.443	0.10472	132.494	133.286
0.443	0.20944	146.889	147.803
0.443	0.314159	162.336	163.384
0.443	0.418879	178.589	179.776
0.443	0.523599	195.335	196.666
0.443	0.628319	212.207	213.685
0.443	0.733038	228.792	230.414
0.443	0.837758	244.64	246.384
0.443	0.942478	259.265	261.089
0.443	1.0472	272.168	274.109
0.443	1.15192	282.972	285.016
0.443	1.25664	291.305	293.436
0.443	1.36136	296.857	298.974
0.443	1.46608	299.342	301.501
0.443	1.5708	298.777	300.957
0.443	1.67552	295.193	297.33
0.443	1.78024	288.678	290.726
0.443	1.88496	279.458	281.477
0.443	1.98968	267.956	269.913
0.443	2.0944	254.55	256.431
0.443	2.19911	239.673	241.4
0.443	2.30383	223.769	225.352
0.443	2.40855	207.259	208.734
0.443	2.51327	190.605	192.146
0.443	2.61799	174.186	176.199
0.443	2.72271	158.334	160.172
0.443	2.82743	143.321	144.542
0.443	2.93215	129.366	130.472
0.443	3.03687	116.585	117.618
0.443	3.14159	104.708	105.761
0.4515	-3.14159	83.4168	84.3552
0.4515	-3.03687	73.3238	74.0726
0.4515	-2.93215	64.4039	65.0293
0.4515	-2.82743	56.8644	57.3787
0.4515	-2.72271	50.6367	50.9689
0.4515	-2.61799	45.4356	45.6609
0.4515	-2.51327	41.3612	41.5076
0.4515	-2.40855	38.2887	38.3686
0.4515	-2.30383	36.0689	36.0941
0.4515	-2.19911	34.5498	34.5315
0.4515	-2.0944	33.5836	33.5326
0.4515	-1.98968	33.0186	32.9592
0.4515	-1.88496	32.711	32.6901
0.4515	-1.78024	32.5948	32.627
0.4515	-1.67552	32.6019	32.7379
0.4515	-1.5708	32.6858	32.8309
0.4515	-1.46608	32.8484	33.0094
0.4515	-1.36136	33.1166	33.3024
0.4515	-1.25664	33.5002	33.7724
0.4515	-1.15192	34.1303	34.3488
0.4515	-1.0472	35.1428	35.3576
0.4515	-0.942478	36.6847	36.9038
0.4515	-0.837758	38.9151	39.1476
0.4515	-0.733038	42.0011	42.257
0.4515	-0.628319	46.0625	46.3993
0.4515	-0.523599	51.2906	51.6721
0.4515	-0.418879	57.6432	58.0439
0.4515	-0.314159	65.34	65.8067
0.4515	-0.20944	74.491	75.0367
0.4515	-0.10472	85.0013	85.5605
0.4515	1.11022e-16	96.6564	97.3246
0.4515	0.10472	109.623	110.346
0.4515	0.20944	123.3	124.141
0.4515	0.314159	137.98	138.948
0.4515	0.418879	153.427	154.528
0.4515	0.523599	169.344	170.583
0.4515	0.628319	185.382	186.76
0.4515	0.733038	201.147	202.656
0.4515	0.837758	216.196	217.798
0.4515	0.942478	230.054	231.776
0.4515	1.0472	242.322	244.155
0.4515	1.15192	252.599	254.527
0.4515	1.25664	260.532	262.539
0.4515	1.36136	265.788	267.793
0.4515	1.46608	268.17	270.211
0.4515	1.5708	267.66	269.715
0.4515	1.67552	264.285	266.299
0.4515	1.78024	258.113	260.052
0.4515	1.88496	249.399	251.295
0.4515	1.98968	238.512	240.342
0.4515	2.0944	225.819	227.569
0.4515	2.19911	211.728	213.356
0.4515	2.30383	196.667	198.144
0.4515	2.40855	181.033	182.391
0.4515	2.51327	165.249	166.495
0.4515	2.61799	149.686	150.819
0.4515	2.72271	134.657	135.842
0.4515	2.82743	120.422	121.498
0.4515	2.93215	107.187	108.153
0.4515	3.03687	94.6958	95.7473
0.4515	3.14159	83.4168	84.3552
0.46	-3.14159	67.8646	68.6389
0.46	-3.03687	58.0318	58.6865
0.46	-2.93215	49.5416	50.087
0.46	-2.82743	42.2888	42.7061
0.46	-2.72271	36.107	36.4311
0.46	-2.61799	31.1281	31.3704
0.46	-2.51327	27.234	27.4059
0.46	-2.40855	24.2916	24.4041
0.46	-2.30383	22.1587	22.2223
0.46	-2.19911	20.6909	20.7155
0.46	-2.0944	19.7401	19.7424
0.46	-1.98968	19.1457	19.154
0.46	-1.88496	18.8262	18.8548
0.46	-1.78024	18.6875	18.7557
0.46	-1.67552	18.6628	18.7862
0.46	-1.5708	18.715	18.8492
0.46	-1.46608	18.8395	18.9851
0.46	-1.36136	19.0645	19.2289
0.46	-1.25664	19.385	19.6134
0.46	-1.15192	19.9547	20.1741
0.46	-1.0472	20.8897	21.1092
0.46	-0.942478	22.3309	22.5576
0.46	-0.837758	24.4301	24.6725
0.46	-0.733038	27.3469	27.6145
0.46	-0.628319	31.1998	31.5435
0.46	-0.523599	36.1623	36.5613
0.46	-0.418879	42.388	42.8413
0.46	-0.314159	49.8524	50.2887
0.46	-0.20944	58.5573	59.0707
0.46	-0.10472	68.6831	69.2857
0.46	1.11022e-16	80.0058	80.6091
0.46	0.10472	92.3632	93.0962
0.46	0.20944	105.716	106.446
0.46	0.314159	119.671	120.523
0.46	0.418879	134.354	135.334
0.46	0.523599	149.485	150.595
0.46	0.628319	164.729	165.972
0.46	0.733038	179.713	181.086
0.46	0.837758	194.009	195.484
0.46	0.942478	207.179	208.767
0.46	1.0472	218.839	220.529
0.46	1.15192	228.608	230.385
0.46	1.25664	236.151	237.999
0.46	1.36136	241.171	243.033
0.46	1.46608	243.446	245.335
0.46	1.5708	242.976	244.872
0.46	1.67552	239.788	241.671
0.46	1.78024	233.983	235.78
0.46	1.88496	225.735	227.477
0.46	1.98968	215.42	217.091
0.46	2.0944	203.389	204.976
0.46	2.19911	190.032	191.525
0.46	2.30383	175.752	177.144
0.46	2.40855	160.95	162.204
0.46	2.51327	146.001	147.122
0.46	2.61799	131.25	132.246
0.46	2.72271	116.995	117.878
0.46	2.82743	103.485	104.265
0.46	2.93215	90.6515	91.6022
0.46	3.03687	78.7008	79.5723
0.46	3.14159	67.8646	68.6389
0.4685	-3.14159	57.1867	57.7726
0.4685	-3.03687	47.8217	48.3563
0.4685	-2.93215	39.6087	40.0827
0.4685	-2.82743	32.4721	32.8544
0.4685	-2.72271	26.5712	26.8723
0.4685	-2.61799	21.8147	22.0447
0.4685	-2.51327	18.0901	18.2593
0.4685	-2.40855	15.2109	15.3166
0.4685	-2.30383	13.0753	13.1354
0.4685	-2.19911	11.5988	11.6229
0.4685	-2.0944	10.6296	10.6386
0.4685	-1.98968	10.0179	10.0519
0.4685	-1.88496	9.67569	9.74827
0.4685	-1.78024	9.51057	9.60088
0.4685	-1.67552	9.4562	9.64403
0.4685	-1.5708	9.47612	9.70702
0.4685	-1.46608	9.56574	9.78415
0.4685	-1.36136	9.75368	9.9638
0.4685	-1.25664	10.041	10.3072
0.4685	-1.15192	10.5665	10.8334
0.4685	-1.0472	11.4583	11.7281
0.4685	-0.942478	12.8535	13.1336
0.4685	-0.837758	14.904	15.2028
0.4685	-0.733038	17.7467	18.0214
0.4685	-0.628319	21.393	21.7077
0.4685	-0.523599	26.1183	26.4754
0.4685	-0.418879	32.0501	32.4612
0.4685	-0.314159	39.2922	39.7691
0.4685	-0.20944	47.8065	48.2561
0.4685	-0.10472	57.4551	57.9916
0.4685	1.11022e-16	68.4458	69.0803
0.4685	0.10472	80.3343	80.9515
0.4685	0.20944	93.2095	93.9391
0.4685	0.314159	106.692	107.395
0.4685	0.418879	120.655	121.481
0.4685	0.523599	135.041	135.992
0.4685	0.628319	149.534	150.61
0.4685	0.733038	163.776	164.976
0.4685	0.837758	177.384	178.702
0.4685	0.942478	189.919	191.343
0.4685	1.0472	200.997	202.515
0.4685	1.15192	210.277	211.874
0.4685	1.25664	217.442	219.102
0.4685	1.36136	222.244	223.948
0.4685	1.46608	224.441	226.15
0.4685	1.5708	223.998	225.707
0.4685	1.67552	220.975	222.664
0.4685	1.78024	215.494	217.145
0.4685	1.88496	207.734	209.295
0.4685	1.98968	197.947	199.431
0.4685	2.0944	186.531	187.927
0.4685	2.19911	173.855	175.155
0.4685	2.30383	160.303	161.499
0.4685	2.40855	146.252	147.34
0.4685	2.51327	132.062	133.047
0.4685	2.61799	118.07	118.952
0.4685	2.72271	104.581	105.333
0.4685	2.82743	91.6655	92.403
0.4685	2.93215	79.2239	79.8624
0.4685	3.03687	67.8207	68.4029
0.4685	3.14159	57.1867	57.7726
0.477	-3.14159	50.653	51.0931
0.477	-3.03687	41.5797	42.0611
0.477	-2.93215	33.5238	33.9172
0.477	-2.82743	26.7064	27.0211
0.477	-2.72271	21.0659	21.3113
0.477	-2.61799	16.3822	16.6151
0.477	-2.51327	12.6603	12.8369
0.477	-2.40855	9.8299	9.96924
0.477	-2.30383	7.72849	7.87683
0.477	-2.19911	6.27188	6.42207
0.477	-2.0944	5.30621	5.45043
0.477	-1.98968	4.70732	4.83301
0.477	-1.88496	4.36654	4.48002
0.477	-1.78024	4.19512	4.30298
0.477	-1.67552	4.13207	4.33508
0.477	-1.5708	4.14083	4.33334
0.477	-1.46608	4.19704	4.40352
0.477	-1.36136	4.30525	4.53548
0.477	-1.25664	4.56459	4.79011
0.477	-1.15192	5.063	5.28904
0.477	-1.0472	5.91244	6.14501
0.477	-0.942478	7.24452	7.49048
0.477	-0.837758	9.20448	9.47161
0.477	-0.733038	11.892	12.2094
0.477	-0.628319	15.5036	15.8548
0.477	-0.523599	20.1907	20.4785
0.477	-0.418879	25.8586	26.2002
0.477	-0.314159	32.7776	33.1841
0.477	-0.20944	41.016	41.499
0.477	-0.10472	50.4587	50.8879
0.477	1.11022e-16	60.9117	61.4335
0.477	0.10472	72.5887	73.08
0.477	0.20944	84.8633	85.4565
0.477	0.314159	98.0328	98.6561
0.477	0.418879	111.345	112.062
0.477	0.523599	125.029	125.869
0.477	0.628319	138.811	139.832
0.477	0.733038	152.352	153.454
0.477	0.837758	165.286	166.454
0.477	0.942478	177.236	178.452
0.477	1.0472	187.802	189.079
0.477	1.15192	196.62	197.989
0.477	1.25664	203.427	204.884
0.477	1.36136	207.98	209.487
0.477	1.46608	210.129	211.595
0.477	1.5708	209.72	211.22
0.477	1.67552	206.867	208.387
0.477	1.78024	201.652	203.129
0.477	1.88496	194.298	195.684
0.477	1.98968	185.013	186.368
0.477	2.0944	174.216	175.5
0.477	2.19911	162.209	163.378
0.477	2.30383	149.328	150.386
0.477	2.40855	135.963	136.93
0.477	2.51327	122.487	123.349
0.477	2.61799	109.218	109.953
0.477	2.72271	96.4149	97.0086
0.477	2.82743	83.8176	84.4436
0.477	2.93215	72.0176	72.5256
0.477	3.03687	60.7906	61.316
0.477	3.14159	50.653	51.0931
0.4855	-3.14159	47.0361	47.343
0.4855	-3.03687	38.123	38.4422
0.4855	-2.93215	30.4188	30.6752
0.4855	-2.82743	23.8382	24.0787
0.4855	-2.72271	18.1897	18.4514
0.4855	-2.61799	13.6291	13.8401
0.4855	-2.51327	10.0358	10.2125
0.4855	-2.40855	7.26246	7.43059
0.4855	-2.30383	5.21797	5.37953
0.4855	-2.19911	3.7768	3.93871
0.4855	-2.0944	2.83153	2.96162
0.4855	-1.98968	2.24682	2.36156
0.4855	-1.88496	1.91177	2.01608
0.4855	-1.78024	1.74253	1.84044
0.4855	-1.67552	1.67221	1.77427
0.4855	-1.5708	1.61867	1.78433
0.4855	-1.46608	1.63196	1.79655
0.4855	-1.36136	1.73729	1.89669
0.4855	-1.25664	1.99055	2.14939
0.4855	-1.15192	2.47535	2.63831
0.4855	-1.0472	3.29832	3.47102
0.4855	-0.942478	4.55616	4.75681
0.4855	-0.837758	6.38321	6.60084
0.4855	-0.733038	8.95899	9.20199
0.4855	-0.628319	12.4282	12.7059
0.4855	-0.523599	16.9277	17.2501
0.4855	-0.418879	22.5786	22.9565
0.4855	-0.314159	29.3523	29.6674
0.4855	-0.20944	37.2077	37.6292
0.4855	-0.10472	46.3432	46.8553
0.4855	1.11022e-16	56.5207	57.0153
0.4855	0.10472	67.6732	68.2088
0.4855	0.20944	79.742	80.1689
0.4855	0.314159	92.3	92.7805
0.4855	0.418879	105.284	105.742
0.4855	0.523599	118.287	118.83
0.4855	0.628319	131.386	132.007
0.4855	0.733038	144.263	144.949
0.4855	0.837758	156.578	157.31
0.4855	0.942478	167.932	168.731
0.4855	1.0472	177.903	178.86
0.4855	1.15192	186.268	187.34
0.4855	1.25664	192.751	193.844
0.4855	1.36136	197.138	198.208
0.4855	1.46608	199.204	200.285
0.4855	1.5708	198.785	199.99
0.4855	1.67552	196.084	197.253
0.4855	1.78024	191.215	192.295
0.4855	1.88496	184.255	185.304
0.4855	1.98968	175.417	176.499
0.4855	2.0944	165.156	166.14
0.4855	2.19911	153.801	154.645
0.4855	2.30383	141.672	142.359
0.4855	2.40855	128.949	129.625
0.4855	2.51327	116.14	116.765
0.4855	2.61799	103.528	104.028
0.4855	2.72271	91.0377	91.5564
0.4855	2.82743	78.9842	79.3624
0.4855	2.93215	67.4958	67.9161
0.4855	3.03687	56.7786	57.0768
0.4855	3.14159	47.0361	47.343
0.494	-3.14159	44.9569	45.0782
0.494	-3.03687	36.4666	36.5014
0.494	-2.93215	28.9946	29.0791
0.494	-2.82743	22.4594	22.5396
0.494	-2.72271	17.0273	17.077
0.494	-2.61799	12.6174	12.6539
0.494	-2.51327	9.13249	9.16838
0.494	-2.40855	6.42585	6.50543
0.494	-2.30383	4.37512	4.54271
0.494	-2.19911	2.93267	3.12006
0.494	-2.0944	1.97441	2.15173
0.494	-1.98968	1.37261	1.54109
0.494	-1.88496	1.02227	1.18186
0.494	-1.78024	0.839516	0.994175
0.494	-1.67552	0.723212	0.909119
0.494	-1.5708	0.663193	0.85322
0.494	-1.46608	0.670395	0.859521
0.494	-1.36136	0.771507	0.961855
0.494	-1.25664	1.02249	1.22234
0.494	-1.15192	1.50631	1.70903
0.494	-1.0472	2.32772	2.54385
0.494	-0.942478	3.55349	3.76682
0.494	-0.837758	5.38499	5.55936
0.494	-0.733038	7.92445	8.07867
0.494	-0.628319	11.2736	11.463
0.494	-0.523599	15.6092	15.8432
0.494	-0.418879	21.0467	21.3042
0.494	-0.314159	27.6475	27.9703
0.494	-0.20944	35.3461	35.5732
0.494	-0.10472	44.1034	44.3415
0.494	1.11022e-16	54.0812	54.3152
0.494	0.10472	64.8003	65.009
0.494	0.20944	76.4275	76.7119
0.494	0.314159	88.5664	88.8253
0.494	0.418879	101.129	101.463
0.494	0.523599	113.715	114.011
0.494	0.628319	126.183	126.536
0.494	0.733038	138.436	138.83
0.494	0.837758	150.151	150.562
0.494	0.942478	160.993	161.394
0.494	1.0472	170.512	170.992
0.494	1.15192	178.452	179.046
0.494	1.25664	184.56	185.289
0.494	1.36136	188.765	189.485
0.494	1.46608	190.8	191.414
0.494	1.5708	190.408	191.108
0.494	1.67552	187.827	188.589
0.494	1.78024	183.19	183.924
0.494	1.88496	176.674	177.238
0.494	1.98968	168.267	168.862
0.494	2.0944	158.502	159.084
0.494	2.19911	147.7	148.218
0.494	2.30383	136.182	136.516
0.494	2.40855	124.182	124.379
0.494	2.51327	111.988	112.125
0.494	2.61799	99.8131	100.032
0.494	2.72271	87.6834	87.8566
0.494	2.82743	76.0422	76.2681
0.494	2.93215	64.8514	65.0133
0.494	3.03687	54.5796	54.664
0.494	3.14159	44.9569	45.0782
0.5025	-3.14159	43.8981	43.8084
0.5025	-3.03687	35.6158	35.5916
0.5025	-2.93215	28.2247	28.1806
0.5025	-2.82743	21.9448	21.8586
0.5025	-2.72271	16.7194	16.6111
0.5025	-2.61799	12.3481	12.359
0.5025	-2.51327	8.83546	8.88759
0.5025	-2.40855	6.14229	6.20601
0.5025	-2.30383	4.15098	4.22887
0.5025	-2.19911	2.7423	2.83253
0.5025	-2.0944	1.80056	1.89629
0.5025	-1.98968	1.21502	1.30694
0.5025	-1.88496	0.867848	0.912653
0.5025	-1.78024	0.629188	0.682578
0.5025	-1.67552	0.468403	0.561593
0.5025	-1.5708	0.413635	0.520547
0.5025	-1.46608	0.434725	0.557942
0.5025	-1.36136	0.546184	0.660987
0.5025	-1.25664	0.806887	0.915799
0.5025	-1.15192	1.24568	1.36069
0.5025	-1.0472	2.02388	2.16488
0.5025	-0.942478	3.23261	3.40913
0.5025	-0.837758	5.02518	5.19765
0.5025	-0.733038	7.54013	7.72252
0.5025	-0.628319	10.9155	11.0866
0.5025	-0.523599	15.251	15.2861
0.5025	-0.418879	20.4697	20.5545
0.5025	-0.314159	26.8153	26.8914
0.5025	-0.20944	34.3682	34.4415
0.5025	-0.10472	42.9071	42.9147
0.5025	1.11022e-16	52.4261	52.5031
0.5025	0.10472	63.0448	63.0872
0.5025	0.20944	74.172	74.2755
0.5025	0.314159	86.1092	86.1652
0.5025	0.418879	98.1568	98.2012
0.5025	0.523599	110.509	110.521
0.5025	0.628319	122.448	122.452
0.5025	0.733038	134.124	134.17
0.5025	0.837758	145.282	145.363
0.5025	0.942478	155.606	155.709
0.5025	1.0472	164.729	164.84
0.5025	1.15192	172.275	172.477
0.5025	1.25664	178.119	178.385
0.5025	1.36136	182.069	182.365
0.5025	1.46608	184	184.283
0.5025	1.5708	183.685	183.978
0.5025	1.67552	181.216	181.544
0.5025	1.78024	176.794	177.105
0.5025	1.88496	170.589	170.826
0.5025	1.98968	162.658	162.842
0.5025	2.0944	153.353	153.504
0.5025	2.19911	143.063	143.133
0.5025	2.30383	132.094	132.04
0.5025	2.40855	120.743	120.533
0.5025	2.51327	109.1	108.868
0.5025	2.61799	97.1053	96.973
0.5025	2.72271	85.5137	85.2985
0.5025	2.82743	74.0172	73.9242
0.5025	2.93215	63.3189	63.1317
0.5025	3.03687	53.115	53.0983
0.5025	3.14159	43.8981	43.8084
0.511	-3.14159	43.1317	42.909
0.511	-3.03687	34.9285	34.798
0.511	-2.93215	27.8123	27.6272
0.511	-2.82743	21.7247	21.5356
0.511	-2.72271	16.4378	16.3781
0.511	-2.61799	12.1364	12.0726
0.511	-2.51327	8.72746	8.67096
0.511	-2.40855	6.10584	6.06585
0.511	-2.30383	4.15909	4.13963
0.511	-2.19911	2.77415	2.77409
0.511	-2.0944	1.84162	1.82136
0.511	-1.98968	1.26019	1.19196
0.511	-1.88496	0.916627	0.800537
0.511	-1.78024	0.619508	0.572717
0.511	-1.67552	0.455185	0.45619
0.511	-1.5708	0.400284	0.423074
0.511	-1.46608	0.439343	0.466778
0.511	-1.36136	0.566039	0.562185
0.511	-1.25664	0.78741	0.78557
0.511	-1.15192	1.22232	1.24655
0.511	-1.0472	2.0154	2.04561
0.511	-0.942478	3.21824	3.29658
0.511	-0.837758	4.98521	5.02388
0.511	-0.733038	7.44547	7.46141
0.511	-0.628319	10.7031	10.7439
0.511	-0.523599	14.9404	14.9939
0.511	-0.418879	20.2153	20.1869
0.511	-0.314159	26.4095	26.3066
0.511	-0.20944	33.6455	33.5909
0.511	-0.10472	42.0487	42.0627
0.511	1.11022e-16	51.3405	51.3116
0.511	0.10472	61.5531	61.5891
0.511	0.20944	72.5701	72.4893
0.511	0.314159	84.0106	83.9549
0.511	0.418879	95.9137	95.7594
0.511	0.523599	107.727	107.611
0.511	0.628319	119.52	119.303
0.511	0.733038	130.665	130.481
0.511	0.837758	141.312	141.15
0.511	0.942478	151.16	151.004
0.511	1.0472	159.881	159.743
0.511	1.15192	167.065	167.033
0.511	1.25664	172.627	172.642
0.511	1.36136	176.385	176.411
0.511	1.46608	178.221	178.213
0.511	1.5708	177.941	177.985
0.511	1.67552	175.578	175.639
0.511	1.78024	171.359	171.382
0.511	1.88496	165.443	165.374
0.511	1.98968	157.914	157.831
0.511	2.0944	149.037	148.913
0.511	2.19911	139.222	139.003
0.511	2.30383	128.759	128.403
0.511	2.40855	117.932	117.409
0.511	2.51327	106.452	106.149
0.511	2.61799	94.9867	94.5962
0.511	2.72271	83.5154	83.2605
0.511	2.82743	72.5082	72.1556
0.511	2.93215	61.9384	61.7486
0.511	3.03687	52.0985	51.8284
0.511	3.14159	43.1317	42.909
0.5195	-3.14159	42.2694	42.1012
0.5195	-3.03687	34.3562	34.1308
0.5195	-2.93215	27.4145	27.2034
0.5195	-2.82743	21.2674	21.1482
0.5195	-2.72271	16.138	15.9984
0.5195	-2.61799	11.9534	11.8108
0.5195	-2.51327	8.62561	8.49326
0.5195	-2.40855	6.0556	5.9417
0.5195	-2.30383	4.08943	4.04518
0.5195	-2.19911	2.65988	2.69131
0.5195	-2.0944	1.69174	1.73793
0.5195	-1.98968	1.07877	1.10079
0.5195	-1.88496	0.706335	0.699193
0.5195	-1.78024	0.436304	0.462272
0.5195	-1.67552	0.267716	0.340272
0.5195	-1.5708	0.215766	0.303212
0.5195	-1.46608	0.25008	0.354259
0.5195	-1.36136	0.385302	0.464243
0.5195	-1.25664	0.673547	0.707026
0.5195	-1.15192	1.13879	1.18761
0.5195	-1.0472	1.95341	1.99413
0.5195	-0.942478	3.19345	3.23033
0.5195	-0.837758	4.98658	4.95549
0.5195	-0.733038	7.39424	7.35594
0.5195	-0.628319	10.5769	10.5699
0.5195	-0.523599	14.7036	14.7143
0.5195	-0.418879	19.8307	19.8704
0.5195	-0.314159	26.044	26.0053
0.5195	-0.20944	33.1543	33.0557
0.5195	-0.10472	41.2696	41.2427
0.5195	1.11022e-16	50.5086	50.4737
0.5195	0.10472	60.3811	60.3779
0.5195	0.20944	71.1274	71.1499
0.5195	0.314159	82.2998	82.2084
0.5195	0.418879	93.8379	93.7811
0.5195	0.523599	105.394	105.233
0.5195	0.628319	116.78	116.658
0.5195	0.733038	127.716	127.472
0.5195	0.837758	137.895	137.67
0.5195	0.942478	147.307	147.084
0.5195	1.0472	155.615	155.425
0.5195	1.15192	162.471	162.376
0.5195	1.25664	167.776	167.72
0.5195	1.36136	171.36	171.305
0.5195	1.46608	173.111	173.012
0.5195	1.5708	172.822	172.789
0.5195	1.67552	170.562	170.533
0.5195	1.78024	166.532	166.455
0.5195	1.88496	160.886	160.706
0.5195	1.98968	153.683	153.492
0.5195	2.0944	145.204	144.975
0.5195	2.19911	135.829	135.496
0.5195	2.30383	125.835	125.357
0.5195	2.40855	115.221	114.836
0.5195	2.51327	104.109	103.694
0.5195	2.61799	92.9027	92.6356
0.5195	2.72271	81.7675	81.413
0.5195	2.82743	71.0362	70.7501
0.5195	2.93215	60.7031	60.4118
0.5195	3.03687	51.2158	50.8632
0.5195	3.14159	42.2694	42.1012
0.528	-3.14159	41.6587	41.4758
0.528	-3.03687	33.9476	33.7379
0.528	-2.93215	26.9903	26.8741
0.528	-2.82743	21.0163	20.8578
0.528	-2.72271	16.0185	15.8361
0.528	-2.61799	11.9285	11.7391
0.528	-2.51327	8.54083	8.47956
0.528	-2.40855	5.88893	5.89123
0.528	-2.30383	3.89989	3.91505
0.528	-2.19911	2.4658	2.49192
0.528	-2.0944	1.48224	1.51209
0.528	-1.98968	0.852478	0.874756
0.528	-1.88496	0.475439	0.491048
0.528	-1.78024	0.242085	0.224935
0.528	-1.67552	0.0569623	0.0800978
0.528	-1.5708	0	0.0328425
0.528	-1.46608	0.0459534	0.0764132
0.528	-1.36136	0.20393	0.234867
0.528	-1.25664	0.523051	0.558165
0.528	-1.15192	1.0316	1.07448
0.528	-1.0472	1.85269	1.91559
0.528	-0.942478	3.10556	3.17178
0.528	-0.837758	4.91567	5.00108
0.528	-0.733038	7.40929	7.51024
0.528	-0.628319	10.6983	10.6682
0.528	-0.523599	14.729	14.7243
0.528	-0.418879	19.7144	19.7758
0.528	-0.314159	25.7615	25.8777
0.528	-0.20944	32.9236	32.9112
0.528	-0.10472	40.8654	40.8476
0.528	1.11022e-16	49.8019	49.8565
0.528	0.10472	59.6094	59.6167
0.528	0.20944	69.9738	70.0535
0.528	0.314159	81.0251	81.0336
0.528	0.418879	92.1256	92.1759
0.528	0.523599	103.532	103.478
0.528	0.628319	114.47	114.453
0.528	0.733038	125.191	125.139
0.528	0.837758	135.04	134.917
0.528	0.942478	144.054	143.936
0.528	1.0472	151.939	151.871
0.528	1.15192	158.497	158.497
0.528	1.25664	163.572	163.611
0.528	1.36136	167	167.039
0.528	1.46608	168.677	168.672
0.528	1.5708	168.333	168.381
0.528	1.67552	166.173	166.222
0.528	1.78024	162.323	162.319
0.528	1.88496	156.929	156.819
0.528	1.98968	149.977	149.868
0.528	2.0944	141.868	141.694
0.528	2.19911	132.902	132.616
0.528	2.30383	123.236	122.904
0.528	2.40855	112.792	112.5
0.528	2.51327	102.093	101.754
0.528	2.61799	91.0287	90.8193
0.528	2.72271	80.3308	80.019
0.528	2.82743	69.6976	69.5479
0.528	2.93215	59.7459	59.4979
0.528	3.03687	50.3009	50.2188
0.528	3.14159	41.6587	41.4758
0.5365	-3.14159	41.7496	41.5625
0.5365	-3.03687	34.0529	34.0213
0.5365	-2.93215	27.2278	27.1442
0.5365	-2.82743	21.4028	21.2683
0.5365	-2.72271	16.5343	16.3479
0.5365	-2.61799	12.3532	12.3165
0.5365	-2.51327	8.98036	8.95411
0.5365	-2.40855	6.35036	6.32386
0.5365	-2.30383	4.3623	4.33958
0.5365	-2.19911	2.91384	2.89549
0.5365	-2.0944	1.90687	1.89289
0.5365	-1.98968	1.27303	1.24683
0.5365	-1.88496	0.888101	0.85187
0.5365	-1.78024	0.682552	0.633091
0.5365	-1.67552	0.493965	0.461709
0.5365	-1.5708	0.440551	0.420144
0.5365	-1.46608	0.506704	0.482008
0.5365	-1.36136	0.692245	0.666165
0.5365	-1.25664	1.04331	1.01993
0.5365	-1.15192	1.60726	1.59897
0.5365	-1.0472	2.45463	2.4514
0.5365	-0.942478	3.73027	3.73805
0.5365	-0.837758	5.54945	5.57491
0.5365	-0.733038	8.03231	8.08297
0.5365	-0.628319	11.298	11.3821
0.5365	-0.523599	15.4585	15.4558
0.5365	-0.418879	20.349	20.3765
0.5365	-0.314159	26.2539	26.3377
0.5365	-0.20944	33.2293	33.3793
0.5365	-0.10472	41.1856	41.2765
0.5365	1.11022e-16	49.9049	50.024
0.5365	0.10472	59.5741	59.6905
0.5365	0.20944	69.6716	69.7924
0.5365	0.314159	80.3865	80.5867
0.5365	0.418879	91.285	91.4322
0.5365	0.523599	102.275	102.489
0.5365	0.628319	113.054	113.185
0.5365	0.733038	123.363	123.525
0.5365	0.837758	133.098	133.112
0.5365	0.942478	141.691	141.731
0.5365	1.0472	149.207	149.342
0.5365	1.15192	155.497	155.708
0.5365	1.25664	160.363	160.62
0.5365	1.36136	163.653	163.918
0.5365	1.46608	165.193	165.383
0.5365	1.5708	164.83	165.076
0.5365	1.67552	162.766	163.016
0.5365	1.78024	159.085	159.285
0.5365	1.88496	153.863	154.001
0.5365	1.98968	147.162	147.225
0.5365	2.0944	139.397	139.393
0.5365	2.19911	130.808	130.692
0.5365	2.30383	121.249	121.208
0.5365	2.40855	111.115	110.984
0.5365	2.51327	100.561	100.595
0.5365	2.61799	89.9181	89.859
0.5365	2.72271	79.3962	79.4518
0.5365	2.82743	69.106	69.0829
0.5365	2.93215	59.3961	59.3333
0.5365	3.03687	50.1209	50.0423
0.5365	3.14159	41.7496	41.5625
0.545	-3.14159	43.1109	43.0591
0.545	-3.03687	35.4723	35.5573
0.545	-2.93215	28.8175	28.8332
0.545	-2.82743	23.1299	23.0699
0.545	-2.72271	18.226	18.2252
0.545	-2.61799	14.1302	14.1256
0.545	-2.51327	10.851	10.7786
0.545	-2.40855	8.22815	8.15431
0.545	-2.30383	6.22764	6.16379
0.545	-2.19911	4.75486	4.72267
0.545	-2.0944	3.77531	3.76162
0.545	-1.98968	3.13173	3.09412
0.545	-1.88496	2.73952	2.69165
0.545	-1.78024	2.53245	2.44411
0.545	-1.67552	2.35045	2.29658
0.545	-1.5708	2.33446	2.27205
0.545	-1.46608	2.42528	2.3561
0.545	-1.36136	2.64402	2.57056
0.545	-1.25664	3.03479	2.96049
0.545	-1.15192	3.66071	3.59241
0.545	-1.0472	4.54901	4.49796
0.545	-0.942478	5.85781	5.81568
0.545	-0.837758	7.6982	7.67156
0.545	-0.733038	10.1847	10.1808
0.545	-0.628319	13.4303	13.4572
0.545	-0.523599	17.5411	17.6075
0.545	-0.418879	22.5017	22.4793
0.545	-0.314159	28.2869	28.3189
0.545	-0.20944	35.1009	35.197
0.545	-0.10472	42.96	43.0256
0.545	1.11022e-16	51.4661	51.5819
0.545	0.10472	60.8618	61.066
0.545	0.20944	70.8871	71.046
0.545	0.314159	81.2761	81.5112
0.545	0.418879	91.9809	92.1665
0.545	0.523599	102.595	102.861
0.545	0.628319	113.181	113.368
0.545	0.733038	123.115	123.352
0.545	0.837758	132.538	132.793
0.545	0.942478	140.831	141.103
0.545	1.0472	148.057	148.441
0.545	1.15192	154.104	154.566
0.545	1.25664	158.782	159.213
0.545	1.36136	161.946	162.3
0.545	1.46608	163.293	163.725
0.545	1.5708	162.952	163.449
0.545	1.67552	160.978	161.431
0.545	1.78024	157.454	157.753
0.545	1.88496	152.312	152.608
0.545	1.98968	145.889	146.173
0.545	2.0944	138.441	138.657
0.545	2.19911	130.041	130.214
0.545	2.30383	120.679	120.789
0.545	2.40855	110.897	110.952
0.545	2.51327	100.524	100.751
0.545	2.61799	90.2647	90.3456
0.545	2.72271	79.9148	80.0379
0.545	2.82743	69.9691	69.9379
0.545	2.93215	60.3923	60.4341
0.545	3.03687	51.3284	51.3082
0.545	3.14159	43.1109	43.0591
0.5535	-3.14159	46.7834	46.7758
0.5535	-3.03687	39.333	39.3879
0.5535	-2.93215	32.83	32.856
0.5535	-2.82743	27.2599	27.2085
0.5535	-2.72271	22.3711	22.4227
0.5535	-2.61799	18.3369	18.2949
0.5535	-2.51327	15.0579	14.9808
0.5535	-2.40855	12.4318	12.3856
0.5535	-2.30383	10.4504	10.4185
0.5535	-2.19911	9.04301	8.98332
0.5535	-2.0944	8.05753	8.08928
0.5535	-1.98968	7.40514	7.41979
0.5535	-1.88496	7.00798	6.97855
0.5535	-1.78024	6.75886	6.69156
0.5535	-1.67552	6.64349	6.56083
0.5535	-1.5708	6.64774	6.5539
0.5535	-1.46608	6.76934	6.66571
0.5535	-1.36136	7.02847	6.91697
0.5535	-1.25664	7.46713	7.35053
0.5535	-1.15192	8.14617	8.02968
0.5535	-1.0472	9.09224	9.00339
0.5535	-0.942478	10.4459	10.3631
0.5535	-0.837758	12.32	12.2503
0.5535	-0.733038	14.8237	14.7743
0.5535	-0.628319	18.0644	18.0434
0.5535	-0.523599	22.1427	22.1588
0.5535	-0.418879	27.1107	27.048
0.5535	-0.314159	32.797	32.787
0.5535	-0.20944	39.4725	39.525
0.5535	-0.10472	47.1513	47.2322
0.5535	1.11022e-16	55.5021	55.5701
0.5535	0.10472	64.6392	64.7939
0.5535	0.20944	74.4481	74.5617
0.5535	0.314159	84.518	84.7279
0.5535	0.418879	95.0314	95.2003
0.5535	0.523599	105.281	105.555
0.5535	0.628319	115.541	115.853
0.5535	0.733038	125.154	125.484
0.5535	0.837758	134.201	134.619
0.5535	0.942478	142.346	142.707
0.5535	1.0472	149.309	149.732
0.5535	1.15192	155.134	155.589
0.5535	1.25664	159.639	160.087
0.5535	1.36136	162.564	163.082
0.5535	1.46608	163.837	164.407
0.5535	1.5708	163.517	164.055
0.5535	1.67552	161.628	162.083
0.5535	1.78024	158.138	158.567
0.5535	1.88496	153.157	153.599
0.5535	1.98968	146.988	147.321
0.5535	2.0944	139.83	140.011
0.5535	2.19911	131.53	131.798
0.5535	2.30383	122.421	122.677
0.5535	2.40855	112.865	113.139
0.5535	2.51327	102.842	103.023
0.5535	2.61799	92.9142	92.9273
0.5535	2.72271	82.7956	82.9542
0.5535	2.82743	73.1593	73.0613
0.5535	2.93215	63.6775	63.6917
0.5535	3.03687	54.8563	54.8424
0.5535	3.14159	46.7834	46.824
0.562	-3.14159	53.9081	53.8256
0.562	-3.03687	46.6222	46.5965
0.562	-2.93215	40.25	40.1481
0.562	-2.82743	34.779	34.6054
0.562	-2.72271	29.9353	29.9133
0.562	-2.61799	25.8596	25.9039
0.562	-2.51327	22.6127	22.6314
0.562	-2.40855	20.0863	20.0647
0.562	-2.30383	18.1637	18.4341
0.562	-2.19911	16.7518	16.951
0.562	-2.0944	15.7593	15.8672
0.562	-1.98968	15.1016	15.1119
0.562	-1.88496	14.7022	14.5619
0.562	-1.78024	14.4486	14.3489
0.562	-1.67552	14.3492	14.2468
0.562	-1.5708	14.381	14.2645
0.562	-1.46608	14.5417	14.4117
0.562	-1.36136	14.8501	14.7083
0.562	-1.25664	15.3461	15.1947
0.562	-1.15192	16.0735	15.9311
0.562	-1.0472	17.0767	16.9587
0.562	-0.942478	18.4902	18.3721
0.562	-0.837758	20.4108	20.3036
0.562	-0.733038	22.946	22.8569
0.562	-0.628319	26.1976	26.1346
0.562	-0.523599	30.2607	30.2323
0.562	-0.418879	35.1435	35.0109
0.562	-0.314159	40.7535	40.6681
0.562	-0.20944	47.3145	47.2858
0.562	-0.10472	54.8376	54.8704
0.562	1.11022e-16	62.9849	63.0151
0.562	0.10472	71.8896	72.0052
0.562	0.20944	81.4311	81.503
0.562	0.314159	91.2058	91.3728
0.562	0.418879	101.402	101.546
0.562	0.523599	111.33	111.512
0.562	0.628319	121.242	121.489
0.562	0.733038	130.555	130.821
0.562	0.837758	139.27	139.643
0.562	0.942478	147.166	147.485
0.562	1.0472	153.837	154.228
0.562	1.15192	159.452	160.084
0.562	1.25664	163.797	164.186
0.562	1.36136	166.534	167.044
0.562	1.46608	167.714	168.244
0.562	1.5708	167.399	167.808
0.562	1.67552	165.584	165.907
0.562	1.78024	162.141	162.518
0.562	1.88496	157.284	157.71
0.562	1.98968	151.345	151.631
0.562	2.0944	144.45	144.575
0.562	2.19911	136.318	136.583
0.562	2.30383	127.453	127.683
0.562	2.40855	118.12	118.397
0.562	2.51327	108.425	108.526
0.562	2.61799	98.763	98.7646
0.562	2.72271	88.9486	89.029
0.562	2.82743	79.5896	79.5099
0.562	2.93215	70.3875	70.4147
0.562	3.03687	61.7927	61.6806
0.562	3.14159	53.9081	53.8351
0.5705	-3.14159	65.1601	65.1217
0.5705	-3.03687	58.0225	58.1256
0.5705	-2.93215	51.7481	51.7995
0.5705	-2.82743	46.3535	46.3511
0.5705	-2.72271	41.7884	41.7406
0.5705	-2.61799	37.8325	37.8804
0.5705	-2.51327	34.6376	34.6438
0.5705	-2.40855	32.1236	32.0922
0.5705	-2.30383	30.2039	30.1386
0.5705	-2.19911	28.7899	28.694
0.5705	-2.0944	27.7945	27.671
0.5705	-1.98968	27.137	26.9886
0.5705	-1.88496	26.691	26.5755
0.5705	-1.78024	26.4503	26.3516
0.5705	-1.67552	26.3754	26.2592
0.5705	-1.5708	26.444	26.3103
0.5705	-1.46608	26.6533	26.5027
0.5705	-1.36136	27.0214	26.8546
0.5705	-1.25664	27.5741	27.4046
0.5705	-1.15192	28.3275	28.1989
0.5705	-1.0472	29.4055	29.2639
0.5705	-0.942478	30.8929	30.7436
0.5705	-0.837758	32.875	32.7326
0.5705	-0.733038	35.4559	35.3296
0.5705	-0.628319	38.7337	38.6313
0.5705	-0.523599	42.7956	42.6206
0.5705	-0.418879	47.4799	47.327
0.5705	-0.314159	53.0296	52.9224
0.5705	-0.20944	59.4938	59.4416
0.5705	-0.10472	66.8808	66.7338
0.5705	1.11022e-16	74.7948	74.7044
0.5705	0.10472	83.4929	83.4808
0.5705	0.20944	92.7267	92.7688
0.5705	0.314159	102.23	102.367
0.5705	0.418879	112.04	112.163
0.5705	0.523599	121.661	121.883
0.5705	0.628319	131.275	131.485
0.5705	0.733038	140.209	140.489
0.5705	0.837758	148.644	148.985
0.5705	0.942478	156.239	156.486
0.5705	1.0472	162.65	163.01
0.5705	1.15192	167.97	168.393
0.5705	1.25664	172.058	172.406
0.5705	1.36136	174.817	175.247
0.5705	1.46608	175.916	176.37
0.5705	1.5708	175.498	176.012
0.5705	1.67552	173.654	174.125
0.5705	1.78024	170.452	170.643
0.5705	1.88496	165.715	166.022
0.5705	1.98968	159.827	160.31
0.5705	2.0944	153.122	153.359
0.5705	2.19911	145.346	145.573
0.5705	2.30383	136.81	136.84
0.5705	2.40855	127.769	127.949
0.5705	2.51327	118.25	118.376
0.5705	2.61799	108.804	108.858
0.5705	2.72271	99.217	99.518
0.5705	2.82743	90.0909	90.0626
0.5705	2.93215	81.1759	81.2587
0.5705	3.03687	72.8475	72.8058
0.5705	3.14159	65.1601	65.1429
0.579	-3.14159	81.4473	81.4392
0.579	-3.03687	74.6161	74.7051
0.579	-2.93215	68.4554	68.4978
0.579	-2.82743	63.1403	63.1286
0.579	-2.72271	58.6409	58.5798
0.579	-2.61799	54.8728	54.8038
0.579	-2.51327	51.7023	51.7012
0.579	-2.40855	49.2009	49.1589
0.579	-2.30383	47.2865	47.2069
0.579	-2.19911	45.8746	45.7604
0.579	-2.0944	44.8398	44.7363
0.579	-1.98968	44.132	44.0572
0.579	-1.88496	43.696	43.6087
0.579	-1.78024	43.4774	43.3703
0.579	-1.67552	43.4367	43.3095
0.579	-1.5708	43.5523	43.4045
0.579	-1.46608	43.8213	43.6527
0.579	-1.36136	44.206	44.0714
0.579	-1.25664	44.7862	44.663
0.579	-1.15192	45.6245	45.4799
0.579	-1.0472	46.7893	46.6269
0.579	-0.942478	48.3611	48.1855
0.579	-0.837758	50.4249	50.2456
0.579	-0.733038	53.0536	52.9001
0.579	-0.628319	56.3189	56.0952
0.579	-0.523599	60.1922	59.9847
0.579	-0.418879	64.8507	64.6784
0.579	-0.314159	70.3568	70.229
0.579	-0.20944	76.7417	76.668
0.579	-0.10472	83.8592	83.6857
0.579	1.11022e-16	91.6086	91.5045
0.579	0.10472	100.112	100.036
0.579	0.20944	108.961	108.849
0.579	0.314159	118.215	118.191
0.579	0.418879	127.639	127.753
0.579	0.523599	136.972	137.184
0.579	0.628319	146.215	146.39
0.579	0.733038	154.827	155.097
0.579	0.837758	162.98	163.343
0.579	0.942478	170.22	170.531
0.579	1.0472	176.443	176.562
0.579	1.15192	181.543	181.807
0.579	1.25664	185.421	185.855
0.579	1.36136	187.951	188.46
0.579	1.46608	189.127	189.306
0.579	1.5708	188.695	188.973
0.579	1.67552	186.797	187.213
0.579	1.78024	183.518	183.732
0.579	1.88496	179.169	179.493
0.579	1.98968	173.436	173.787
0.579	2.0944	166.771	166.96
0.579	2.19911	159.17	159.65
0.579	2.30383	150.933	151.012
0.579	2.40855	142.421	142.541
0.579	2.51327	133.184	133.267
0.579	2.61799	123.984	124.024
0.579	2.72271	114.718	114.787
0.579	2.82743	105.719	105.934
0.579	2.93215	97.1273	97.2476
0.579	3.03687	88.9125	88.9637
0.579	3.14159	81.4473	81.4392
