#x	y	0	new0
0.0178175	-3.14159	79.8167	80.5052
0.0178175	-3.03687	68.6171	69.3485
0.0178175	-2.93215	58.7923	59.42
0.0178175	-2.82743	50.4081	50.9421
0.0178175	-2.72271	43.4026	43.853
0.0178175	-2.61799	37.6828	38.0596
0.0178175	-2.51327	33.1317	33.4448
0.0178175	-2.40855	29.5826	29.8749
0.0178175	-2.30383	26.9173	27.2047
0.0178175	-2.19911	24.9892	25.284
0.0178175	-2.0944	23.6537	23.919
0.0178175	-1.98968	22.7766	23.02
0.0178175	-1.88496	22.2403	22.4861
0.0178175	-1.78024	21.9495	22.1818
0.0178175	-1.67552	21.8359	22.0512
0.0178175	-1.5708	21.8081	22.1363
0.0178175	-1.46608	21.8887	22.2145
0.0178175	-1.36136	22.1299	22.468
0.0178175	-1.25664	22.5946	22.9452
0.0178175	-1.15192	23.3762	23.7599
0.0178175	-1.0472	24.5689	25.009
0.0178175	-0.942478	26.2825	26.8012
0.0178175	-0.837758	28.7298	29.3034
0.0178175	-0.733038	32.0735	32.9114
0.0178175	-0.628319	36.4751	37.2877
0.0178175	-0.523599	42.0867	43.2078
0.0178175	-0.418879	49.0003	50.3975
0.0178175	-0.314159	57.3421	59.1393
0.0178175	-0.20944	67.2119	68.9677
0.0178175	-0.10472	78.6383	80.2777
0.0178175	1.11022e-16	91.5994	93.7154
0.0178175	0.10472	105.792	107.915
0.0178175	0.20944	121.091	123.275
0.0178175	0.314159	137.449	139.71
0.0178175	0.418879	154.6	156.955
0.0178175	0.523599	172.219	174.685
0.0178175	0.628319	189.924	192.363
0.0178175	0.733038	207.292	209.322
0.0178175	0.837758	223.382	225.492
0.0178175	0.942478	238.257	240.419
0.0178175	1.0472	251.457	253.496
0.0178175	1.15192	262.466	264.517
0.0178175	1.25664	271.006	273.471
0.0178175	1.36136	276.793	278.783
0.0178175	1.46608	279.586	281.702
0.0178175	1.5708	279.255	281.51
0.0178175	1.67552	275.908	278.271
0.0178175	1.78024	269.675	271.574
0.0178175	1.88496	260.688	262.407
0.0178175	1.98968	249.33	251.048
0.0178175	2.0944	236.003	237.719
0.0178175	2.19911	221.121	222.759
0.0178175	2.30383	205.122	206.688
0.0178175	2.40855	188.428	189.87
0.0178175	2.51327	170.974	172.363
0.0178175	2.61799	153.636	154.978
0.0178175	2.72271	136.854	138.085
0.0178175	2.82743	120.91	121.98
0.0178175	2.93215	105.968	106.904
0.0178175	3.03687	92.2297	93.0381
0.0178175	3.14159	79.8167	80.5052
0.0184709	-3.14159	69.9168	70.7164
0.0184709	-3.03687	59.2103	59.9288
0.0184709	-2.93215	49.8915	50.5296
0.0184709	-2.82743	41.9381	42.5079
0.0184709	-2.72271	35.2909	35.8047
0.0184709	-2.61799	29.8608	30.3312
0.0184709	-2.51327	25.5361	25.9637
0.0184709	-2.40855	22.1886	22.5649
0.0184709	-2.30383	19.6804	20.0136
0.0184709	-2.19911	17.8709	18.1686
0.0184709	-2.0944	16.6227	16.8933
0.0184709	-1.98968	15.8085	16.0586
0.0184709	-1.88496	15.3166	15.5532
0.0184709	-1.78024	15.0448	15.3022
0.0184709	-1.67552	14.8829	15.1984
0.0184709	-1.5708	14.8472	15.1712
0.0184709	-1.46608	14.9339	15.2694
0.0184709	-1.36136	15.1714	15.5178
0.0184709	-1.25664	15.6194	15.9641
0.0184709	-1.15192	16.3366	16.7437
0.0184709	-1.0472	17.4172	17.873
0.0184709	-0.942478	19.0451	19.5415
0.0184709	-0.837758	21.3687	21.8868
0.0184709	-0.733038	24.5427	25.1072
0.0184709	-0.628319	28.7191	29.4018
0.0184709	-0.523599	34.0004	34.715
0.0184709	-0.418879	40.5404	41.3895
0.0184709	-0.314159	48.4633	49.4497
0.0184709	-0.20944	57.8376	58.9616
0.0184709	-0.10472	68.6905	69.9604
0.0184709	1.11022e-16	81.0009	82.6238
0.0184709	0.10472	94.682	96.0369
0.0184709	0.20944	109.204	110.663
0.0184709	0.314159	124.73	126.463
0.0184709	0.418879	141.007	143.13
0.0184709	0.523599	157.724	159.955
0.0184709	0.628319	174.521	176.875
0.0184709	0.733038	190.994	193.128
0.0184709	0.837758	206.466	208.556
0.0184709	0.942478	220.489	222.591
0.0184709	1.0472	232.974	235.123
0.0184709	1.15192	243.436	245.657
0.0184709	1.25664	251.5	253.698
0.0184709	1.36136	256.949	258.995
0.0184709	1.46608	259.602	261.652
0.0184709	1.5708	259.287	261.418
0.0184709	1.67552	256.071	257.962
0.0184709	1.78024	250.118	252.006
0.0184709	1.88496	241.644	243.384
0.0184709	1.98968	230.857	232.571
0.0184709	2.0944	218.189	219.896
0.0184709	2.19911	204.053	205.753
0.0184709	2.30383	188.865	190.548
0.0184709	2.40855	172.818	174.428
0.0184709	2.51327	156.263	157.794
0.0184709	2.61799	139.932	141.301
0.0184709	2.72271	124.061	125.279
0.0184709	2.82743	108.943	110.011
0.0184709	2.93215	94.7996	95.7233
0.0184709	3.03687	81.8015	82.5862
0.0184709	3.14159	69.9168	70.7164
0.0191243	-3.14159	61.5422	62.3745
0.0191243	-3.03687	51.3929	52.1345
0.0191243	-2.93215	42.5629	43.2242
0.0191243	-2.82743	35.0296	35.6196
0.0191243	-2.72271	28.7362	29.2451
0.0191243	-2.61799	23.5981	24.0438
0.0191243	-2.51327	19.5088	19.8999
0.0191243	-2.40855	16.3469	16.6914
0.0191243	-2.30383	13.9813	14.2869
0.0191243	-2.19911	12.2785	12.5525
0.0191243	-2.0944	11.1083	11.3576
0.0191243	-1.98968	10.3497	10.5809
0.0191243	-1.88496	9.843	10.1178
0.0191243	-1.78024	9.54899	9.84089
0.0191243	-1.67552	9.40776	9.69321
0.0191243	-1.5708	9.38575	9.6823
0.0191243	-1.46608	9.47927	9.7793
0.0191243	-1.36136	9.71523	10.0241
0.0191243	-1.25664	10.1111	10.4763
0.0191243	-1.15192	10.7529	11.1432
0.0191243	-1.0472	11.786	12.1906
0.0191243	-0.942478	13.3382	13.7741
0.0191243	-0.837758	15.548	16.0184
0.0191243	-0.733038	18.5651	19.0781
0.0191243	-0.628319	22.4905	23.0696
0.0191243	-0.523599	27.4933	28.1197
0.0191243	-0.418879	33.7129	34.3984
0.0191243	-0.314159	41.2462	42.2135
0.0191243	-0.20944	50.1583	51.2621
0.0191243	-0.10472	60.4748	61.7074
0.0191243	1.11022e-16	72.1756	73.5661
0.0191243	0.10472	85.1885	86.5583
0.0191243	0.20944	99.1732	100.45
0.0191243	0.314159	113.916	115.31
0.0191243	0.418879	129.37	131.107
0.0191243	0.523599	145.239	147.086
0.0191243	0.628319	161.18	163.134
0.0191243	0.733038	176.807	178.865
0.0191243	0.837758	191.699	193.545
0.0191243	0.942478	204.985	206.942
0.0191243	1.0472	216.754	218.808
0.0191243	1.15192	226.666	228.774
0.0191243	1.25664	234.301	236.516
0.0191243	1.36136	239.432	241.434
0.0191243	1.46608	241.909	243.913
0.0191243	1.5708	241.653	243.522
0.0191243	1.67552	238.565	240.423
0.0191243	1.78024	232.879	234.73
0.0191243	1.88496	224.803	226.626
0.0191243	1.98968	214.617	216.33
0.0191243	2.0944	202.599	204.271
0.0191243	2.19911	189.167	190.825
0.0191243	2.30383	174.744	176.385
0.0191243	2.40855	159.273	160.904
0.0191243	2.51327	143.636	145.181
0.0191243	2.61799	128.143	129.556
0.0191243	2.72271	113.095	114.368
0.0191243	2.82743	98.7558	99.8859
0.0191243	2.93215	85.3402	86.3375
0.0191243	3.03687	72.9936	73.8838
0.0191243	3.14159	61.5422	62.3745
0.0197777	-3.14159	54.7902	55.5257
0.0197777	-3.03687	45.163	45.8136
0.0197777	-2.93215	36.7892	37.3639
0.0197777	-2.82743	29.6468	30.1534
0.0197777	-2.72271	23.6816	24.1184
0.0197777	-2.61799	18.8133	19.1924
0.0197777	-2.51327	14.9407	15.2703
0.0197777	-2.40855	11.9485	12.2362
0.0197777	-2.30383	9.71251	9.96555
0.0197777	-2.19911	8.09125	8.33124
0.0197777	-2.0944	6.94873	7.20928
0.0197777	-1.98968	6.19208	6.45419
0.0197777	-1.88496	5.72056	5.96812
0.0197777	-1.78024	5.45269	5.69062
0.0197777	-1.67552	5.33022	5.56324
0.0197777	-1.5708	5.32124	5.55522
0.0197777	-1.46608	5.42222	5.66318
0.0197777	-1.36136	5.605	5.8995
0.0197777	-1.25664	5.95757	6.25913
0.0197777	-1.15192	6.57634	6.89169
0.0197777	-1.0472	7.56548	7.90095
0.0197777	-0.942478	9.04898	9.41072
0.0197777	-0.837758	11.1611	11.5516
0.0197777	-0.733038	13.9886	14.428
0.0197777	-0.628319	17.7141	18.19
0.0197777	-0.523599	22.4806	23.003
0.0197777	-0.418879	28.4032	28.9828
0.0197777	-0.314159	35.574	36.2216
0.0197777	-0.20944	44.0546	44.781
0.0197777	-0.10472	53.8691	54.8963
0.0197777	1.11022e-16	64.9981	66.0995
0.0197777	0.10472	77.3727	78.5502
0.0197777	0.20944	90.8554	91.9251
0.0197777	0.314159	104.873	106.051
0.0197777	0.418879	119.552	120.854
0.0197777	0.523599	134.621	136.048
0.0197777	0.628319	149.754	151.306
0.0197777	0.733038	164.585	166.259
0.0197777	0.837758	178.724	180.513
0.0197777	0.942478	191.522	193.319
0.0197777	1.0472	202.667	204.558
0.0197777	1.15192	212.017	213.988
0.0197777	1.25664	219.248	221.176
0.0197777	1.36136	224.08	226.013
0.0197777	1.46608	226.391	228.326
0.0197777	1.5708	226.109	228.013
0.0197777	1.67552	223.229	225.029
0.0197777	1.78024	217.794	219.584
0.0197777	1.88496	210.096	211.874
0.0197777	1.98968	200.399	202.164
0.0197777	2.0944	189.025	190.688
0.0197777	2.19911	176.309	177.901
0.0197777	2.30383	162.4	163.979
0.0197777	2.40855	147.744	149.235
0.0197777	2.51327	132.902	134.281
0.0197777	2.61799	118.188	119.455
0.0197777	2.72271	103.901	105.078
0.0197777	2.82743	90.2906	91.3463
0.0197777	2.93215	77.5598	78.4965
0.0197777	3.03687	65.6489	66.4856
0.0197777	3.14159	54.7902	55.5257
0.0204311	-3.14159	49.5387	50.1685
0.0204311	-3.03687	40.4051	40.9506
0.0204311	-2.93215	32.4626	32.9311
0.0204311	-2.82743	25.6852	26.0877
0.0204311	-2.72271	20.0249	20.3663
0.0204311	-2.61799	15.4063	15.6953
0.0204311	-2.51327	11.7333	11.9778
0.0204311	-2.40855	8.84774	9.10388
0.0204311	-2.30383	6.67735	6.95309
0.0204311	-2.19911	5.12363	5.36335
0.0204311	-2.0944	4.05518	4.25886
0.0204311	-1.98968	3.3481	3.53093
0.0204311	-1.88496	2.90899	3.07946
0.0204311	-1.78024	2.6644	2.82685
0.0204311	-1.67552	2.55902	2.71762
0.0204311	-1.5708	2.52853	2.72137
0.0204311	-1.46608	2.55041	2.80264
0.0204311	-1.36136	2.6921	2.96795
0.0204311	-1.25664	3.00783	3.29567
0.0204311	-1.15192	3.57779	3.86882
0.0204311	-1.0472	4.5049	4.80971
0.0204311	-0.942478	5.89334	6.22764
0.0204311	-0.837758	7.84523	8.19909
0.0204311	-0.733038	10.5508	10.9327
0.0204311	-0.628319	14.1491	14.5721
0.0204311	-0.523599	18.7707	19.2368
0.0204311	-0.418879	24.5092	24.9681
0.0204311	-0.314159	31.3424	31.8668
0.0204311	-0.20944	39.4199	40.0201
0.0204311	-0.10472	48.7643	49.4505
0.0204311	1.11022e-16	59.3279	60.1384
0.0204311	0.10472	71.0754	72.0487
0.0204311	0.20944	83.8965	84.9148
0.0204311	0.314159	97.4272	98.4541
0.0204311	0.418879	111.379	112.525
0.0204311	0.523599	125.71	127.11
0.0204311	0.628319	140.11	141.506
0.0204311	0.733038	154.195	155.764
0.0204311	0.837758	167.612	169.275
0.0204311	0.942478	179.962	181.586
0.0204311	1.0472	190.519	192.233
0.0204311	1.15192	199.367	201.157
0.0204311	1.25664	206.206	208.032
0.0204311	1.36136	210.746	212.588
0.0204311	1.46608	212.902	214.744
0.0204311	1.5708	212.595	214.433
0.0204311	1.67552	209.844	211.634
0.0204311	1.78024	204.719	206.424
0.0204311	1.88496	197.377	199.066
0.0204311	1.98968	188.143	189.814
0.0204311	2.0944	177.364	178.97
0.0204311	2.19911	165.28	166.841
0.0204311	2.30383	151.947	153.381
0.0204311	2.40855	138.035	139.359
0.0204311	2.51327	123.929	125.143
0.0204311	2.61799	109.95	111.055
0.0204311	2.72271	96.3786	97.3772
0.0204311	2.82743	83.4537	84.3498
0.0204311	2.93215	71.2814	72.1061
0.0204311	3.03687	59.8491	60.5715
0.0204311	3.14159	49.5387	50.1685
0.0210845	-3.14159	45.7056	46.1754
0.0210845	-3.03687	37.0265	37.4376
0.0210845	-2.93215	29.4793	29.8317
0.0210845	-2.82743	23.0436	23.3308
0.0210845	-2.72271	17.6351	17.815
0.0210845	-2.61799	13.1303	13.2953
0.0210845	-2.51327	9.54223	9.70327
0.0210845	-2.40855	6.76602	6.92907
0.0210845	-2.30383	4.68928	4.8554
0.0210845	-2.19911	3.19772	3.36301
0.0210845	-2.0944	2.18084	2.3361
0.0210845	-1.98968	1.51871	1.66518
0.0210845	-1.88496	1.11565	1.25324
0.0210845	-1.78024	0.89488	1.02746
0.0210845	-1.67552	0.739553	0.899991
0.0210845	-1.5708	0.683661	0.847599
0.0210845	-1.46608	0.717304	0.879097
0.0210845	-1.36136	0.866133	1.19369
0.0210845	-1.25664	1.18158	1.3485
0.0210845	-1.15192	1.7398	1.91449
0.0210845	-1.0472	2.61429	2.82245
0.0210845	-0.942478	3.90661	4.11298
0.0210845	-0.837758	5.78359	6.00936
0.0210845	-0.733038	8.37809	8.63126
0.0210845	-0.628319	11.822	12.1117
0.0210845	-0.523599	16.2397	16.5753
0.0210845	-0.418879	21.7403	22.1306
0.0210845	-0.314159	28.4117	28.8456
0.0210845	-0.20944	36.1404	36.6192
0.0210845	-0.10472	45.0058	45.6057
0.0210845	1.11022e-16	55.0616	55.7824
0.0210845	0.10472	66.2457	67.0047
0.0210845	0.20944	78.4479	79.2502
0.0210845	0.314159	91.5073	92.3557
0.0210845	0.418879	104.779	105.749
0.0210845	0.523599	118.399	119.596
0.0210845	0.628319	132.079	133.355
0.0210845	0.733038	145.491	146.824
0.0210845	0.837758	158.253	159.652
0.0210845	0.942478	169.991	171.478
0.0210845	1.0472	180.182	181.706
0.0210845	1.15192	188.558	190.153
0.0210845	1.25664	195.033	196.685
0.0210845	1.36136	199.352	201.027
0.0210845	1.46608	201.343	203.035
0.0210845	1.5708	201.007	202.7
0.0210845	1.67552	198.365	200.042
0.0210845	1.78024	193.517	195.119
0.0210845	1.88496	186.535	188.094
0.0210845	1.98968	177.781	179.274
0.0210845	2.0944	167.531	168.947
0.0210845	2.19911	155.816	157.208
0.0210845	2.30383	143.144	144.411
0.0210845	2.40855	129.95	131.104
0.0210845	2.51327	116.55	117.619
0.0210845	2.61799	103.273	104.244
0.0210845	2.72271	90.4067	91.243
0.0210845	2.82743	78.1092	78.8593
0.0210845	2.93215	66.3171	66.9602
0.0210845	3.03687	55.498	56.0333
0.0210845	3.14159	45.7056	46.1754
0.0217379	-3.14159	43.1926	43.4471
0.0217379	-3.03687	34.9402	35.1422
0.0217379	-2.93215	27.764	27.8467
0.0217379	-2.82743	21.496	21.5263
0.0217379	-2.72271	16.2507	16.2529
0.0217379	-2.61799	11.9619	11.9525
0.0217379	-2.51327	8.54083	8.53328
0.0217379	-2.40855	5.88893	5.89123
0.0217379	-2.30383	3.89989	3.91505
0.0217379	-2.19911	2.4658	2.49192
0.0217379	-2.0944	1.48224	1.51209
0.0217379	-1.98968	0.852478	0.874756
0.0217379	-1.88496	0.475439	0.491048
0.0217379	-1.78024	0.242085	0.224935
0.0217379	-1.67552	0.0569623	0.0800978
0.0217379	-1.5708	0	0.0328425
0.0217379	-1.46608	0.0459534	0.0764132
0.0217379	-1.36136	0.20393	0.234867
0.0217379	-1.25664	0.523051	0.558165
0.0217379	-1.15192	1.0316	1.07448
0.0217379	-1.0472	1.85269	1.91559
0.0217379	-0.942478	3.10556	3.17178
0.0217379	-0.837758	4.91567	5.00108
0.0217379	-0.733038	7.40929	7.52148
0.0217379	-0.628319	10.7116	10.859
0.0217379	-0.523599	14.9406	15.0984
0.0217379	-0.418879	20.1771	20.378
0.0217379	-0.314159	26.5026	26.7838
0.0217379	-0.20944	34.0006	34.305
0.0217379	-0.10472	42.5448	43.0104
0.0217379	1.11022e-16	52.1274	52.6422
0.0217379	0.10472	62.7807	63.3337
0.0217379	0.20944	74.3993	74.996
0.0217379	0.314159	86.8296	87.4735
0.0217379	0.418879	99.6514	100.445
0.0217379	0.523599	112.599	113.618
0.0217379	0.628319	125.599	126.704
0.0217379	0.733038	138.339	139.506
0.0217379	0.837758	150.483	151.692
0.0217379	0.942478	161.668	162.92
0.0217379	1.0472	171.516	172.853
0.0217379	1.15192	179.471	180.861
0.0217379	1.25664	185.59	187.034
0.0217379	1.36136	189.697	191.179
0.0217379	1.46608	191.595	193.082
0.0217379	1.5708	191.239	192.724
0.0217379	1.67552	188.692	190.16
0.0217379	1.78024	184.052	185.488
0.0217379	1.88496	177.483	178.841
0.0217379	1.98968	169.137	170.429
0.0217379	2.0944	159.244	160.573
0.0217379	2.19911	148.002	149.229
0.0217379	2.30383	135.939	137.05
0.0217379	2.40855	123.376	124.392
0.0217379	2.51327	110.628	111.568
0.0217379	2.61799	98.0267	98.8668
0.0217379	2.72271	85.8165	86.5418
0.0217379	2.82743	73.9285	74.5037
0.0217379	2.93215	62.7326	63.1914
0.0217379	3.03687	52.46	52.8083
0.0217379	3.14159	43.1926	43.4471
0.0223914	-3.14159	41.8872	41.9192
0.0223914	-3.03687	33.9476	33.9339
0.0223914	-2.93215	26.9903	26.8741
0.0223914	-2.82743	21.0163	20.8578
0.0223914	-2.72271	16.0185	15.8361
0.0223914	-2.61799	11.9285	11.7391
0.0223914	-2.51327	8.62561	8.47956
0.0223914	-2.40855	6.0556	5.9417
0.0223914	-2.30383	4.13651	4.04518
0.0223914	-2.19911	2.7423	2.69131
0.0223914	-2.0944	1.80056	1.73793
0.0223914	-1.98968	1.21502	1.10079
0.0223914	-1.88496	0.867848	0.699193
0.0223914	-1.78024	0.584634	0.462272
0.0223914	-1.67552	0.411764	0.337797
0.0223914	-1.5708	0.353522	0.299626
0.0223914	-1.46608	0.401158	0.357322
0.0223914	-1.36136	0.546184	0.464243
0.0223914	-1.25664	0.78217	0.707026
0.0223914	-1.15192	1.22232	1.18761
0.0223914	-1.0472	2.0154	1.99413
0.0223914	-0.942478	3.21824	3.23033
0.0223914	-0.837758	4.98521	4.95549
0.0223914	-0.733038	7.39424	7.35594
0.0223914	-0.628319	10.5769	10.5699
0.0223914	-0.523599	14.7036	14.7143
0.0223914	-0.418879	19.7144	19.7758
0.0223914	-0.314159	25.7615	25.8777
0.0223914	-0.20944	32.9236	33.0408
0.0223914	-0.10472	41.2222	41.3498
0.0223914	1.11022e-16	50.432	50.7446
0.0223914	0.10472	60.5856	60.9352
0.0223914	0.20944	71.6541	72.0467
0.0223914	0.314159	83.477	83.9303
0.0223914	0.418879	95.8574	96.3911
0.0223914	0.523599	108.203	109.002
0.0223914	0.628319	120.561	121.446
0.0223914	0.733038	132.666	133.638
0.0223914	0.837758	144.199	145.231
0.0223914	0.942478	154.832	155.892
0.0223914	1.0472	164.197	165.317
0.0223914	1.15192	171.977	173.21
0.0223914	1.25664	177.76	179.073
0.0223914	1.36136	181.628	182.98
0.0223914	1.46608	183.451	184.776
0.0223914	1.5708	183.109	184.464
0.0223914	1.67552	180.651	181.991
0.0223914	1.78024	176.206	177.515
0.0223914	1.88496	169.932	171.197
0.0223914	1.98968	161.918	163.114
0.0223914	2.0944	152.349	153.478
0.0223914	2.19911	141.715	142.75
0.0223914	2.30383	130.226	131.161
0.0223914	2.40855	118.253	119.116
0.0223914	2.51327	106.147	106.917
0.0223914	2.61799	94.1818	94.8377
0.0223914	2.72271	82.4783	82.9852
0.0223914	2.82743	71.0858	71.4647
0.0223914	2.93215	60.4513	60.7046
0.0223914	3.03687	50.6925	50.8285
0.0223914	3.14159	41.8872	41.9192
0.0230448	-3.14159	41.6587	41.4758
0.0230448	-3.03687	34.0027	33.7379
0.0230448	-2.93215	27.3393	27.0138
0.0230448	-2.82743	21.6223	21.2821
0.0230448	-2.72271	16.7107	16.3986
0.0230448	-2.61799	12.4722	12.359
0.0230448	-2.51327	9.10968	9.00503
0.0230448	-2.40855	6.4617	6.43988
0.0230448	-2.30383	4.48739	4.54271
0.0230448	-2.19911	3.09038	3.15609
0.0230448	-2.0944	2.15618	2.22523
0.0230448	-1.98968	1.57956	1.63983
0.0230448	-1.88496	1.24949	1.30276
0.0230448	-1.78024	1.0808	1.08464
0.0230448	-1.67552	0.913836	0.969121
0.0230448	-1.5708	0.849266	0.92555
0.0230448	-1.46608	0.869462	0.943414
0.0230448	-1.36136	0.981506	1.05598
0.0230448	-1.25664	1.23886	1.28658
0.0230448	-1.15192	1.71181	1.7294
0.0230448	-1.0472	2.46259	2.50477
0.0230448	-0.942478	3.65726	3.71129
0.0230448	-0.837758	5.42816	5.44747
0.0230448	-0.733038	7.85544	7.84817
0.0230448	-0.628319	11.0696	11.0732
0.0230448	-0.523599	15.1973	15.1519
0.0230448	-0.418879	20.1974	20.0712
0.0230448	-0.314159	26.126	26.0053
0.0230448	-0.20944	32.9732	32.9112
0.0230448	-0.10472	40.8654	40.8476
0.0230448	1.11022e-16	49.8019	49.8565
0.0230448	0.10472	59.5741	59.7428
0.0230448	0.20944	70.0872	70.3348
0.0230448	0.314159	81.331	81.658
0.0230448	0.418879	93.1208	93.5263
0.0230448	0.523599	105.129	105.712
0.0230448	0.628319	116.88	117.556
0.0230448	0.733038	128.386	129.148
0.0230448	0.837758	139.341	140.192
0.0230448	0.942478	149.435	150.332
0.0230448	1.0472	158.288	159.277
0.0230448	1.15192	165.703	166.761
0.0230448	1.25664	171.443	172.541
0.0230448	1.36136	175.085	176.258
0.0230448	1.46608	176.783	177.975
0.0230448	1.5708	176.468	177.672
0.0230448	1.67552	174.139	175.299
0.0230448	1.78024	169.878	171.007
0.0230448	1.88496	163.835	164.914
0.0230448	1.98968	156.011	157.05
0.0230448	2.0944	146.913	147.865
0.0230448	2.19911	136.822	137.647
0.0230448	2.30383	125.904	126.691
0.0230448	2.40855	114.519	115.224
0.0230448	2.51327	103.019	103.615
0.0230448	2.61799	91.6551	92.1226
0.0230448	2.72271	80.3274	80.6452
0.0230448	2.82743	69.502	69.6812
0.0230448	2.93215	59.3961	59.4414
0.0230448	3.03687	50.1209	50.0423
0.0230448	3.14159	41.6587	41.4758
0.0236982	-3.14159	42.3965	41.9772
0.0236982	-3.03687	35.1058	34.6235
0.0236982	-2.93215	28.6278	28.0796
0.0236982	-2.82743	22.7073	22.3988
0.0236982	-2.72271	17.6706	17.426
0.0236982	-2.61799	13.4499	13.3259
0.0236982	-2.51327	10.1094	9.98714
0.0236982	-2.40855	7.54328	7.43342
0.0236982	-2.30383	5.63995	5.54842
0.0236982	-2.19911	4.28799	4.21413
0.0236982	-2.0944	3.37813	3.31615
0.0236982	-1.98968	2.81219	2.75309
0.0236982	-1.88496	2.5016	2.411
0.0236982	-1.78024	2.30474	2.18146
0.0236982	-1.67552	2.13119	2.05585
0.0236982	-1.5708	2.05919	2.00647
0.0236982	-1.46608	2.08917	2.03756
0.0236982	-1.36136	2.21567	2.16358
0.0236982	-1.25664	2.48431	2.4224
0.0236982	-1.15192	2.88847	2.84782
0.0236982	-1.0472	3.62872	3.6031
0.0236982	-0.942478	4.79613	4.77743
0.0236982	-0.837758	6.51946	6.51857
0.0236982	-0.733038	8.93002	8.95505
0.0236982	-0.628319	12.1592	12.1247
0.0236982	-0.523599	16.2247	16.1612
0.0236982	-0.418879	21.2522	21.1438
0.0236982	-0.314159	27.2655	27.0018
0.0236982	-0.20944	33.9729	33.7492
0.0236982	-0.10472	41.5856	41.4414
0.0236982	1.11022e-16	50.1141	50.0471
0.0236982	0.10472	59.6094	59.6167
0.0236982	0.20944	69.6716	69.7924
0.0236982	0.314159	80.3865	80.5867
0.0236982	0.418879	91.6186	91.8954
0.0236982	0.523599	103.153	103.501
0.0236982	0.628319	114.47	114.958
0.0236982	0.733038	125.42	125.984
0.0236982	0.837758	135.829	136.482
0.0236982	0.942478	145.382	146.157
0.0236982	1.0472	153.792	154.65
0.0236982	1.15192	160.838	161.746
0.0236982	1.25664	166.295	167.22
0.0236982	1.36136	169.983	170.889
0.0236982	1.46608	171.561	172.584
0.0236982	1.5708	171.226	172.267
0.0236982	1.67552	169.003	169.977
0.0236982	1.78024	164.925	165.804
0.0236982	1.88496	158.975	159.914
0.0236982	1.98968	151.53	152.408
0.0236982	2.0944	142.878	143.65
0.0236982	2.19911	133.288	133.913
0.0236982	2.30383	122.916	123.482
0.0236982	2.40855	112.095	112.638
0.0236982	2.51327	101.167	101.586
0.0236982	2.61799	90.2275	90.4298
0.0236982	2.72271	79.3962	79.5026
0.0236982	2.82743	69.106	69.0829
0.0236982	2.93215	59.499	59.3333
0.0236982	3.03687	50.622	50.2821
0.0236982	3.14159	42.3965	41.9772
0.0243516	-3.14159	44.1873	43.4817
0.0243516	-3.03687	36.9719	36.2598
0.0243516	-2.93215	30.2331	29.7795
0.0243516	-2.82743	24.3141	24.0183
0.0243516	-2.72271	19.3387	19.0521
0.0243516	-2.61799	15.2908	14.9968
0.0243516	-2.51327	12.0813	11.7947
0.0243516	-2.40855	9.61083	9.34204
0.0243516	-2.30383	7.77327	7.52821
0.0243516	-2.19911	6.46193	6.24116
0.0243516	-2.0944	5.55148	5.37299
0.0243516	-1.98968	5.00787	4.81568
0.0243516	-1.88496	4.70468	4.43925
0.0243516	-1.78024	4.49244	4.21358
0.0243516	-1.67552	4.31454	4.09264
0.0243516	-1.5708	4.23833	4.05248
0.0243516	-1.46608	4.27067	4.09803
0.0243516	-1.36136	4.41312	4.24032
0.0243516	-1.25664	4.65415	4.44198
0.0243516	-1.15192	5.03696	4.86761
0.0243516	-1.0472	5.76177	5.60969
0.0243516	-0.942478	6.90843	6.76809
0.0243516	-0.837758	8.58559	8.46398
0.0243516	-0.733038	10.9212	10.8032
0.0243516	-0.628319	13.9926	13.9022
0.0243516	-0.523599	17.9779	17.92
0.0243516	-0.418879	22.9632	22.8368
0.0243516	-0.314159	28.8852	28.6635
0.0243516	-0.20944	35.7073	35.4127
0.0243516	-0.10472	43.2276	42.963
0.0243516	1.11022e-16	51.4893	51.3006
0.0243516	0.10472	60.553	60.4416
0.0243516	0.20944	70.3642	70.3587
0.0243516	0.314159	80.5798	80.6528
0.0243516	0.418879	91.285	91.4322
0.0243516	0.523599	102.275	102.489
0.0243516	0.628319	113.245	113.583
0.0243516	0.733038	123.679	124.073
0.0243516	0.837758	133.59	134.056
0.0243516	0.942478	142.641	143.251
0.0243516	1.0472	150.635	151.358
0.0243516	1.15192	157.328	158.089
0.0243516	1.25664	162.511	163.272
0.0243516	1.36136	166.019	166.736
0.0243516	1.46608	167.546	168.369
0.0243516	1.5708	167.196	168.061
0.0243516	1.67552	165.034	165.836
0.0243516	1.78024	161.15	161.837
0.0243516	1.88496	155.482	156.21
0.0243516	1.98968	148.396	149.11
0.0243516	2.0944	140.167	140.755
0.0243516	2.19911	131.05	131.474
0.0243516	2.30383	121.197	121.535
0.0243516	2.40855	110.909	111.209
0.0243516	2.51327	100.524	100.595
0.0243516	2.61799	89.9181	89.859
0.0243516	2.72271	79.6195	79.4518
0.0243516	2.82743	69.8344	69.5526
0.0243516	2.93215	60.6968	60.18
0.0243516	3.03687	52.0212	51.3979
0.0243516	3.14159	44.1873	43.4817
0.025005	-3.14159	46.6177	45.7582
0.025005	-3.03687	39.1968	38.5243
0.025005	-2.93215	32.4767	32.0386
0.025005	-2.82743	26.7538	26.3021
0.025005	-2.72271	21.9836	21.5098
0.025005	-2.61799	18.0967	17.6199
0.025005	-2.51327	14.9162	14.5443
0.025005	-2.40855	12.4363	12.1462
0.025005	-2.30383	10.5891	10.3196
0.025005	-2.19911	9.26733	9.02932
0.025005	-2.0944	8.36786	8.15575
0.025005	-1.98968	7.8174	7.64216
0.025005	-1.88496	7.52918	7.31094
0.025005	-1.78024	7.37596	7.07982
0.025005	-1.67552	7.18724	6.95148
0.025005	-1.5708	7.09954	6.91849
0.025005	-1.46608	7.15701	6.97103
0.025005	-1.36136	7.30608	7.11707
0.025005	-1.25664	7.59439	7.38659
0.025005	-1.15192	7.98787	7.80491
0.025005	-1.0472	8.72221	8.55116
0.025005	-0.942478	9.87765	9.69235
0.025005	-0.837758	11.5638	11.3364
0.025005	-0.733038	13.8236	13.5634
0.025005	-0.628319	16.7603	16.5564
0.025005	-0.523599	20.5901	20.4288
0.025005	-0.418879	25.396	25.2789
0.025005	-0.314159	31.2311	31.0451
0.025005	-0.20944	38.0024	37.7004
0.025005	-0.10472	45.5945	45.267
0.025005	1.11022e-16	53.7861	53.4827
0.025005	0.10472	62.5315	62.3012
0.025005	0.20944	71.9727	71.7926
0.025005	0.314159	81.854	81.7995
0.025005	0.418879	92.0606	92.0786
0.025005	0.523599	102.536	102.617
0.025005	0.628319	113.054	113.185
0.025005	0.733038	123.115	123.352
0.025005	0.837758	132.538	132.847
0.025005	0.942478	141.145	141.586
0.025005	1.0472	148.744	149.31
0.025005	1.15192	155.106	155.717
0.025005	1.25664	160.029	160.624
0.025005	1.36136	163.36	163.895
0.025005	1.46608	164.793	165.421
0.025005	1.5708	164.447	165.156
0.025005	1.67552	162.381	163.009
0.025005	1.78024	158.682	159.175
0.025005	1.88496	153.283	153.796
0.025005	1.98968	146.537	147.058
0.025005	2.0944	138.708	139.112
0.025005	2.19911	130.041	130.261
0.025005	2.30383	120.679	120.789
0.025005	2.40855	110.897	110.952
0.025005	2.51327	100.857	100.642
0.025005	2.61799	90.7329	90.4115
0.025005	2.72271	80.9364	80.4957
0.025005	2.82743	71.6275	71.0419
0.025005	2.93215	62.7151	61.9121
0.025005	3.03687	54.4425	53.5377
0.025005	3.14159	46.6177	45.7582
0.0256584	-3.14159	49.4804	48.6141
0.0256584	-3.03687	42.0627	41.4561
0.0256584	-2.93215	35.6234	35.0218
0.0256584	-2.82743	30.1384	29.4946
0.0256584	-2.72271	25.4206	24.8971
0.0256584	-2.61799	21.5551	21.0773
0.0256584	-2.51327	18.4539	17.9744
0.0256584	-2.40855	16.056	15.5876
0.0256584	-2.30383	14.2629	13.8237
0.0256584	-2.19911	12.9732	12.5799
0.0256584	-2.0944	12.0872	11.7343
0.0256584	-1.98968	11.5174	11.2194
0.0256584	-1.88496	11.2431	10.8468
0.0256584	-1.78024	11.0772	10.6244
0.0256584	-1.67552	10.8827	10.5021
0.0256584	-1.5708	10.7902	10.4779
0.0256584	-1.46608	10.8416	10.5457
0.0256584	-1.36136	11.0068	10.7081
0.0256584	-1.25664	11.2879	10.9198
0.0256584	-1.15192	11.6544	11.3472
0.0256584	-1.0472	12.3709	12.0899
0.0256584	-0.942478	13.5113	13.2384
0.0256584	-0.837758	15.1618	14.904
0.0256584	-0.733038	17.4414	17.207
0.0256584	-0.628319	20.4362	20.1236
0.0256584	-0.523599	24.1265	23.8604
0.0256584	-0.418879	28.7559	28.5329
0.0256584	-0.314159	34.3722	34.1651
0.0256584	-0.20944	41.0357	40.7542
0.0256584	-0.10472	48.5036	48.1742
0.0256584	1.11022e-16	56.7721	56.3815
0.0256584	0.10472	65.4692	65.0384
0.0256584	0.20944	74.5136	74.1775
0.0256584	0.314159	84.1549	83.8547
0.0256584	0.418879	93.8926	93.7798
0.0256584	0.523599	103.881	103.828
0.0256584	0.628319	113.906	113.898
0.0256584	0.733038	123.683	123.746
0.0256584	0.837758	132.644	132.793
0.0256584	0.942478	140.831	141.103
0.0256584	1.0472	148.057	148.441
0.0256584	1.15192	154.104	154.566
0.0256584	1.25664	158.782	159.213
0.0256584	1.36136	161.946	162.3
0.0256584	1.46608	163.293	163.725
0.0256584	1.5708	162.952	163.449
0.0256584	1.67552	160.978	161.431
0.0256584	1.78024	157.454	157.753
0.0256584	1.88496	152.312	152.608
0.0256584	1.98968	145.889	146.173
0.0256584	2.0944	138.441	138.657
0.0256584	2.19911	130.199	130.214
0.0256584	2.30383	121.304	121.182
0.0256584	2.40855	111.999	111.644
0.0256584	2.51327	102.247	101.783
0.0256584	2.61799	92.6138	92.0309
0.0256584	2.72271	83.2918	82.5793
0.0256584	2.82743	74.3087	73.3504
0.0256584	2.93215	65.7195	64.6413
0.0256584	3.03687	57.5012	56.4403
0.0256584	3.14159	49.4804	48.6141
