#x	y	0	new0
0.0178175	0.002464	37.0941	32.5148
0.0178175	0.0024715	32.4016	29.9526
0.0178175	0.002479	28.7632	27.7487
0.0178175	0.0024865	26.0003	25.9077
0.0178175	0.002494	24.0525	24.4718
0.0178175	0.0025015	22.9011	23.3618
0.0178175	0.002509	22.1849	22.6071
0.0178175	0.0025165	21.8081	22.1363
0.0178175	0.002524	21.8359	22.0512
0.0178175	0.0025315	22.2615	22.419
0.0178175	0.002539	23.1201	23.1827
0.0178175	0.0025465	24.4365	24.4096
0.0178175	0.002554	26.2888	26.144
0.0184709	0.002464	29.9573	24.9513
0.0184709	0.0024715	25.2407	22.5549
0.0184709	0.002479	21.6136	20.4157
0.0184709	0.0024865	18.8173	18.6218
0.0184709	0.002494	16.9006	17.2401
0.0184709	0.0025015	15.7469	16.2004
0.0184709	0.002509	15.1254	15.5366
0.0184709	0.0025165	14.8472	15.1712
0.0184709	0.002524	14.9628	15.205
0.0184709	0.0025315	15.4913	15.6398
0.0184709	0.002539	16.439	16.5277
0.0184709	0.0025465	17.8651	17.8785
0.0184709	0.002554	19.7474	19.7225
0.0191243	0.002464	24.2845	18.7603
0.0191243	0.0024715	19.6016	16.425
0.0191243	0.002479	15.9545	14.4957
0.0191243	0.0024865	13.1643	12.8247
0.0191243	0.002494	11.2608	11.5039
0.0191243	0.0025015	10.1154	10.5227
0.0191243	0.002509	9.56698	9.92635
0.0191243	0.0025165	9.38575	9.6823
0.0191243	0.002524	9.58791	9.81582
0.0191243	0.0025315	10.2173	10.3692
0.0191243	0.002539	11.2539	11.3582
0.0191243	0.0025465	12.7882	12.8287
0.0191243	0.002554	14.7776	14.7437
0.0197777	0.002464	19.9333	13.9661
0.0197777	0.0024715	15.279	11.6773
0.0197777	0.002479	11.6043	9.79777
0.0197777	0.0024865	8.8874	8.25329
0.0197777	0.002494	7.03218	7.13082
0.0197777	0.0025015	5.8994	6.2241
0.0197777	0.002509	5.40731	5.70094
0.0197777	0.0025165	5.32124	5.55522
0.0197777	0.002524	5.60869	5.78566
0.0197777	0.0025315	6.32993	6.4519
0.0197777	0.002539	7.46194	7.53696
0.0197777	0.0025465	9.10302	9.12913
0.0197777	0.002554	11.1388	11.1689
0.0204311	0.002464	16.7904	10.4724
0.0204311	0.0024715	12.1623	8.23046
0.0204311	0.002479	8.47204	6.40049
0.0204311	0.0024865	5.76669	4.91263
0.0204311	0.002494	3.94626	3.84212
0.0204311	0.0025015	2.89547	3.12713
0.0204311	0.002509	2.52853	2.76202
0.0204311	0.0025165	2.55876	2.71762
0.0204311	0.002524	2.93389	3.04806
0.0204311	0.0025315	3.73955	3.81109
0.0204311	0.002539	4.9717	5.01056
0.0204311	0.0025465	6.70653	6.7021
0.0204311	0.002554	8.84098	8.86116
0.0210845	0.002464	14.7903	8.19788
0.0210845	0.0024715	10.2383	6.00304
0.0210845	0.002479	6.57073	4.2216
0.0210845	0.0024865	3.89466	2.78835
0.0210845	0.002494	2.07781	1.7708
0.0210845	0.0025015	1.03232	1.11196
0.0210845	0.002509	0.683661	0.847599
0.0210845	0.0025165	0.80155	0.932647
0.0210845	0.002524	1.29596	1.40158
0.0210845	0.0025315	2.21703	2.29745
0.0210845	0.002539	3.58244	3.65012
0.0210845	0.0025465	5.41218	5.47622
0.0210845	0.002554	7.71473	7.75378
0.0217379	0.002464	13.9346	6.87935
0.0217379	0.0024715	9.40427	4.80079
0.0217379	0.002479	5.79291	3.13938
0.0217379	0.0024865	3.15215	1.80887
0.0217379	0.002494	1.35921	0.84496
0.0217379	0.0025015	0.335659	0.240895
0.0217379	0.002509	0	0.0328425
0.0217379	0.0025165	0.195432	0.207385
0.0217379	0.002524	0.782596	0.782859
0.0217379	0.0025315	1.78607	1.77335
0.0217379	0.002539	3.2477	3.23608
0.0217379	0.0025465	5.17652	5.17661
0.0217379	0.002554	7.56394	7.70807
0.0223914	0.002464	13.9235	6.59657
0.0223914	0.0024715	9.40835	4.56158
0.0223914	0.002479	5.84339	2.94511
0.0223914	0.0024865	3.27555	1.69528
0.0223914	0.002494	1.52952	0.856651
0.0223914	0.0025015	0.600087	0.385689
0.0223914	0.002509	0.353522	0.299626
0.0223914	0.0025165	0.613356	0.558546
0.0223914	0.002524	1.1895	1.23706
0.0223914	0.0025315	2.12443	2.2165
0.0223914	0.002539	3.47008	3.54458
0.0223914	0.0025465	5.28051	5.32067
0.0223914	0.002554	7.53696	7.62929
0.0230448	0.002464	14.5434	7.14036
0.0230448	0.0024715	10.0011	5.14822
0.0230448	0.002479	6.44632	3.57174
0.0230448	0.0024865	3.86123	2.35865
0.0230448	0.002494	2.11014	1.49547
0.0230448	0.0025015	1.15794	1.02227
0.0230448	0.002509	0.849266	0.92555
0.0230448	0.0025165	1.019	1.06818
0.0230448	0.002524	1.57577	1.60587
0.0230448	0.0025315	2.53612	2.55004
0.0230448	0.002539	3.967	3.97282
0.0230448	0.0025465	5.86325	5.85181
0.0230448	0.002554	8.18123	8.15848
0.0236982	0.002464	15.8812	8.47353
0.0236982	0.0024715	11.2635	6.45153
0.0236982	0.002479	7.76803	4.84866
0.0236982	0.0024865	5.14209	3.64194
0.0236982	0.002494	3.3423	2.74921
0.0236982	0.0025015	2.35626	2.18716
0.0236982	0.002509	2.05919	2.00647
0.0236982	0.0025165	2.29688	2.22807
0.0236982	0.002524	2.93309	2.84791
0.0236982	0.0025315	3.96911	3.88213
0.0236982	0.002539	5.40361	5.31955
0.0236982	0.0025465	7.22023	7.1203
0.0236982	0.002554	9.51133	9.44919
0.0243516	0.002464	17.9394	10.6007
0.0243516	0.0024715	13.4248	8.6142
0.0243516	0.002479	9.88739	6.93599
0.0243516	0.0024865	7.27667	5.64005
0.0243516	0.002494	5.49545	4.71424
0.0243516	0.0025015	4.52175	4.18984
0.0243516	0.002509	4.23833	4.05248
0.0243516	0.0025165	4.51305	4.34809
0.0243516	0.002524	5.10258	4.98414
0.0243516	0.0025315	6.09432	5.95486
0.0243516	0.002539	7.54901	7.38686
0.0243516	0.0025465	9.44735	9.28161
0.0243516	0.002554	11.8222	11.7056
0.025005	0.002464	20.9208	13.5003
0.025005	0.0024715	16.4341	11.4213
0.025005	0.002479	12.9297	9.74638
0.025005	0.0024865	10.3355	8.48188
0.025005	0.002494	8.56376	7.60553
0.025005	0.0025015	7.48789	7.11773
0.025005	0.002509	7.09954	6.91849
0.025005	0.0025165	7.36259	7.16138
0.025005	0.002524	8.02605	7.80928
0.025005	0.0025315	9.09539	8.86602
0.025005	0.002539	10.6222	10.3804
0.025005	0.0025465	12.6063	12.3668
0.025005	0.002554	15.0693	14.8836
0.0256584	0.002464	24.7715	17.1247
0.0256584	0.0024715	20.2868	15.073
0.0256584	0.002479	16.7369	13.4491
0.0256584	0.0024865	14.0834	12.215
0.0256584	0.002494	12.2319	11.3102
0.0256584	0.0025015	11.1663	10.6664
0.0256584	0.002509	10.7902	10.4779
0.0256584	0.0025165	11.0997	10.7921
0.0256584	0.002524	11.8366	11.5035
0.0256584	0.0025315	12.997	12.6513
0.0256584	0.002539	14.5972	14.2604
0.0256584	0.0025465	16.6546	16.3363
0.0256584	0.002554	19.1981	18.9437
