#x	y	0	new0
0.0178175	0.426	171.337	165.92
0.0178175	0.4345	134.198	130.161
0.0178175	0.443	104.234	101.092
0.0178175	0.4515	80.6126	78.4983
0.0178175	0.46	63.0574	61.7748
0.0178175	0.4685	50.6443	49.9498
0.0178175	0.477	42.2284	42.0323
0.0178175	0.4855	36.6438	36.7722
0.0178175	0.494	32.843	33.1267
0.0178175	0.5025	29.9139	30.2916
0.0178175	0.511	27.2572	27.7165
0.0178175	0.5195	24.786	25.2441
0.0178175	0.528	22.7588	23.1424
0.0178175	0.5365	21.8081	22.0512
0.0178175	0.545	22.8233	22.8729
0.0178175	0.5535	26.8427	26.6573
0.0178175	0.562	34.6707	34.9122
0.0178175	0.5705	47.2806	47.1533
0.0178175	0.579	65.334	65.4598
0.0184709	0.426	158.401	154.193
0.0184709	0.4345	121.928	119.139
0.0184709	0.443	92.7698	90.0153
0.0184709	0.4515	69.7323	67.8407
0.0184709	0.46	52.6095	51.4827
0.0184709	0.4685	40.6091	40.0947
0.0184709	0.477	32.6039	32.6036
0.0184709	0.4855	27.4847	27.6685
0.0184709	0.494	24.1248	24.4637
0.0184709	0.5025	21.5718	22.0462
0.0184709	0.511	19.3397	19.821
0.0184709	0.5195	17.251	17.7073
0.0184709	0.528	15.5474	15.9493
0.0184709	0.5365	14.8472	15.1712
0.0184709	0.545	16.0508	16.1944
0.0184709	0.5535	20.0783	20.1526
0.0184709	0.562	27.8884	27.9433
0.0184709	0.5705	40.4234	40.5593
0.0184709	0.579	58.3429	58.6969
0.0191243	0.426	147.209	144.09
0.0191243	0.4345	111.529	111.352
0.0191243	0.443	82.8762	80.5499
0.0191243	0.4515	60.4912	58.7608
0.0191243	0.46	43.7725	42.7888
0.0191243	0.4685	32.1326	31.7843
0.0191243	0.477	24.5585	24.5755
0.0191243	0.4855	19.8827	20.103
0.0191243	0.494	16.8874	17.3185
0.0191243	0.5025	14.7694	15.2297
0.0191243	0.511	12.9494	13.4148
0.0191243	0.5195	11.2326	11.6556
0.0191243	0.528	9.84336	10.2114
0.0191243	0.5365	9.38575	9.6823
0.0191243	0.545	10.7475	10.9045
0.0191243	0.5535	14.7958	15.0851
0.0191243	0.562	22.5984	22.7473
0.0191243	0.5705	35.0532	35.3229
0.0191243	0.579	52.8355	53.3505
0.0197777	0.426	137.599	135.273
0.0197777	0.4345	102.708	102.397
0.0197777	0.443	74.4998	73.4257
0.0197777	0.4515	52.6107	51.1941
0.0197777	0.46	36.3919	35.5904
0.0197777	0.4685	25.1547	24.9092
0.0197777	0.477	17.9946	18.0568
0.0197777	0.4855	13.6799	13.9817
0.0197777	0.494	11.1007	11.5093
0.0197777	0.5025	9.40411	9.82792
0.0197777	0.511	7.98321	8.38913
0.0197777	0.5195	6.62821	7.02546
0.0197777	0.528	5.54423	5.85523
0.0197777	0.5365	5.32124	5.55522
0.0197777	0.545	6.79984	7.04959
0.0197777	0.5535	10.9077	11.0443
0.0197777	0.562	18.6976	18.8913
0.0197777	0.5705	31.068	31.4164
0.0197777	0.579	48.6754	49.2291
0.0204311	0.426	129.669	127.513
0.0204311	0.4345	95.3724	94.015
0.0204311	0.443	67.5909	67.6958
0.0204311	0.4515	46.1247	45.0482
0.0204311	0.46	30.429	29.7952
0.0204311	0.4685	19.5827	19.3888
0.0204311	0.477	12.8117	12.9084
0.0204311	0.4855	8.83959	9.16237
0.0204311	0.494	6.67318	7.04485
0.0204311	0.5025	5.38368	5.75254
0.0204311	0.511	4.33417	4.68405
0.0204311	0.5195	3.31326	3.62035
0.0204311	0.528	2.52853	2.80353
0.0204311	0.5365	2.55286	2.71762
0.0204311	0.545	4.15155	4.26086
0.0204311	0.5535	8.32255	8.44113
0.0204311	0.562	16.0951	16.2968
0.0204311	0.5705	28.3752	28.5988
0.0204311	0.579	45.7515	46.1828
0.0210845	0.426	123.237	121.599
0.0210845	0.4345	89.4362	88.0289
0.0210845	0.443	62.0647	61.3372
0.0210845	0.4515	40.9963	41.2009
0.0210845	0.46	25.7079	25.2383
0.0210845	0.4685	15.3333	15.1724
0.0210845	0.477	8.87111	9.04049
0.0210845	0.4855	5.29066	5.59354
0.0210845	0.494	3.52244	3.84223
0.0210845	0.5025	2.58632	2.90643
0.0210845	0.511	1.87447	2.12357
0.0210845	0.5195	1.18154	1.38621
0.0210845	0.528	0.683661	0.847599
0.0210845	0.5365	0.916391	1.03428
0.0210845	0.545	2.67754	2.77055
0.0210845	0.5535	6.9407	6.99772
0.0210845	0.562	14.6824	14.8336
0.0210845	0.5705	26.8079	26.8424
0.0210845	0.579	44.0281	44.0003
0.0217379	0.426	118.146	116.929
0.0217379	0.4345	84.8071	83.752
0.0217379	0.443	57.8448	57.0897
0.0217379	0.4515	37.1571	36.7264
0.0217379	0.46	22.2528	22.4332
0.0217379	0.4685	12.2508	12.1861
0.0217379	0.477	6.16317	6.32456
0.0217379	0.4855	2.95908	3.20815
0.0217379	0.494	1.55012	1.81889
0.0217379	0.5025	0.943898	1.16033
0.0217379	0.511	0.578573	0.724659
0.0217379	0.5195	0.215766	0.303212
0.0217379	0.528	0	0.0328425
0.0217379	0.5365	0.440551	0.420144
0.0217379	0.545	2.33446	2.27205
0.0217379	0.5535	6.64349	6.5539
0.0217379	0.562	14.3492	14.2468
0.0217379	0.5705	26.3754	26.2592
0.0217379	0.579	43.4367	43.3095
0.0223914	0.426	114.326	113.544
0.0223914	0.4345	81.3743	80.703
0.0223914	0.443	54.8592	54.2907
0.0223914	0.4515	34.5381	34.1522
0.0223914	0.46	19.9374	19.8876
0.0223914	0.4685	10.2922	10.4898
0.0223914	0.477	4.61233	4.74053
0.0223914	0.4855	1.77824	1.9549
0.0223914	0.494	0.663193	0.85322
0.0223914	0.5025	0.413635	0.520547
0.0223914	0.511	0.400284	0.423074
0.0223914	0.5195	0.353522	0.306866
0.0223914	0.528	0.407447	0.299626
0.0223914	0.5365	1.04403	0.889536
0.0223914	0.545	3.07077	2.8778
0.0223914	0.5535	7.41971	7.19581
0.0223914	0.562	15.0932	14.8583
0.0223914	0.5705	27.0155	26.7775
0.0223914	0.579	43.913	43.6762
0.0230448	0.426	111.713	111.523
0.0230448	0.4345	79.1335	78.8143
0.0230448	0.443	52.9782	52.7053
0.0230448	0.4515	33.0199	32.8491
0.0230448	0.46	18.7569	18.7557
0.0230448	0.4685	9.4562	9.60088
0.0230448	0.477	4.13207	4.30298
0.0230448	0.4855	1.61867	1.77427
0.0230448	0.494	0.849266	0.92555
0.0230448	0.5025	0.952589	0.932076
0.0230448	0.511	1.26913	1.15851
0.0230448	0.5195	1.52725	1.34277
0.0230448	0.528	1.84252	1.59183
0.0230448	0.5365	2.67361	2.37814
0.0230448	0.545	4.80756	4.48956
0.0230448	0.5535	9.19578	8.86766
0.0230448	0.562	16.8566	16.5234
0.0230448	0.5705	28.6705	28.3009
0.0230448	0.579	45.3924	45.0434
0.0236982	0.426	110.238	110.241
0.0236982	0.4345	78.0273	78.0831
0.0236982	0.443	52.2161	52.2412
0.0236982	0.4515	32.5948	32.627
0.0236982	0.46	18.6628	18.7929
0.0236982	0.4685	9.69129	9.80253
0.0236982	0.477	4.69225	4.77806
0.0236982	0.4855	2.47364	2.53013
0.0236982	0.494	2.05919	2.00647
0.0236982	0.5025	2.49503	2.34133
0.0236982	0.511	3.1324	2.86085
0.0236982	0.5195	3.68756	3.33805
0.0236982	0.528	4.2527	3.87428
0.0236982	0.5365	5.27541	4.83143
0.0236982	0.545	7.49755	7.05197
0.0236982	0.5535	11.9151	11.4792
0.0236982	0.562	19.5536	19.1087
0.0236982	0.5705	31.2888	30.8634
0.0236982	0.579	47.7709	47.3599
0.0243516	0.426	109.809	110.061
0.0243516	0.4345	77.9978	78.3008
0.0243516	0.443	52.5178	52.7633
0.0243516	0.4515	33.2132	33.4143
0.0243516	0.46	19.5997	19.7541
0.0243516	0.4685	10.9434	11.0372
0.0243516	0.477	6.2056	6.28922
0.0243516	0.4855	4.31959	4.25451
0.0243516	0.494	4.23833	4.05248
0.0243516	0.5025	4.99669	4.70904
0.0243516	0.511	5.94459	5.49028
0.0243516	0.5195	6.78373	6.24239
0.0243516	0.528	7.59084	7.03746
0.0243516	0.5365	8.79892	8.21003
0.0243516	0.545	11.1352	10.5448
0.0243516	0.5535	15.5979	14.9777
0.0243516	0.562	23.1423	22.5947
0.0243516	0.5705	34.7933	34.2577
0.0243516	0.579	51.0634	50.58
0.025005	0.426	110.409	110.249
0.025005	0.4345	78.9964	79.4171
0.025005	0.443	53.8331	54.2415
0.025005	0.4515	34.831	35.1284
0.025005	0.46	21.5232	21.7125
0.025005	0.4685	13.1434	13.2228
0.025005	0.477	8.67886	8.62377
0.025005	0.4855	7.09954	6.91849
0.025005	0.494	7.34186	7.02413
0.025005	0.5025	8.41096	7.94649
0.025005	0.511	9.65886	9.01869
0.025005	0.5195	10.7729	10.0339
0.025005	0.528	11.8144	11.0566
0.025005	0.5365	13.202	12.4676
0.025005	0.545	15.6507	14.89
0.025005	0.5535	20.0959	19.3891
0.025005	0.562	27.5889	26.9392
0.025005	0.5705	39.1348	38.4153
0.025005	0.579	55.2424	54.6361
0.0256584	0.426	112.015	112.627
0.0256584	0.4345	80.9363	81.6113
0.0256584	0.443	56.1234	56.5484
0.0256584	0.4515	37.4095	37.6677
0.0256584	0.46	24.3755	24.5382
0.0256584	0.4685	16.2349	16.2047
0.0256584	0.477	12.0714	11.9022
0.0256584	0.4855	10.7902	10.4779
0.0256584	0.494	11.3302	10.8804
0.0256584	0.5025	12.6985	12.0584
0.0256584	0.511	14.2362	13.4059
0.0256584	0.5195	15.6164	14.6817
0.0256584	0.528	16.8848	15.9248
0.0256584	0.5365	18.446	17.5094
0.0256584	0.545	21.0019	20.0854
0.0256584	0.5535	25.4467	24.6086
0.0256584	0.562	32.8567	32.1067
0.0256584	0.5705	44.2939	43.4019
0.0256584	0.579	60.2338	59.6217
