
# Surface 0 of 1 surfaces

# Curve title: "file u (getx($1)):(gety($2)):(sqrt(column(c)))"

# Contour 0, label:        3
 0.545497 -1.98967  3 
 0.545 -2.03984  3 
 0.544107 -2.09439  3 
 0.541516 -2.19911  3 
 0.53773 -2.30383  3 
 0.5365 -2.32946  3 
 0.528 -2.37374  3 
 0.5195 -2.35823  3 
 0.511 -2.34802  3 
 0.5025 -2.34667  3 
 0.494 -2.34696  3 
 0.488951 -2.30383  3 
 0.4855 -2.26434  3 
 0.483401 -2.19911  3 
 0.481053 -2.09439  3 
 0.479555 -1.98967  3 
 0.47867 -1.88495  3 
 0.47822 -1.78023  3 
 0.478029 -1.67551  3 
 0.478058 -1.5708  3 
 0.477953 -1.46608  3 
 0.478027 -1.36136  3 
 0.478475 -1.25664  3 
 0.479499 -1.15192  3 
 0.481353 -1.0472  3 
 0.483952 -0.942477  3 
 0.4855 -0.89871  3 
 0.490781 -0.837757  3 
 0.494 -0.811674  3 
 0.5025 -0.821652  3 
 0.511 -0.817323  3 
 0.5195 -0.818691  3 
 0.528 -0.800952  3 
 0.53421 -0.837757  3 
 0.5365 -0.855548  3 
 0.53998 -0.942477  3 
 0.543042 -1.0472  3 
 0.545 -1.14251  3 
 0.545109 -1.15192  3 
 0.545914 -1.25664  3 
 0.546358 -1.36136  3 
 0.546563 -1.46608  3 
 0.546544 -1.5708  3 
 0.546628 -1.67551  3 
 0.546524 -1.78023  3 
 0.546165 -1.88495  3 
 0.545497 -1.98967  3 


# Contour 1, label:        2
 0.538316 -1.98967  2 
 0.5365 -2.07727  2 
 0.535362 -2.09439  2 
 0.528 -2.16886  2 
 0.5195 -2.11764  2 
 0.511 -2.105  2 
 0.504524 -2.09439  2 
 0.5025 -2.08946  2 
 0.501141 -2.09439  2 
 0.494 -2.11117  2 
 0.492967 -2.09439  2 
 0.488762 -1.98967  2 
 0.486573 -1.88495  2 
 0.48565 -1.78023  2 
 0.4855 -1.75872  2 
 0.485127 -1.67551  2 
 0.484728 -1.5708  2 
 0.484644 -1.46608  2 
 0.48494 -1.36136  2 
 0.4855 -1.29193  2 
 0.48605 -1.25664  2 
 0.488916 -1.15192  2 
 0.493075 -1.0472  2 
 0.494 -1.03098  2 
 0.501213 -1.0472  2 
 0.5025 -1.05099  2 
 0.50361 -1.0472  2 
 0.511 -1.02914  2 
 0.5195 -1.03745  2 
 0.528 -0.99799  2 
 0.531987 -1.0472  2 
 0.5365 -1.13054  2 
 0.537022 -1.15192  2 
 0.539142 -1.25664  2 
 0.540343 -1.36136  2 
 0.540881 -1.46608  2 
 0.540912 -1.5708  2 
 0.540757 -1.67551  2 
 0.540225 -1.78023  2 
 0.539623 -1.88495  2 
 0.538316 -1.98967  2 


# Contour 2, label:     1.96
 0.538018 -1.98967  1.96 
 0.5365 -2.06289  1.96 
 0.534407 -2.09439  1.96 
 0.528 -2.1592  1.96 
 0.5195 -2.10613  1.96 
 0.511596 -2.09439  1.96 
 0.511 -2.09329  1.96 
 0.5025 -2.07236  1.96 
 0.49643 -2.09439  1.96 
 0.494 -2.1001  1.96 
 0.493648 -2.09439  1.96 
 0.489374 -1.98967  1.96 
 0.487148 -1.88495  1.96 
 0.486094 -1.78023  1.96 
 0.4855 -1.69537  1.96 
 0.485411 -1.67551  1.96 
 0.484995 -1.5708  1.96 
 0.484912 -1.46608  1.96 
 0.485217 -1.36136  1.96 
 0.4855 -1.32622  1.96 
 0.486584 -1.25664  1.96 
 0.48947 -1.15192  1.96 
 0.493653 -1.0472  1.96 
 0.494 -1.04111  1.96 
 0.496707 -1.0472  1.96 
 0.5025 -1.06425  1.96 
 0.507495 -1.0472  1.96 
 0.511 -1.03864  1.96 
 0.519493 -1.0472  1.96 
 0.5195 -1.04721  1.96 
 0.528 -1.00691  1.96 
 0.531264 -1.0472  1.96 
 0.5365 -1.1439  1.96 
 0.536696 -1.15192  1.96 
 0.538851 -1.25664  1.96 
 0.540078 -1.36136  1.96 
 0.540631 -1.46608  1.96 
 0.540669 -1.5708  1.96 
 0.540497 -1.67551  1.96 
 0.539941 -1.78023  1.96 
 0.539337 -1.88495  1.96 
 0.538018 -1.98967  1.96 


# Contour 3, label:     1.65
 0.537088 -1.88495  1.645 
 0.5365 -1.92947  1.645 
 0.534213 -1.98967  1.645 
 0.528 -2.08039  1.645 
 0.519767 -1.98967  1.645 
 0.5195 -1.98631  1.645 
 0.511 -1.98069  1.645 
 0.5025 -1.94165  1.645 
 0.494 -1.98199  1.645 
 0.491681 -1.88495  1.645 
 0.489584 -1.78023  1.645 
 0.488476 -1.67551  1.645 
 0.487823 -1.5708  1.645 
 0.487812 -1.46608  1.645 
 0.488618 -1.36136  1.645 
 0.490791 -1.25664  1.645 
 0.493831 -1.15192  1.645 
 0.494 -1.1477  1.645 
 0.495652 -1.15192  1.645 
 0.5025 -1.17842  1.645 
 0.506129 -1.15192  1.645 
 0.511 -1.13143  1.645 
 0.5195 -1.14328  1.645 
 0.528 -1.08407  1.645 
 0.531905 -1.15192  1.645 
 0.5365 -1.25371  1.645 
 0.536561 -1.25664  1.645 
 0.53799 -1.36136  1.645 
 0.538669 -1.46608  1.645 
 0.538758 -1.5708  1.645 
 0.538449 -1.67551  1.645 
 0.537709 -1.78023  1.645 
 0.537088 -1.88495  1.645 


# Contour 4, label:        1
 0.531241 -1.78023  1 
 0.528 -1.8616  1 
 0.521909 -1.78023  1 
 0.5195 -1.6946  1 
 0.511 -1.68722  1 
 0.510298 -1.67551  1 
 0.508921 -1.5708  1 
 0.511 -1.51233  1 
 0.5195 -1.50659  1 
 0.519917 -1.46608  1 
 0.523253 -1.36136  1 
 0.528 -1.2872  1 
 0.531388 -1.36136  1 
 0.533826 -1.46608  1 
 0.534678 -1.5708  1 
 0.533552 -1.67551  1 
 0.531241 -1.78023  1 

