
# Surface 0 of 1 surfaces

# Curve title: "file u (getx($1)):(gety($2)):(sqrt(column(c)))"

# Contour 0, label:        3
 0.0950158 -2.09439  3 
 0.0950002 -2.09721  3 
 0.0942718 -2.19911  3 
 0.0932687 -2.30383  3 
 0.0925002 -2.36768  3 
 0.0915132 -2.40855  3 
 0.0900002 -2.46145  3 
 0.0875002 -2.46629  3 
 0.0850002 -2.50224  3 
 0.0825002 -2.42928  3 
 0.0822065 -2.40855  3 
 0.081006 -2.30383  3 
 0.080143 -2.19911  3 
 0.0800002 -2.17496  3 
 0.0796966 -2.09439  3 
 0.0794314 -1.98967  3 
 0.0792755 -1.88495  3 
 0.0792094 -1.78023  3 
 0.079108 -1.67551  3 
 0.0790208 -1.5708  3 
 0.0789992 -1.46608  3 
 0.0790481 -1.36136  3 
 0.0791801 -1.25664  3 
 0.0794159 -1.15192  3 
 0.079695 -1.0472  3 
 0.0800002 -0.960224  3 
 0.0800914 -0.942477  3 
 0.0809513 -0.837757  3 
 0.0823044 -0.733038  3 
 0.0825002 -0.721341  3 
 0.0850002 -0.676216  3 
 0.0875002 -0.695095  3 
 0.0900002 -0.692187  3 
 0.0910527 -0.733038  3 
 0.0925002 -0.801359  3 
 0.0929669 -0.837757  3 
 0.0939893 -0.942477  3 
 0.0946752 -1.0472  3 
 0.0950002 -1.09982  3 
 0.0952728 -1.15192  3 
 0.0956808 -1.25664  3 
 0.0959528 -1.36136  3 
 0.0960978 -1.46608  3 
 0.0961204 -1.5708  3 
 0.0960209 -1.67551  3 
 0.0958954 -1.78023  3 
 0.0957447 -1.88495  3 
 0.0954551 -1.98967  3 
 0.0950158 -2.09439  3 


# Contour 1, label:        2
 0.0927274 -1.88495  2 
 0.0925002 -1.94398  2 
 0.0921848 -1.98967  2 
 0.0910077 -2.09439  2 
 0.0900002 -2.15788  2 
 0.0875002 -2.15387  2 
 0.0863373 -2.19911  2 
 0.0850002 -2.23657  2 
 0.0842228 -2.19911  2 
 0.0826064 -2.09439  2 
 0.0825002 -2.08441  2 
 0.0819722 -1.98967  2 
 0.0816302 -1.88495  2 
 0.0814675 -1.78023  2 
 0.081245 -1.67551  2 
 0.0811226 -1.5708  2 
 0.0811145 -1.46608  2 
 0.0812572 -1.36136  2 
 0.0815869 -1.25664  2 
 0.0819746 -1.15192  2 
 0.0824769 -1.0472  2 
 0.0825002 -1.04393  2 
 0.0844864 -0.942477  2 
 0.0850002 -0.925149  2 
 0.0860802 -0.942477  2 
 0.0875002 -0.970275  2 
 0.0900002 -0.969799  2 
 0.0910565 -1.0472  2 
 0.0920468 -1.15192  2 
 0.0925002 -1.2094  2 
 0.0927433 -1.25664  2 
 0.0932358 -1.36136  2 
 0.0934956 -1.46608  2 
 0.0935591 -1.5708  2 
 0.0934456 -1.67551  2 
 0.0931878 -1.78023  2 
 0.0927274 -1.88495  2 


# Contour 2, label:     1.96
 0.0926005 -1.88495  1.96 
 0.0925002 -1.91101  1.96 
 0.0919572 -1.98967  1.96 
 0.0907679 -2.09439  1.96 
 0.0900002 -2.14277  1.96 
 0.0875002 -2.13794  1.96 
 0.0859279 -2.19911  1.96 
 0.0850002 -2.2251  1.96 
 0.0844608 -2.19911  1.96 
 0.0828156 -2.09439  1.96 
 0.0825002 -2.06477  1.96 
 0.0820817 -1.98967  1.96 
 0.081733 -1.88495  1.96 
 0.0815659 -1.78023  1.96 
 0.0813378 -1.67551  1.96 
 0.081215 -1.5708  1.96 
 0.081208 -1.46608  1.96 
 0.0813558 -1.36136  1.96 
 0.0816943 -1.25664  1.96 
 0.082084 -1.15192  1.96 
 0.0825002 -1.06536  1.96 
 0.0826962 -1.0472  1.96 
 0.0848025 -0.942477  1.96 
 0.0850002 -0.935809  1.96 
 0.0854158 -0.942477  1.96 
 0.0875002 -0.983284  1.96 
 0.0900002 -0.984107  1.96 
 0.0908612 -1.0472  1.96 
 0.0918582 -1.15192  1.96 
 0.0925002 -1.2333  1.96 
 0.0926203 -1.25664  1.96 
 0.0931224 -1.36136  1.96 
 0.0933887 -1.46608  1.96 
 0.0934556 -1.5708  1.96 
 0.0933423 -1.67551  1.96 
 0.0930773 -1.78023  1.96 
 0.0926005 -1.88495  1.96 


# Contour 3, label:     1.65
 0.0925289 -1.67551  1.645 
 0.0925002 -1.68545  1.645 
 0.0919743 -1.78023  1.645 
 0.0909375 -1.88495  1.645 
 0.0901649 -1.98967  1.645 
 0.0900002 -2.00371  1.645 
 0.0875002 -1.9991  1.645 
 0.0858332 -2.09439  1.645 
 0.0850002 -2.12729  1.645 
 0.0844628 -2.09439  1.645 
 0.083255 -1.98967  1.645 
 0.0825679 -1.88495  1.645 
 0.0825002 -1.86391  1.645 
 0.0823405 -1.78023  1.645 
 0.0820688 -1.67551  1.645 
 0.0819424 -1.5708  1.645 
 0.0819447 -1.46608  1.645 
 0.0821315 -1.36136  1.645 
 0.0825002 -1.26601  1.645 
 0.0825628 -1.25664  1.645 
 0.0832937 -1.15192  1.645 
 0.0846314 -1.0472  1.645 
 0.0850002 -1.02924  1.645 
 0.0858408 -1.0472  1.645 
 0.0875002 -1.09451  1.645 
 0.0900002 -1.11384  1.645 
 0.0903735 -1.15192  1.645 
 0.0912134 -1.25664  1.645 
 0.0920809 -1.36136  1.645 
 0.0925002 -1.44985  1.645 
 0.092547 -1.46608  1.645 
 0.0926401 -1.5708  1.645 
 0.0925289 -1.67551  1.645 


# Contour 4, label:        1
 0.0883495 -1.67551  1 
 0.0875002 -1.70438  1 
 0.0868172 -1.78023  1 
 0.0850002 -1.86771  1 
 0.0841533 -1.78023  1 
 0.0835368 -1.67551  1 
 0.0832204 -1.5708  1 
 0.0834666 -1.46608  1 
 0.0840743 -1.36136  1 
 0.0850002 -1.27742  1 
 0.0864204 -1.36136  1 
 0.0874002 -1.46608  1 
 0.0875002 -1.49392  1 
 0.0898005 -1.5708  1 
 0.0883495 -1.67551  1 

