#x	y	stats	nuenorm1_anti	nuenorm2_anti	nuenorm3_anti	nuenorm4_anti	nuenorm5_anti
-3.14159	0.002464	197.948	179.323	149.553	129.241	117.119	109.701
-3.14159	0.0024715	176.872	158.381	128.717	108.349	96.3793	88.9951
-3.14159	0.002479	158.805	140.331	110.808	90.4657	78.5851	71.2979
-3.14159	0.0024865	143.747	125.293	95.9062	75.59	63.7632	56.6093
-3.14159	0.002494	131.699	113.062	84.0111	63.7218	51.9475	44.929
-3.14159	0.0025015	122.496	103.706	74.8425	54.8604	43.1368	36.2562
-3.14159	0.002509	116.06	97.3533	68.5461	49.0037	37.22	30.0871
-3.14159	0.0025165	112.627	94.0003	65.2496	45.9326	33.9924	26.8881
-3.14159	0.002524	111.888	93.6439	64.9496	45.7106	33.7608	26.6843
-3.14159	0.0025315	113.857	95.9251	67.6422	47.9814	36.5213	29.4716
-3.14159	0.002539	118.811	100.885	72.78	53.0627	41.7001	35.0821
-3.14159	0.0025465	126.742	108.824	80.8242	61.1208	49.7996	43.2059
-3.14159	0.002554	137.646	119.737	91.8379	72.1495	60.8682	54.2981
-3.03687	0.002464	175.883	160.716	136.965	120.987	111.197	105.376
-3.03687	0.0024715	154.91	139.746	116.201	100.151	90.5047	84.7133
-3.03687	0.002479	136.944	121.786	98.4451	82.3225	72.8213	67.0581
-3.03687	0.0024865	121.987	106.835	83.6989	67.5009	58.147	52.4112
-3.03687	0.002494	109.972	94.893	71.9617	55.6863	46.4814	40.7722
-3.03687	0.0025015	100.629	85.9598	62.8933	46.8777	37.7294	32.1402
-3.03687	0.002509	94.2898	79.8634	56.6615	41.0733	31.7114	26.1112
-3.03687	0.0025165	90.9517	76.5922	53.4289	38.1217	28.5281	22.9516
-3.03687	0.002524	90.6116	76.3167	53.192	37.8949	28.3403	22.7869
-3.03687	0.0025315	93.2045	78.3887	55.9469	40.3743	31.1441	25.6128
-3.03687	0.002539	98.2475	83.4276	61.2562	45.5048	36.6234	31.4097
-3.03687	0.0025465	106.268	91.4449	69.304	53.6116	44.764	39.5186
-3.03687	0.002554	117.258	102.434	80.3241	64.6884	55.8733	50.5986
-2.93215	0.002464	155.743	144.03	125.567	113.215	105.539	101.088
-2.93215	0.0024715	134.984	123.194	104.917	92.5715	84.9409	80.5141
-2.93215	0.002479	117.235	105.366	87.2753	74.8431	67.3511	62.9476
-2.93215	0.0024865	102.393	90.5469	72.6126	60.1215	52.7698	48.3888
-2.93215	0.002494	90.5191	78.7362	60.8348	48.4064	41.1968	36.8376
-2.93215	0.0025015	81.5403	69.9326	52.0645	39.6967	32.6311	28.2928
-2.93215	0.002509	75.3409	64.1345	46.168	33.9906	26.7073	22.4205
-2.93215	0.0025165	72.1415	61.0054	43.0447	30.979	23.6153	19.3477
-2.93215	0.002524	71.9386	60.7961	42.9163	30.8504	23.5183	19.2693
-2.93215	0.0025315	74.5752	63.1881	45.7788	33.7019	26.4123	22.1811
-2.93215	0.002539	79.6882	68.3503	50.9678	38.9283	32.1709	27.9528
-2.93215	0.0025465	87.7807	76.4899	59.1226	47.1303	40.3998	36.1479
-2.93215	0.002554	98.8461	87.6004	70.2488	58.3017	51.597	47.3136
-2.82743	0.002464	138.15	129.195	115.355	105.862	100.142	96.8358
-2.82743	0.0024715	117.434	108.617	94.8625	85.3697	79.6832	76.3965
-2.82743	0.002479	99.7277	91.0501	77.3121	67.8867	62.2322	58.9641
-2.82743	0.0024865	85.0305	76.4307	62.6833	53.4129	47.7893	44.5392
-2.82743	0.002494	73.3423	64.7929	51.0623	41.8744	36.3542	33.1214
-2.82743	0.0025015	64.6623	56.1612	42.448	33.3085	27.9258	24.7094
-2.82743	0.002509	58.9884	50.3071	36.8387	27.7208	22.2013	19.012
-2.82743	0.0025165	56.199	47.2703	34.086	24.7401	19.2466	16.0725
-2.82743	0.002524	56.1747	47.2306	34.1101	24.755	19.2864	16.1268
-2.82743	0.0025315	58.5926	50.1838	36.9164	27.7615	22.3167	19.171
-2.82743	0.002539	63.8826	55.6462	42.2458	33.3219	28.3326	24.9941
-2.82743	0.0025465	72.1506	63.9506	50.5519	41.6647	36.6998	33.3221
-2.82743	0.002554	83.3901	75.2248	61.8286	52.9762	48.0115	44.6204
-2.72271	0.002464	122.815	116.037	106.286	99.1202	94.9981	92.6226
-2.72271	0.0024715	102.328	95.6773	85.899	78.8188	74.7227	72.3624
-2.72271	0.002479	84.8493	78.3266	68.4629	61.5256	57.4546	55.1089
-2.72271	0.0024865	70.3782	63.9855	54.0341	47.2411	43.1942	40.8624
-2.72271	0.002494	58.9149	52.6536	42.6123	35.965	31.9412	29.6228
-2.72271	0.0025015	50.4582	44.3298	34.1965	27.6878	23.6944	21.3553
-2.72271	0.002509	45.0062	38.62	28.7848	22.1687	18.1819	15.8849
-2.72271	0.0025165	42.2545	35.795	26.3745	19.3763	15.4094	13.1241
-2.72271	0.002524	42.3917	35.9657	26.6677	19.5788	15.6309	13.3567
-2.72271	0.0025315	45.4508	39.128	29.5152	22.7722	18.8424	16.5786
-2.72271	0.002539	50.9576	45.2397	35.0399	28.658	25.0301	22.5248
-2.72271	0.0025465	59.4407	53.6971	43.5404	37.186	33.527	31.0316
-2.72271	0.002554	70.8939	65.1266	55.0105	48.6818	44.9941	42.5079
-2.61799	0.002464	109.37	104.817	98.105	92.9542	90.097	88.4553
-2.61799	0.0024715	89.2304	84.7127	77.9715	72.885	70.0477	68.4175
-2.61799	0.002479	72.1009	67.6169	60.7769	55.8235	53.0052	51.3861
-2.61799	0.0024865	57.9814	53.5294	46.5889	41.7701	38.9701	37.3615
-2.61799	0.002494	46.8714	42.45	35.4071	30.7246	27.9419	26.3433
-2.61799	0.0025015	38.7699	34.3536	27.2305	22.6857	19.9195	18.2883
-2.61799	0.002509	33.3904	29.0239	22.0571	17.4063	14.6336	13.0408
-2.61799	0.0025165	30.7901	26.4495	19.8184	14.8447	12.0868	10.5026
-2.61799	0.002524	31.1857	26.8696	20.2262	15.2775	12.5336	10.9574
-2.61799	0.0025315	34.573	30.28	23.5076	18.7004	15.9697	14.4011
-2.61799	0.002539	40.7492	36.2964	29.2691	24.8956	22.315	20.536
-2.61799	0.0025465	49.4853	45.0017	38.0054	33.6514	31.0375	29.2657
-2.61799	0.002554	61.1898	56.6777	49.7102	45.3744	42.7296	40.9643
-2.51327	0.002464	98.2245	95.3601	90.7387	87.3167	85.4267	84.3438
-2.51327	0.0024715	78.387	75.5482	70.9153	67.5198	65.6444	64.57
-2.51327	0.002479	61.5579	58.7434	54.1006	50.7301	48.8687	47.8023
-2.51327	0.0024865	47.7372	44.9298	40.2475	36.948	35.0999	34.0411
-2.51327	0.002494	36.9248	33.9934	29.3447	26.1732	24.3376	23.286
-2.51327	0.0025015	29.1193	26.0631	21.4461	18.4045	16.5807	15.5048
-2.51327	0.002509	24.0961	21.1371	16.55	13.3812	11.538	10.4821
-2.51327	0.0025165	21.7912	19.0567	14.4106	11.0914	9.25869	8.20878
-2.51327	0.002524	22.4807	19.7632	15.0967	11.7952	9.97229	8.92804
-2.51327	0.0025315	26.1603	23.4071	18.7735	15.4884	13.6746	12.6357
-2.51327	0.002539	32.6328	29.422	24.8276	21.9828	20.2353	19.0175
-2.51327	0.0025465	41.6087	38.4125	33.8391	31.0074	29.2254	28.0125
-2.51327	0.002554	53.555	50.3722	45.8181	42.9985	41.1842	39.9757
-2.40855	0.002464	89.1085	87.4586	84.3001	82.1547	80.9745	80.3
-2.40855	0.0024715	69.6051	67.9647	64.7946	62.6679	61.4981	60.8296
-2.40855	0.002479	53.1086	51.3416	48.2971	46.1881	45.028	44.3651
-2.40855	0.0024865	39.6194	37.7251	34.8078	32.7153	31.5645	30.9069
-2.40855	0.002494	29.0833	27.1149	24.3057	22.2493	21.1071	20.4545
-2.40855	0.0025015	21.463	19.5097	16.7221	14.7888	13.6547	13.0003
-2.40855	0.002509	16.8469	14.9076	12.14	10.0335	8.87375	8.21104
-2.40855	0.0025165	14.9836	13.3057	10.1499	8.05407	6.90135	6.2427
-2.40855	0.002524	16.0003	14.4315	11.1516	9.06749	7.92131	7.2664
-2.40855	0.0025315	20.0056	18.0655	15.1428	13.0696	11.9294	11.2779
-2.40855	0.002539	26.3718	24.4023	21.5913	19.859	18.7562	17.957
-2.40855	0.0025465	35.6736	33.7132	30.9154	29.1913	28.0535	27.2574
-2.40855	0.002554	47.9441	45.9919	43.2059	41.4891	40.3187	39.5255
-2.30383	0.002464	81.7174	80.6933	78.6608	77.4116	76.727	76.3367
-2.30383	0.0024715	62.578	61.4749	59.5073	58.2707	57.593	57.2066
-2.30383	0.002479	46.3171	45.2122	43.361	42.1361	41.4649	41.0823
-2.30383	0.0024865	33.0489	31.9551	30.2222	29.0083	28.3432	27.964
-2.30383	0.002494	22.7867	21.7032	20.0905	18.8868	18.2272	17.8513
-2.30383	0.0025015	15.5292	14.4552	12.9262	11.7701	11.1158	10.7428
-2.30383	0.002509	11.2744	10.2091	8.54033	7.29767	6.61666	6.22843
-2.30383	0.0025165	10.0193	8.90808	6.89926	5.66466	4.98809	4.60241
-2.30383	0.002524	11.4358	10.2481	8.25112	7.02383	6.35129	5.96791
-2.30383	0.0025315	15.4203	14.3079	12.5916	11.3709	10.7019	10.3206
-2.30383	0.002539	22.1058	20.9994	19.4241	18.4575	17.838	17.3387
-2.30383	0.0025465	31.7648	30.6636	29.0956	28.1337	27.4796	26.9821
-2.30383	0.002554	44.3909	43.2941	41.7324	40.7744	40.0882	39.5923
-2.19911	0.002464	75.5237	74.7667	73.6903	73.0313	72.6714	72.4667
-2.19911	0.0024715	56.657	55.9834	54.9198	54.2688	53.9132	53.7109
-2.19911	0.002479	40.7767	40.2078	39.156	38.5122	38.1607	37.9607
-2.19911	0.0024865	27.9017	27.3772	26.3991	25.762	25.4141	25.2162
-2.19911	0.002494	18.0315	17.5129	16.6484	16.0175	15.673	15.477
-2.19911	0.0025015	11.1648	10.6516	9.90281	9.27746	8.93596	8.74173
-2.19911	0.002509	7.29927	6.79098	5.7747	5.10572	4.74029	4.5324
-2.19911	0.0025165	6.36495	5.60182	4.51661	3.85227	3.48939	3.28295
-2.19911	0.002524	8.08761	7.32913	6.25055	5.59028	5.22964	5.02448
-2.19911	0.0025315	12.4401	11.8881	10.9721	10.3154	9.95668	9.75262
-2.19911	0.002539	19.5134	18.9643	18.1842	17.7074	17.4375	17.1429
-2.19911	0.0025465	29.5586	29.0119	28.2352	27.7605	27.4573	27.1635
-2.19911	0.002554	42.5692	42.0244	41.2503	40.7773	40.4432	40.1502
-2.0944	0.002464	70.1067	69.7579	69.2628	68.9608	68.7963	68.7029
-2.0944	0.0024715	51.7347	51.391	50.9033	50.6058	50.4437	50.3518
-2.0944	0.002479	36.3699	36.031	35.5499	35.2565	35.0967	35.006
-2.0944	0.0024865	23.9526	23.6779	23.2028	22.9131	22.7554	22.6658
-2.0944	0.002494	14.4994	14.3022	13.8615	13.5751	13.4191	13.3305
-2.0944	0.0025015	8.04841	7.85381	7.52438	7.22872	7.05387	6.95459
-2.0944	0.002509	4.5974	4.22992	3.70832	3.39008	3.21672	3.11828
-2.0944	0.0025165	3.74438	3.37957	2.86176	2.54585	2.37376	2.27605
-2.0944	0.002524	5.88358	5.52099	5.00634	4.69237	4.52133	4.42422
-2.0944	0.0025315	10.7871	10.5611	10.1376	9.82519	9.655	9.55837
-2.0944	0.002539	18.2741	18.0492	17.7303	17.536	17.4303	17.3453
-2.0944	0.0025465	28.7315	28.5073	28.1895	27.9958	27.8905	27.7739
-2.0944	0.002554	42.1526	41.9289	41.6116	41.4183	41.3132	41.1677
-1.98968	0.002464	65.5758	65.447	65.2644	65.1534	65.0931	65.0589
-1.98968	0.0024715	47.6452	47.519	47.3401	47.2313	47.1721	47.1386
-1.98968	0.002479	32.7211	32.5971	32.4214	32.3146	32.2566	32.2237
-1.98968	0.0024865	20.8035	20.6815	20.5086	20.4035	20.3464	20.314
-1.98968	0.002494	11.8914	11.7713	11.6009	11.4973	11.441	11.4091
-1.98968	0.0025015	5.87805	5.82672	5.61708	5.48954	5.42023	5.38093
-1.98968	0.002509	2.56716	2.4206	2.21287	2.0865	2.01783	1.97889
-1.98968	0.0025165	2.15441	2.00891	1.80269	1.67724	1.60906	1.57041
-1.98968	0.002524	4.73262	4.5879	4.38279	4.25801	4.1902	4.15175
-1.98968	0.0025315	10.1603	10.0954	9.94864	9.8243	9.75673	9.71842
-1.98968	0.002539	18.0838	18.019	17.9274	17.8717	17.8415	17.8243
-1.98968	0.0025465	28.9761	28.9114	28.8197	28.764	28.7338	28.7166
-1.98968	0.002554	42.8308	42.7659	42.6739	42.618	42.5877	42.5705
-1.88496	0.002464	61.6755	61.644	61.5994	61.5724	61.5577	61.5494
-1.88496	0.0024715	44.204	44.1735	44.1303	44.1041	44.0899	44.0818
-1.88496	0.002479	29.7382	29.7086	29.6666	29.6411	29.6273	29.6195
-1.88496	0.0024865	18.2782	18.2492	18.2082	18.1833	18.1699	18.1622
-1.88496	0.002494	9.82314	9.79472	9.75451	9.73011	9.71688	9.70939
-1.88496	0.0025015	4.22766	4.18361	4.12125	4.08339	4.06285	4.05123
-1.88496	0.002509	1.28026	1.23661	1.17482	1.1373	1.11695	1.10543
-1.88496	0.0025165	1.32655	1.28314	1.22169	1.1844	1.16415	1.15269
-1.88496	0.002524	4.36269	4.31937	4.25805	4.22083	4.20063	4.18919
-1.88496	0.0025315	10.2907	10.2837	10.2739	10.242	10.2218	10.2103
-1.88496	0.002539	18.6698	18.6627	18.6527	18.6467	18.6434	18.6415
-1.88496	0.0025465	30.0165	30.0093	29.9991	29.9929	29.9896	29.9877
-1.88496	0.002554	44.3241	44.3167	44.3062	44.2999	44.2964	44.2945
-1.78024	0.002464	58.2013	58.199	58.1957	58.1937	58.1926	58.192
-1.78024	0.0024715	41.2025	41.2004	41.1974	41.1955	41.1945	41.194
-1.78024	0.002479	27.209	27.207	27.2042	27.2025	27.2015	27.201
-1.78024	0.0024865	16.2206	16.2187	16.216	16.2144	16.2136	16.2131
-1.78024	0.002494	8.23647	8.23467	8.23211	8.23056	8.22972	8.22925
-1.78024	0.0025015	2.99144	2.98396	2.97336	2.96694	2.96347	2.9615
-1.78024	0.002509	0.518805	0.51135	0.500794	0.494399	0.490935	0.488975
-1.78024	0.0025165	1.03898	1.03149	1.02088	1.01445	1.01097	1.009
-1.78024	0.002524	4.54805	4.54046	4.52971	4.5232	4.51967	4.51768
-1.78024	0.0025315	10.9542	10.9528	10.9509	10.9498	10.9492	10.9488
-1.78024	0.002539	19.8042	19.8029	19.8012	19.8001	19.7995	19.7992
-1.78024	0.0025465	31.6207	31.6195	31.6179	31.617	31.6164	31.6161
-1.78024	0.002554	46.3968	46.3958	46.3944	46.3936	46.3931	46.3928
-1.67552	0.002464	55.0113	55.0106	55.0095	55.0089	55.0085	55.0083
-1.67552	0.0024715	38.4946	38.4938	38.4926	38.4919	38.4916	38.4914
-1.67552	0.002479	24.9828	24.982	24.9808	24.98	24.9796	24.9794
-1.67552	0.0024865	14.4758	14.475	14.4737	14.4729	14.4725	14.4723
-1.67552	0.002494	6.97269	6.9718	6.97052	6.96975	6.96933	6.9691
-1.67552	0.0025015	2.11055	2.1103	2.10995	2.10974	2.10962	2.10955
-1.67552	0.002509	0.123085	0.122815	0.122435	0.122204	0.122079	0.122009
-1.67552	0.0025165	1.12773	1.12743	1.12701	1.12675	1.12661	1.12653
-1.67552	0.002524	5.12051	5.12016	5.11967	5.11937	5.1192	5.11911
-1.67552	0.0025315	11.9827	11.9718	11.9565	11.9473	11.9423	11.9394
-1.67552	0.002539	21.3147	21.3043	21.2896	21.2807	21.2758	21.2731
-1.67552	0.0025465	33.6122	33.6023	33.5883	33.5798	33.5752	33.5726
-1.67552	0.002554	48.8684	48.859	48.8457	48.8377	48.8334	48.8309
-1.5708	0.002464	52.0346	52.0323	52.0289	52.0269	52.0258	52.0252
-1.5708	0.0024715	36.0048	36.0024	35.999	35.997	35.9958	35.9952
-1.5708	0.002479	22.9799	22.9775	22.9741	22.972	22.9709	22.9702
-1.5708	0.0024865	12.9596	12.9572	12.9538	12.9518	12.9507	12.95
-1.5708	0.002494	5.94283	5.94051	5.93723	5.93524	5.93417	5.93356
-1.5708	0.0025015	1.49642	1.49642	1.49642	1.49641	1.49641	1.49641
-1.5708	0.002509	0	0	0	0	0	0
-1.5708	0.0025165	1.4952	1.4952	1.4952	1.49519	1.49519	1.49519
-1.5708	0.002524	5.97795	5.97794	5.97792	5.97791	5.9779	5.9779
-1.5708	0.0025315	13.2724	13.2584	13.2386	13.2267	13.2202	13.2165
-1.5708	0.002539	23.0931	23.0798	23.0609	23.0494	23.0433	23.0398
-1.5708	0.0025465	35.8785	35.8658	35.8479	35.8371	35.8313	35.828
-1.5708	0.002554	51.6215	51.6096	51.5929	51.5827	51.5772	51.5741
-1.46608	0.002464	49.2762	49.2759	49.2756	49.2754	49.2753	49.2753
-1.46608	0.0024715	33.7335	33.7332	33.7329	33.7327	33.7326	33.7326
-1.46608	0.002479	21.1957	21.1955	21.1952	21.1951	21.195	21.1949
-1.46608	0.0024865	11.6627	11.6625	11.6622	11.6621	11.662	11.662
-1.46608	0.002494	5.13141	5.1303	5.12871	5.12775	5.12723	5.12694
-1.46608	0.0025015	1.13246	1.13123	1.12949	1.12843	1.12786	1.12754
-1.46608	0.002509	0.128232	0.126854	0.124907	0.123728	0.123089	0.122728
-1.46608	0.0025165	2.11533	2.11377	2.11156	2.11023	2.1095	2.10909
-1.46608	0.002524	7.08958	7.0878	7.08528	7.08375	7.08292	7.08246
-1.46608	0.0025315	14.7893	14.783	14.7742	14.7688	14.7659	14.7642
-1.46608	0.002539	25.1005	25.0948	25.0866	25.0817	25.079	25.0775
-1.46608	0.0025465	38.3758	38.3706	38.3632	38.3588	38.3564	38.355
-1.46608	0.002554	54.608	54.6034	54.5969	54.5929	54.5908	54.5896
-1.36136	0.002464	46.8183	46.8131	46.8056	46.8011	46.7987	46.7973
-1.36136	0.0024715	31.7581	31.7527	31.745	31.7404	31.7379	31.7365
-1.36136	0.002479	19.7031	19.6975	19.6896	19.6848	19.6822	19.6807
-1.36136	0.0024865	10.6531	10.6473	10.639	10.634	10.6313	10.6297
-1.36136	0.002494	4.58617	4.57117	4.54994	4.53707	4.5301	4.52615
-1.36136	0.0025015	1.0757	1.06012	1.0381	1.02474	1.0175	1.0134
-1.36136	0.002509	0.559925	0.543683	0.520706	0.506772	0.499221	0.494946
-1.36136	0.0025165	3.03538	3.01836	2.99429	2.97968	2.97177	2.96729
-1.36136	0.002524	8.49782	8.47991	8.45457	8.43921	8.43088	8.42616
-1.36136	0.0025315	16.5704	16.5703	16.57	16.5699	16.5698	16.5698
-1.36136	0.002539	27.3692	27.3689	27.3685	27.3682	27.3681	27.368
-1.36136	0.0025465	41.1315	41.1311	41.1304	41.13	41.1298	41.1297
-1.36136	0.002554	57.8504	57.8497	57.8487	57.8481	57.8478	57.8476
-1.25664	0.002464	44.8182	44.7725	44.7079	44.6686	44.6474	44.6353
-1.25664	0.0024715	30.2309	30.1846	30.119	30.0792	30.0576	30.0453
-1.25664	0.002479	18.6495	18.6024	18.5356	18.4951	18.4731	18.4606
-1.25664	0.0024865	10.0735	10.0253	9.95717	9.91577	9.89332	9.8806
-1.25664	0.002494	4.48554	4.41592	4.31733	4.25744	4.22493	4.20652
-1.25664	0.0025015	1.4547	1.38355	1.28278	1.22157	1.18835	1.16952
-1.25664	0.002509	1.41874	1.34585	1.24262	1.17991	1.14587	1.12659
-1.25664	0.0025165	4.37412	4.29928	4.19328	4.12888	4.09392	4.07412
-1.25664	0.002524	10.3165	10.2395	10.1304	10.0641	10.0281	10.0078
-1.25664	0.0025315	18.7227	18.698	18.6632	18.6421	18.6306	18.6241
-1.25664	0.002539	30.001	29.9749	29.938	29.9156	29.9035	29.8966
-1.25664	0.0025465	44.2428	44.2151	44.1759	44.1521	44.1391	44.1269
-1.25664	0.002554	61.4407	61.4112	61.3694	61.3441	61.3303	61.3137
-1.15192	0.002464	43.5014	43.336	43.1017	42.959	42.8815	42.8375
-1.15192	0.0024715	29.3729	29.2058	28.969	28.8249	28.7465	28.7021
-1.15192	0.002479	18.251	18.0819	17.8422	17.6963	17.617	17.572
-1.15192	0.0024865	10.1352	9.96372	9.7207	9.57279	9.49238	9.44678
-1.15192	0.002494	5.02401	4.82092	4.52604	4.34648	4.24882	4.19342
-1.15192	0.0025015	2.46397	2.25288	1.95356	1.77128	1.67214	1.6159
-1.15192	0.002509	2.89432	2.67976	2.3755	2.19021	2.08942	2.03225
-1.15192	0.0025165	6.31629	6.0979	5.78821	5.5996	5.49701	5.4388
-1.15192	0.002524	12.6422	12.5029	12.1873	11.995	11.8904	11.8311
-1.15192	0.0025315	21.4174	21.2939	21.1189	21.0125	20.894	20.7784
-1.15192	0.002539	33.1626	33.0355	32.8554	32.7458	32.6214	32.504
-1.15192	0.0025465	47.8712	47.7401	47.5545	47.4415	47.3135	47.1941
-1.15192	0.002554	65.5357	65.4005	65.2088	65.0526	64.909	64.8274
-1.0472	0.002464	43.1522	42.7307	42.1322	41.7668	41.5677	41.4546
-1.0472	0.0024715	29.4638	29.0388	28.4354	28.067	27.8663	27.7522
-1.0472	0.002479	18.7828	18.3539	17.745	17.3732	17.1706	17.0555
-1.0472	0.0024865	11.0762	10.6754	10.0603	9.68469	9.48	9.3277
-1.0472	0.002494	6.30447	5.98665	5.29682	4.87545	4.6457	4.51517
-1.0472	0.0025015	4.35492	3.8638	3.16624	2.74013	2.5078	2.37578
-1.0472	0.002509	5.23329	4.73624	4.03024	3.59894	3.36377	3.23014
-1.0472	0.0025165	9.10374	8.60024	7.88506	7.44813	7.20987	7.07449
-1.0472	0.002524	15.658	15.311	14.7262	14.2832	14.0416	13.9043
-1.0472	0.0025315	24.8821	24.529	24.0278	23.722	23.3654	23.1481
-1.0472	0.002539	37.0765	36.7167	36.2061	35.8946	35.5344	35.3145
-1.0472	0.0025465	52.1226	51.8216	51.3469	51.0292	50.6676	50.4448
-1.0472	0.002554	70.0355	69.7273	69.29	68.9775	68.6795	68.5101
-0.942478	0.002464	44.1011	43.2194	41.9649	41.1963	40.7762	40.5371
-0.942478	0.0024715	30.7824	29.942	28.6793	27.9056	27.4827	27.242
-0.942478	0.002479	20.422	19.6724	18.4005	17.6212	17.1951	16.9138
-0.942478	0.0024865	13.0663	12.3974	11.1279	10.3423	9.87382	9.53981
-0.942478	0.002494	8.71395	8.03842	6.77085	5.92629	5.46442	5.16925
-0.942478	0.0025015	7.36264	6.44718	5.05744	4.20545	3.7395	3.47424
-0.942478	0.002509	8.72722	7.7416	6.33883	5.47881	5.00844	4.74066
-0.942478	0.0025165	13.0234	12.028	10.6112	9.74254	9.26742	8.99692
-0.942478	0.002524	19.7379	18.9684	17.87	16.992	16.5118	16.1444
-0.942478	0.0025315	29.3886	28.6093	27.501	26.8048	26.1364	25.7553
-0.942478	0.002539	41.8363	41.1239	40.097	39.3966	38.7215	38.3366
-0.942478	0.0025465	57.2055	56.4821	55.4534	54.8239	54.2301	53.8815
-0.942478	0.002554	75.5343	74.7991	73.7536	73.1138	72.583	72.2359
-0.837758	0.002464	46.4861	45.089	42.7792	41.3581	40.5787	40.1341
-0.837758	0.0024715	33.5094	32.1981	29.8757	28.4469	27.6631	27.1705
-0.837758	0.002479	23.5393	22.2204	19.9798	18.5424	17.7393	17.1729
-0.837758	0.0024865	16.575	15.2468	13.0906	11.6439	10.7501	10.1804
-0.837758	0.002494	12.615	11.2768	9.10362	7.58793	6.75624	6.19152
-0.837758	0.0025015	11.6569	10.258	7.77841	6.25196	5.41433	4.93641
-0.837758	0.002509	13.6272	11.9466	9.44832	7.91034	7.06633	6.58476
-0.837758	0.0025165	18.1155	16.5992	14.1095	12.5592	11.7083	11.2229
-0.837758	0.002524	25.1886	23.7292	21.6492	20.1937	19.2415	18.6182
-0.837758	0.0025315	35.1191	33.7185	31.6652	30.3423	29.2426	28.6144
-0.837758	0.002539	47.911	46.4949	44.4768	43.1683	42.1431	41.5576
-0.837758	0.0025465	63.6704	62.238	60.1966	58.9418	57.9107	57.3196
-0.837758	0.002554	82.3898	80.9403	78.8743	77.6043	76.6375	76.0406
-0.733038	0.002464	50.7907	48.4951	44.7604	42.3642	41.0449	40.2407
-0.733038	0.0024715	38.172	35.8651	32.2065	29.7993	28.4739	27.5843
-0.733038	0.002479	28.5609	26.242	22.6608	20.2416	18.842	17.9341
-0.733038	0.0024865	21.9568	19.6248	16.1225	13.6903	12.2017	11.2893
-0.733038	0.002494	18.358	16.0119	12.4577	9.9523	8.56544	7.64828
-0.733038	0.0025015	17.6924	15.4009	11.4879	8.96786	7.5798	6.78589
-0.733038	0.002509	19.7389	17.6136	13.5136	10.978	9.58123	8.78234
-0.733038	0.0025165	24.6375	22.4176	18.5309	15.9786	14.5727	13.7685
-0.733038	0.002524	32.3301	29.8404	26.2829	23.8989	22.3684	21.3929
-0.733038	0.0025315	42.5987	40.1341	36.6128	34.3285	32.6893	31.7405
-0.733038	0.002539	55.7506	53.2649	49.7133	47.4834	45.8321	44.8866
-0.733038	0.0025465	71.8707	69.3629	65.7795	63.5663	61.9416	60.9888
-0.733038	0.002554	90.9514	88.4205	84.8037	82.5698	81.0101	80.0496
-0.628319	0.002464	57.252	53.7163	48.0918	44.3238	42.2406	40.9229
-0.628319	0.0024715	45.0204	41.4056	35.8517	32.0688	29.9525	28.5766
-0.628319	0.002479	35.7976	32.1025	26.6204	22.8217	20.6181	19.2368
-0.628319	0.0024865	29.5613	25.8064	20.3971	16.5813	14.2898	12.9027
-0.628319	0.002494	26.1469	22.5154	16.9948	13.11	10.9617	9.57251
-0.628319	0.0025015	25.5254	22.2269	16.3442	12.4405	10.2815	9.0434
-0.628319	0.002509	27.8999	24.582	18.6896	14.7657	12.5955	11.3509
-0.628319	0.0025165	33.2467	29.797	24.0269	20.0817	17.8996	16.6482
-0.628319	0.002524	41.4067	37.5473	31.9148	28.2887	25.9442	24.4863
-0.628319	0.0025315	52.2306	48.26	42.5698	39.0084	36.5068	35.0708
-0.628319	0.002539	65.7097	61.7114	55.982	52.4255	49.956	48.511
-0.628319	0.0025465	82.1534	78.1305	72.3602	68.778	66.372	64.9176
-0.628319	0.002554	101.468	97.5097	91.6967	88.0876	85.747	84.2829
-0.523599	0.002464	66.2122	61.1149	52.9461	47.3384	44.2246	42.26
-0.523599	0.0024715	54.2625	49.0847	40.9809	35.3544	32.1885	30.1839
-0.523599	0.002479	45.3228	40.0633	31.9578	26.3787	23.1262	21.1148
-0.523599	0.0024865	39.3922	34.0496	25.9126	20.4102	17.0704	15.0517
-0.523599	0.002494	36.0875	31.0112	22.8677	17.146	13.9682	11.9927
-0.523599	0.0025015	35.7545	30.6552	22.497	16.7518	13.5608	11.7256
-0.523599	0.002509	38.4185	33.2949	25.1228	19.3527	16.1477	14.3045
-0.523599	0.0025165	44.0754	38.926	30.679	24.9447	21.7249	19.8732
-0.523599	0.002524	52.451	47.0798	38.677	33.4346	30.0075	27.9135
-0.523599	0.0025315	63.4706	58.0966	49.6509	44.3777	40.8473	38.7481
-0.523599	0.002539	77.3804	72.0852	63.4375	58.0336	54.5649	52.4547
-0.523599	0.0025465	94.0246	88.7986	80.0902	74.6544	71.2492	69.1276
-0.523599	0.002554	113.628	108.463	99.7016	94.2326	90.8927	88.7592
-0.418879	0.002464	78.0976	70.7636	59.3375	51.4979	47.0473	44.2838
-0.418879	0.0024715	66.3035	59.0323	47.5128	39.7433	35.2491	32.4362
-0.418879	0.002479	57.5176	50.3107	38.6955	30.9976	26.4169	23.5957
-0.418879	0.0024865	51.7389	44.4426	32.8846	25.2596	20.5915	17.7616
-0.418879	0.002494	48.736	41.329	30.0784	22.1349	17.6292	14.9319
-0.418879	0.0025015	48.6498	41.2151	30.0784	21.9741	17.4525	14.8446
-0.418879	0.002509	51.5615	44.0976	32.9427	24.8087	20.2704	17.6527
-0.418879	0.0025165	57.2119	49.9723	38.4493	30.6347	26.0787	23.4508
-0.418879	0.002524	65.5042	58.6371	46.6861	39.1894	34.5914	31.686
-0.418879	0.0025315	76.7737	69.9011	57.8992	50.3701	45.7574	42.8055
-0.418879	0.002539	91.014	84.128	72.0824	64.416	59.703	56.738
-0.418879	0.0025465	108.218	101.215	89.1049	81.2653	76.6155	73.6369
-0.418879	0.002554	128.301	120.587	108.951	101.072	96.4593	93.4945
-0.314159	0.002464	92.5331	82.9099	67.3384	56.8752	50.7485	47.0186
-0.314159	0.0024715	80.9353	71.3718	55.7029	45.3067	39.1647	35.3554
-0.314159	0.002479	72.3468	62.8275	47.0755	36.7474	30.5302	26.6998
-0.314159	0.0024865	66.7665	56.9076	41.4552	31.1071	24.8914	21.0509
-0.314159	0.002494	64.1926	53.9908	38.8401	28.1365	21.9731	18.4067
-0.314159	0.0025015	64.4155	54.0745	39.13	28.1649	21.9831	18.4071
-0.314159	0.002509	67.2102	57.1553	42.1546	31.1892	24.988	21.4006
-0.314159	0.0025165	72.7229	63.1449	47.6035	37.2052	30.9836	27.3842
-0.314159	0.002524	81.2192	71.6058	56.0346	45.7277	39.7209	35.8106
-0.314159	0.0025315	92.6934	83.043	67.4426	57.0983	51.0911	47.1673
-0.314159	0.002539	107.139	97.4502	81.8209	71.4376	65.4059	61.3759
-0.314159	0.0025465	124.55	114.82	99.1625	88.6668	82.5043	78.4587
-0.314159	0.002554	144.479	134.59	119.251	108.66	102.382	98.5003
-0.20944	0.002464	110.219	97.3473	77.1516	63.5223	55.3554	50.4798
-0.20944	0.0024715	98.7705	85.8708	65.6595	52.0945	43.9103	38.9557
-0.20944	0.002479	90.3324	77.4028	57.1761	43.6002	35.474	30.4396
-0.20944	0.0024865	84.6333	71.8751	51.7003	38.0188	29.865	24.9304
-0.20944	0.002494	81.8721	69.1081	49.0796	35.191	27.0175	22.2753
-0.20944	0.0025015	82.111	69.3423	49.2612	35.3627	27.1685	22.4141
-0.20944	0.002509	85.3465	72.4766	52.4381	38.5307	30.3147	25.5475
-0.20944	0.0025165	91.0655	78.1067	58.2033	44.5376	36.4518	31.6713
-0.20944	0.002524	99.7178	86.7195	66.7822	53.0766	45.3675	40.2881
-0.20944	0.0025315	111.349	98.3092	78.3383	64.5911	56.8581	51.7871
-0.20944	0.002539	125.952	112.87	92.8653	79.0746	71.3168	66.2562
-0.20944	0.0025465	143.178	130.394	110.356	96.52	88.7363	83.6
-0.20944	0.002554	162.863	150.608	130.178	116.795	108.427	103.571
-0.10472	0.002464	131.107	114.298	88.8154	71.24	60.8806	54.6738
-0.10472	0.0024715	119.432	102.919	77.4189	59.8124	49.5278	43.2421
-0.10472	0.002479	110.764	94.5492	69.0316	51.3922	41.1841	34.8187
-0.10472	0.0024865	105.101	89.1877	63.3722	45.9782	35.5206	29.3952
-0.10472	0.002494	102.442	86.5078	60.6517	43.3144	32.7666	26.6286
-0.10472	0.0025015	102.783	86.8127	60.9303	43.5819	33.0115	26.8602
-0.10472	0.002509	106.122	89.6077	64.2045	46.8459	36.2519	30.0867
-0.10472	0.0025165	111.946	95.3394	70.2696	52.607	42.4836	36.3038
-0.10472	0.002524	120.673	104.054	78.9477	61.242	51.2372	45.1124
-0.10472	0.0025315	132.377	115.747	90.6034	72.8526	62.8219	56.7064
-0.10472	0.002539	147.05	130.411	105.23	87.4327	77.375	71.2708
-0.10472	0.0025465	163.992	147.965	122.564	104.975	94.8892	88.7984
-0.10472	0.002554	183.785	167.709	142.265	125.45	114.79	108.554
1.11022e-16	0.002464	154.322	133.906	102.316	80.0614	67.3191	59.5109
1.11022e-16	0.0024715	142.826	122.493	90.8189	68.6785	56.011	48.191
1.11022e-16	0.002479	134.206	113.841	82.1389	60.3033	47.628	39.8306
1.11022e-16	0.0024865	128.592	108.193	76.4629	54.9348	41.9175	34.178
1.11022e-16	0.002494	125.983	105.547	73.789	52.4935	39.2087	31.4559
1.11022e-16	0.0025015	126.138	105.9	74.1148	52.8077	39.4991	31.7323
1.11022e-16	0.002509	128.946	109.014	77.4367	55.8214	42.7854	35.0039
1.11022e-16	0.0025165	134.742	114.795	83.4819	61.5214	48.8912	41.2665
1.11022e-16	0.002524	143.52	123.561	92.1817	70.2031	57.5468	50.1653
1.11022e-16	0.0025315	155.276	135.305	103.857	81.861	69.1774	61.7798
1.11022e-16	0.002539	170.003	150.02	118.501	96.4887	83.7766	76.3622
1.11022e-16	0.0025465	187.319	166.88	135.725	114.079	101.337	93.9054
1.11022e-16	0.002554	207.167	186.676	155.475	134.209	121.448	113.622
0.10472	0.002464	180.428	155.463	116.911	90.0579	74.3671	64.969
0.10472	0.0024715	168.803	143.799	105.46	78.6701	62.9603	53.645
0.10472	0.002479	160.153	135.141	96.7749	70.2904	54.5603	45.1893
0.10472	0.0024865	154.507	129.488	91.094	64.8806	49.0261	39.4615
0.10472	0.002494	151.7	126.837	88.4157	62.165	46.3132	36.7351
0.10472	0.0025015	151.511	127.186	88.7373	62.4474	46.5998	37.0075
0.10472	0.002509	154.315	130.131	91.7804	65.5345	49.8826	40.2754
0.10472	0.0025165	160.107	135.882	97.4952	71.2306	55.6098	46.4745
0.10472	0.002524	168.883	144.615	106.191	79.9089	64.2615	55.1105
0.10472	0.0025315	180.636	156.323	117.863	91.5638	75.8886	66.7211
0.10472	0.002539	195.093	170.759	132.505	106.189	90.4847	81.3
0.10472	0.0025465	211.957	187.603	149.972	123.757	108.043	98.8401
0.10472	0.002554	231.769	207.399	169.721	143.453	128.36	118.747
0.20944	0.002464	208.285	179.022	132.889	101.15	82.0733	70.8866
0.20944	0.0024715	196.569	167.298	121.448	89.7073	70.6119	59.4144
0.20944	0.002479	187.859	158.58	112.868	81.0519	62.1577	50.9486
0.20944	0.0024865	182.152	152.867	107.13	75.2799	56.7096	45.2119
0.20944	0.002494	179.448	150.037	104.395	72.5089	54.0268	42.4316
0.20944	0.0025015	179.284	149.752	104.314	72.7362	54.2594	42.6503
0.20944	0.002509	182.027	152.458	106.985	75.9584	57.1133	45.865
0.20944	0.0025165	187.759	158.151	112.644	81.6496	62.7296	51.6364
0.20944	0.002524	196.475	166.826	121.284	90.2732	71.3273	60.2186
0.20944	0.0025315	207.717	178.477	132.9	101.874	82.9008	71.776
0.20944	0.002539	221.564	193.098	147.486	116.445	97.4437	86.302
0.20944	0.0025465	238.369	209.909	164.817	133.456	114.949	103.79
0.20944	0.002554	258.124	229.647	184.481	153.099	134.939	123.886
0.314159	0.002464	238.425	204.135	150.221	113.09	90.476	77.1077
0.314159	0.0024715	226.591	192.277	138.464	101.204	78.9098	65.5319
0.314159	0.002479	217.762	183.423	129.59	92.322	70.3511	56.9628
0.314159	0.0024865	211.789	177.54	123.719	86.443	64.6672	51.3795
0.314159	0.002494	208.407	174.145	120.848	83.5651	61.7703	48.495
0.314159	0.0025015	208.018	173.745	120.623	83.686	61.8708	48.6101
0.314159	0.002509	210.621	176.337	123.184	86.8021	64.664	51.4657
0.314159	0.0025165	216.209	181.916	128.732	92.3667	70.1752	56.9633
0.314159	0.002524	224.78	190.477	137.263	100.858	78.6681	65.4419
0.314159	0.0025315	235.976	202.015	148.77	112.324	90.1373	76.896
0.314159	0.002539	249.707	215.861	163.179	126.758	104.576	91.3192
0.314159	0.0025465	266.396	232.507	179.786	143.488	121.901	108.705
0.314159	0.002554	286.036	252.102	199.342	163.025	141.41	128.713
0.418879	0.002464	270.265	229.97	167.999	125.314	99.4737	83.7906
0.418879	0.0024715	258.218	217.943	155.959	113.291	87.7523	72.0614
0.418879	0.002479	248.667	208.919	146.922	104.25	78.7159	63.3393
0.418879	0.0024865	242.113	202.898	140.887	98.2124	72.6634	57.6211
0.418879	0.002494	238.556	199.516	137.854	95.1761	69.6112	54.5593
0.418879	0.0025015	237.993	198.945	137.724	95.1388	69.5566	54.4945
0.418879	0.002509	240.421	201.366	140.121	97.5558	72.4908	57.0492
0.418879	0.0025165	245.836	206.775	145.506	102.909	77.8458	62.3925
0.418879	0.002524	254.233	215.166	153.873	111.242	86.183	70.7173
0.418879	0.0025315	264.993	225.766	165.218	122.55	97.4969	82.018
0.418879	0.002539	278.525	239.287	178.746	136.827	111.781	96.2883
0.418879	0.0025465	295.014	255.764	195.191	153.697	128.46	113.521
0.418879	0.002554	314.451	275.19	214.585	173.076	147.814	132.943
0.523599	0.002464	302.135	256.817	186.395	137.845	108.716	90.8502
0.523599	0.0024715	289.879	244.564	174.138	125.89	96.4521	78.9181
0.523599	0.002479	280.232	235.315	164.885	116.638	87.1915	69.8205
0.523599	0.0024865	273.446	228.676	158.635	110.39	80.9331	63.5561
0.523599	0.002494	269.657	224.871	155.371	107.143	77.6753	60.2914
0.523599	0.0025015	268.863	224.058	154.545	106.322	77.4155	60.024
0.523599	0.002509	271.059	226.234	156.707	108.479	80.1505	62.7041
0.523599	0.0025165	276.158	231.395	161.854	113.623	85.306	67.8431
0.523599	0.002524	283.528	239.514	169.982	121.747	93.4144	75.9641
0.523599	0.0025315	293.868	249.845	181.084	132.846	104.497	87.0615
0.523599	0.002539	307.17	263.14	194.503	146.915	118.548	101.129
0.523599	0.0025465	323.429	279.393	210.732	163.576	134.887	117.78
0.523599	0.002554	342.637	298.595	229.911	182.721	154.036	136.917
0.628319	0.002464	334.521	284.113	205.162	150.615	117.81	98.1406
0.628319	0.0024715	321.669	271.328	192.637	138.088	105.358	85.6198
0.628319	0.002479	311.592	261.252	183.115	128.562	95.8414	76.1016
0.628319	0.0024865	304.511	254.173	176.387	122.037	89.3275	69.5851
0.628319	0.002494	300.424	250.088	172.301	118.511	85.8145	66.0687
0.628319	0.0025015	299.329	248.996	171.206	117.509	85.2999	65.55
0.628319	0.002509	301.222	250.893	173.101	119.406	87.2597	68.0256
0.628319	0.0025165	305.61	255.776	177.981	124.289	92.1339	73.1424
0.628319	0.002524	312.693	263.639	185.842	132.153	99.9882	80.9908
0.628319	0.0025315	322.745	273.813	196.678	142.994	110.817	91.8132
0.628319	0.002539	335.761	286.811	210.104	156.675	124.615	105.604
0.628319	0.0025465	351.735	302.764	226.065	172.614	141.046	121.666
0.628319	0.002554	370.657	321.664	244.976	191.501	159.94	140.552
0.733038	0.002464	365.829	310.334	223.335	162.838	126.749	104.96
0.733038	0.0024715	352.416	297.177	210.485	150.003	114.245	92.2269
0.733038	0.002479	342	286.769	200.635	140.17	104.489	82.409
0.733038	0.0024865	334.58	279.357	193.4	133.337	97.6719	75.5931
0.733038	0.002494	330.153	274.941	188.994	129.504	93.8554	71.7775
0.733038	0.0025015	328.719	273.517	187.582	128.498	92.5591	70.9599
0.733038	0.002509	330.273	275.083	189.158	130.085	94.1455	72.8876
0.733038	0.0025165	334.458	279.634	193.721	134.658	98.7173	77.4584
0.733038	0.002524	341.199	286.417	201.264	142.214	106.27	85.0091
0.733038	0.0025315	350.911	296.123	211.58	152.746	116.798	95.5345
0.733038	0.002539	363.586	308.792	224.25	165.535	130.295	109.028
0.733038	0.0025465	379.219	324.415	239.876	181.167	146.56	125.163
0.733038	0.002554	397.803	342.987	258.45	199.747	165.133	143.75
0.837758	0.002464	395.927	335.558	240.591	174.82	135.579	111.513
0.837758	0.0024715	382.124	322.178	227.378	161.631	122.486	98.6712
0.837758	0.002479	371.317	311.388	217.165	151.444	112.311	88.6067
0.837758	0.0024865	363.507	303.594	209.806	144.258	105.136	81.4459
0.837758	0.002494	358.69	298.796	205.034	140.072	100.96	77.2857
0.837758	0.0025015	356.865	296.99	203.254	138.488	99.4247	75.9799
0.837758	0.002509	357.701	298.168	204.465	139.712	100.663	77.2225
0.837758	0.0025165	361.074	301.553	208.662	143.92	104.886	81.4501
0.837758	0.002524	367.419	307.911	215.78	151.107	112.091	88.6583
0.837758	0.0025315	376.732	317.238	225.124	161.269	122.272	98.8416
0.837758	0.002539	389.006	329.527	237.431	173.713	135.423	111.994
0.837758	0.0025465	404.236	344.773	252.694	188.992	150.865	128.109
0.837758	0.002554	422.413	362.967	270.905	207.219	169.093	146.402
0.942478	0.002464	424.24	359.033	256.946	186.266	143.636	117.897
0.942478	0.0024715	410	344.831	243.325	172.68	130.073	104.672
0.942478	0.002479	398.757	333.623	232.705	162.096	119.51	94.267
0.942478	0.0024865	390.509	325.409	224.815	154.513	111.947	86.7167
0.942478	0.002494	385.255	320.188	219.636	149.562	107.383	82.1642
0.942478	0.0025015	382.573	317.956	217.448	147.403	105.782	80.3004
0.942478	0.002509	382.533	318.711	218.247	148.231	106.629	81.1573
0.942478	0.0025165	385.471	321.72	222.029	152.044	110.462	84.9998
0.942478	0.002524	391.381	327.653	228.482	158.838	117.277	91.8234
0.942478	0.0025315	400.26	336.555	237.418	168.605	127.068	101.623
0.942478	0.002539	412.101	348.42	249.317	180.96	139.552	114.392
0.942478	0.0025465	426.898	363.242	264.173	195.841	154.444	129.914
0.942478	0.002554	444.643	381.013	281.979	213.673	172.286	147.762
1.0472	0.002464	449.363	379.988	271.959	196.875	151.122	123.955
1.0472	0.0024715	434.663	365.322	257.89	182.853	137.132	110.008
1.0472	0.002479	422.957	353.651	246.528	171.832	126.143	99.038
1.0472	0.0024865	414.244	344.973	237.912	163.525	118.154	91.0674
1.0472	0.002494	408.522	339.288	232.288	157.94	113.164	86.095
1.0472	0.0025015	405.181	336.593	229.654	155.347	111.171	84.1186
1.0472	0.002509	404.665	336.886	230.008	155.741	111.751	84.5678
1.0472	0.0025165	407.126	339.588	233.346	159.121	115.157	87.9871
1.0472	0.002524	412.562	345.055	239.59	165.481	121.541	94.3881
1.0472	0.0025315	420.966	353.492	248.079	174.817	130.9	103.766
1.0472	0.002539	432.332	364.892	259.532	186.925	142.686	116.114
1.0472	0.0025465	446.655	379.25	273.942	201.37	157.154	130.869
1.0472	0.002554	463.927	396.558	291.302	218.763	174.571	148.298
1.15192	0.002464	471.069	398.34	285.21	205.705	157.923	129.17
1.15192	0.0024715	455.862	383.177	270.425	191.228	143.473	114.746
1.15192	0.002479	443.648	371.007	258.335	179.75	132.024	103.322
1.15192	0.0024865	434.427	361.832	249.24	171.191	123.576	94.8985
1.15192	0.002494	428.197	355.649	243.137	165.138	118.126	89.4731
1.15192	0.0025015	424.457	352.457	240.025	162.076	115.482	87.0441
1.15192	0.002509	423.429	352.253	239.9	162.004	115.447	87.3348
1.15192	0.0025165	425.381	354.313	242.76	164.916	118.396	90.2977
1.15192	0.002524	430.306	359.293	248.6	170.81	124.324	96.2429
1.15192	0.0025315	438.2	367.24	256.756	179.68	133.228	105.165
1.15192	0.002539	449.058	378.149	267.729	190.979	144.853	117.056
1.15192	0.0025465	462.873	392.012	281.659	204.961	158.862	131.083
1.15192	0.002554	479.402	408.824	298.54	221.892	175.821	148.061
1.25664	0.002464	488.985	413.567	295.959	213.242	163.859	133.811
1.25664	0.0024715	473.242	397.878	280.662	198.273	148.922	118.906
1.25664	0.002479	460.493	385.183	268.065	186.304	136.986	107.001
1.25664	0.0024865	450.737	375.483	258.462	177.333	128.05	98.0968
1.25664	0.002494	443.972	368.775	251.853	170.934	122.114	92.1911
1.25664	0.0025015	439.812	365.058	248.235	167.378	118.719	89.2822
1.25664	0.002509	438.247	363.981	247.605	166.81	118.199	89.3415
1.25664	0.0025165	439.661	365.467	249.959	169.229	120.665	91.8335
1.25664	0.002524	444.049	369.926	255.295	174.629	126.11	97.2955
1.25664	0.0025315	451.407	377.353	262.907	183.006	134.531	105.735
1.25664	0.002539	461.729	387.742	273.385	193.564	145.922	116.946
1.25664	0.0025465	475.009	401.087	286.818	207.057	159.462	130.494
1.25664	0.002554	490.598	417.38	303.201	223.499	175.937	146.994
1.36136	0.002464	502.592	425.234	304.203	219.31	168.78	137.79
1.36136	0.0024715	486.296	409	288.558	203.83	153.334	122.383
1.36136	0.002479	472.992	395.76	275.435	191.349	140.89	109.977
1.36136	0.0024865	462.682	385.515	265.306	181.867	131.447	100.571
1.36136	0.002494	455.364	378.263	258.17	175.153	124.948	94.1638
1.36136	0.0025015	450.537	374.002	254.025	171.081	120.935	90.7541
1.36136	0.002509	448.447	372.131	252.87	169.999	119.911	90.1667
1.36136	0.0025165	449.333	373.077	254.699	171.903	121.872	92.1617
1.36136	0.002524	453.191	376.996	259.423	176.789	126.814	97.1371
1.36136	0.0025315	460.017	383.883	266.417	184.534	134.732	105.088
1.36136	0.002539	469.804	393.734	276.374	194.559	145.621	116.008
1.36136	0.0025465	482.547	406.54	289.288	207.542	158.882	129.068
1.36136	0.002554	497.437	422.297	305.151	223.475	174.852	145.068
1.46608	0.002464	511.511	433.022	309.925	223.762	172.512	141.023
1.46608	0.0024715	494.65	416.231	293.831	207.757	156.604	125.1
1.46608	0.002479	480.782	402.436	280.241	194.752	143.638	112.179
1.46608	0.0024865	469.907	391.635	269.574	184.745	133.674	102.258
1.46608	0.002494	462.025	383.827	261.899	177.673	126.595	95.3362
1.46608	0.0025015	456.52	379.012	257.217	173.072	122.063	91.4121
1.46608	0.002509	453.869	376.497	255.524	171.462	120.521	90.2649
1.46608	0.0025165	454.196	376.891	256.816	172.839	121.964	91.7483
1.46608	0.002524	457.495	380.259	260.954	177.198	126.389	96.2126
1.46608	0.0025315	463.762	386.597	267.414	184.392	133.791	103.653
1.46608	0.002539	472.992	395.898	276.838	193.893	144.165	114.064
1.46608	0.0025465	485.178	408.156	289.22	206.353	157.093	126.802
1.46608	0.002554	499.654	423.365	304.552	221.765	172.544	142.289
1.5708	0.002464	515.513	436.739	312.996	226.509	174.992	143.454
1.5708	0.0024715	498.086	419.391	296.364	209.974	158.672	127.017
1.5708	0.002479	483.652	405.037	282.371	196.44	145.179	113.574
1.5708	0.0024865	472.213	393.678	271.16	185.904	134.688	103.132
1.5708	0.002494	463.766	385.313	262.944	178.367	127.135	95.6891
1.5708	0.0025015	457.764	379.94	257.719	173.3	122.079	91.2443
1.5708	0.002509	454.552	376.945	255.485	171.156	120.013	89.636
1.5708	0.0025165	454.317	376.785	256.237	172.001	120.933	90.6015
1.5708	0.002524	457.056	379.601	259.922	175.829	124.836	94.5485
1.5708	0.0025315	462.764	385.386	265.844	182.586	131.716	101.472
1.5708	0.002539	471.436	394.136	274.732	191.559	141.567	111.367
1.5708	0.0025465	483.064	405.844	286.578	203.491	154.112	123.727
1.5708	0.002554	497.135	420.504	301.375	218.377	169.039	138.696
1.67552	0.002464	514.536	436.334	313.382	227.529	176.303	145.015
1.67552	0.0024715	496.551	418.433	296.216	210.468	159.53	128.128
1.67552	0.002479	481.56	403.528	281.804	196.406	145.512	114.165
1.67552	0.0024865	469.563	391.618	270.055	185.344	134.496	103.203
1.67552	0.002494	460.559	382.702	261.3	177.281	126.481	95.2413
1.67552	0.0025015	454.25	376.779	255.539	171.778	121.006	90.2774
1.67552	0.002509	450.484	373.473	252.767	169.105	118.417	88.3093
1.67552	0.0025165	449.697	372.767	252.983	169.42	118.816	88.7621
1.67552	0.002524	451.883	375.036	256.181	172.719	122.197	92.1929
1.67552	0.0025315	457.04	380.276	261.746	178.998	128.557	98.6011
1.67552	0.002539	465.161	388.481	270.1	187.609	137.889	107.981
1.67552	0.0025465	476.24	399.645	281.415	199.016	150.003	119.913
1.67552	0.002554	489.921	413.762	295.682	213.377	164.408	134.363
1.78024	0.002464	508.681	431.89	311.143	226.864	176.477	145.843
1.78024	0.0024715	490.154	413.453	293.456	209.287	159.218	128.467
1.78024	0.002479	474.623	398.012	278.615	194.71	144.685	113.993
1.78024	0.0024865	462.085	385.566	266.34	183.132	133.154	102.52
1.78024	0.002494	452.541	376.115	257.06	174.553	124.624	94.0478
1.78024	0.0025015	445.99	369.657	250.774	168.589	118.907	88.5737
1.78024	0.002509	441.815	366.189	247.477	165.396	115.806	86.0956
1.78024	0.0025165	440.491	364.975	247.169	165.192	115.693	86.3018
1.78024	0.002524	442.142	366.712	249.844	167.972	118.562	89.2248
1.78024	0.0025315	446.764	371.421	255.242	173.733	124.411	95.1258
1.78024	0.002539	454.311	379.096	263.076	182.154	133.233	103.999
1.78024	0.0025465	464.816	389.732	273.871	193.047	144.877	115.458
1.78024	0.002554	478.208	403.321	287.619	206.894	158.768	129.398
1.88496	0.002464	498.208	423.627	306.43	224.616	175.591	145.993
1.88496	0.0024715	479.166	404.677	288.242	206.541	157.82	128.097
1.88496	0.002479	463.118	388.722	272.967	191.466	142.789	113.128
1.88496	0.0024865	450.065	375.763	260.187	179.39	130.76	101.161
1.88496	0.002494	440.006	365.799	250.401	170.314	121.732	92.1938
1.88496	0.0025015	432.94	358.829	243.61	163.868	115.704	86.2253
1.88496	0.002509	428.571	354.851	239.809	160.173	112.29	83.2532
1.88496	0.0025165	426.675	353.671	238.997	159.468	111.681	83.2309
1.88496	0.002524	427.758	354.899	241.168	161.748	114.055	85.6129
1.88496	0.0025315	431.816	359.099	246.32	167.009	119.408	90.9767
1.88496	0.002539	438.843	366.267	253.871	175.246	127.736	99.3172
1.88496	0.0025465	448.834	376.396	264.143	185.754	138.88	110.488
1.88496	0.002554	461.781	389.479	277.349	199.104	152.273	123.934
1.98968	0.002464	483.521	411.879	299.468	220.935	173.756	145.437
1.98968	0.0024715	463.994	392.445	280.781	202.387	155.456	127.105
1.98968	0.002479	447.463	376.008	265.052	186.839	139.951	111.665
1.98968	0.0024865	433.927	362.567	251.84	174.291	127.447	99.2251
1.98968	0.002494	423.385	352.121	241.577	164.741	117.945	89.7859
1.98968	0.0025015	415.837	344.669	234.307	157.801	111.443	83.3455
1.98968	0.002509	411.143	340.208	230.028	153.63	107.938	79.9017
1.98968	0.0025165	408.761	338.737	228.738	152.448	106.925	79.3286
1.98968	0.002524	409.359	339.971	230.433	154.252	108.826	81.2351
1.98968	0.0025315	412.932	343.693	235.108	159.038	113.707	86.124
1.98968	0.002539	419.476	350.382	242.234	166.799	121.563	93.9899
1.98968	0.0025465	428.984	359.982	252.002	177.348	132.183	104.827
1.98968	0.002554	441.45	372.541	264.729	190.225	145.102	118.118
2.0944	0.002464	465.14	397.079	289.965	215.825	171.105	143.894
2.0944	0.0024715	445.169	377.199	270.788	197.021	152.269	125.318
2.0944	0.002479	428.193	360.315	254.614	181.03	136.319	109.708
2.0944	0.0024865	414.212	346.428	241.442	168.039	123.37	96.8251
2.0944	0.002494	403.226	335.536	230.898	158.047	113.423	86.9421
2.0944	0.0025015	395.233	327.638	223.182	150.609	106.475	80.0578
2.0944	0.002509	390.231	322.732	218.458	145.992	102.525	76.1703
2.0944	0.0025165	387.412	320.816	216.723	144.364	101.57	75.0319
2.0944	0.002524	387.563	321.803	217.974	145.722	102.989	76.491
2.0944	0.0025315	390.69	325.018	222.205	150.061	107.372	80.9328
2.0944	0.002539	396.788	331.205	228.883	157.377	114.733	88.3521
2.0944	0.0025465	405.851	340.358	238.204	167.664	124.976	98.743
2.0944	0.002554	417.873	352.47	250.485	180.21	137.448	112.099
2.19911	0.002464	443.19	378.892	278.69	209.264	167.582	141.852
2.19911	0.0024715	423.31	359.114	259.106	190.164	148.413	122.866
2.19911	0.002479	405.858	342.162	242.524	173.706	132.052	106.886
2.19911	0.0024865	391.396	327.869	228.944	160.238	118.693	93.9115
2.19911	0.002494	379.932	316.572	218.366	149.773	108.335	83.7801
2.19911	0.0025015	371.465	308.27	210.593	142.309	100.976	76.4849
2.19911	0.002509	365.994	302.96	205.461	137.502	96.6156	72.1865
2.19911	0.0025165	363.272	300.64	203.319	135.463	95.1284	70.4796
2.19911	0.002524	363.019	301.283	204.162	136.41	96.1132	71.5243
2.19911	0.0025315	365.742	304.091	207.986	140.339	100.082	75.5519
2.19911	0.002539	371.437	309.871	214.224	147.245	107.029	82.5572
2.19911	0.0025465	380.098	318.617	223.135	157.122	116.95	92.5346
2.19911	0.002554	391.718	330.324	235.006	169.153	129.506	105.478
2.30383	0.002464	418.293	358.621	266.066	201.851	162.988	139.423
2.30383	0.0024715	398.062	338.484	246.117	182.274	143.562	120.065
2.30383	0.002479	380.358	321.35	229.169	165.432	127.144	103.712
2.30383	0.0024865	365.538	307.219	215.224	151.593	113.578	90.365
2.30383	0.002494	353.716	295.787	204.281	140.757	102.847	80.023
2.30383	0.0025015	344.892	287.049	196.339	132.922	95.1157	72.3208
2.30383	0.002509	339.063	281.307	190.877	128.086	90.382	67.5866
2.30383	0.0025165	336.227	278.558	188.3	126.001	88.3529	65.7999
2.30383	0.002524	336.38	278.8	188.712	126.576	88.9614	66.4671
2.30383	0.0025315	338.795	281.553	192.109	130.133	92.5539	70.1174
2.30383	0.002539	344.133	286.971	198.487	136.667	99.1254	76.7456
2.30383	0.0025465	352.437	295.355	207.197	146.105	108.67	86.3461
2.30383	0.002554	363.702	306.701	218.7	157.698	121.182	98.9124
2.40855	0.002464	391.647	336.891	252.48	193.825	157.966	136.703
2.40855	0.0024715	371.113	316.444	232.21	173.779	138.212	117.014
2.40855	0.002479	353.181	299	214.943	156.609	121.463	100.33
2.40855	0.0024865	338.054	284.559	200.678	142.442	107.721	86.6511
2.40855	0.002494	325.925	272.818	189.414	131.278	96.9848	75.7876
2.40855	0.0025015	316.794	263.765	181.151	123.114	88.9671	67.7177
2.40855	0.002509	310.658	257.709	175.274	117.95	83.8375	62.6479
2.40855	0.0025165	307.515	254.646	172.373	115.783	81.4329	60.5753
2.40855	0.002524	307.361	254.573	172.461	116.004	81.7064	61.432
2.40855	0.0025315	310.085	257.486	175.535	119.169	84.9639	64.7451
2.40855	0.002539	315.045	263.106	181.588	125.314	91.2005	71.0363
2.40855	0.0025465	322.976	271.176	190.616	134.435	100.411	80.2999
2.40855	0.002554	333.87	282.207	201.966	146.111	112.588	92.5295
2.51327	0.002464	363.1	314.3	237.67	184.642	152.66	133.771
2.51327	0.0024715	342.229	293.594	217.427	164.499	132.62	113.794
2.51327	0.002479	324.363	275.89	200.19	147.363	115.587	96.8221
2.51327	0.0024865	309.502	261.188	185.578	133.02	101.559	82.8344
2.51327	0.002494	297.296	249.158	173.967	121.573	90.4321	71.4707
2.51327	0.0025015	287.91	239.841	165.36	113.126	82.0122	63.1087
2.51327	0.002509	281.519	233.52	159.344	107.679	76.5932	57.7466
2.51327	0.0025165	278.12	230.193	156.166	105.088	74.1724	55.3815
2.51327	0.002524	277.711	229.856	155.977	104.981	74.4982	56.0102
2.51327	0.0025315	280.185	232.504	158.773	107.859	77.4644	59.4817
2.51327	0.002539	284.886	238.133	164.55	113.718	83.4096	65.4182
2.51327	0.0025465	292.557	246.314	173.301	122.553	92.3283	74.3307
2.51327	0.002554	303.193	257.015	184.685	134.356	104.214	86.2127
2.61799	0.002464	333.989	290.697	222.447	175.184	147.187	130.214
2.61799	0.0024715	312.918	269.695	201.982	154.808	126.909	110.032
2.61799	0.002479	294.853	251.697	184.386	137.438	109.635	92.7462
2.61799	0.0024865	279.792	236.706	169.544	123.076	95.3675	78.468
2.61799	0.002494	267.737	224.72	157.707	111.721	83.7786	67.1756
2.61799	0.0025015	258.445	215.738	148.874	103.169	75.1157	58.5668
2.61799	0.002509	251.77	209.315	143.042	97.4359	69.4533	52.9575
2.61799	0.0025165	248.092	205.774	140.04	94.4645	66.7888	50.345
2.61799	0.002524	247.406	205.222	139.622	94.1174	67.1189	50.726
2.61799	0.0025315	249.708	207.657	142.189	96.7559	70.1804	53.7008
2.61799	0.002539	254.866	213.072	147.736	102.375	75.8796	59.3874
2.61799	0.0025465	262.33	220.944	156.258	110.969	84.5522	68.0498
2.61799	0.002554	272.758	231.428	167.249	122.533	96.1919	79.6818
2.72271	0.002464	305.2	266.958	207.326	165.73	141.331	126.378
2.72271	0.0024715	283.984	245.798	186.689	145.169	120.937	105.887
2.72271	0.002479	265.772	227.642	168.763	127.614	103.449	88.4042
2.72271	0.0024865	250.565	212.492	153.745	113.066	88.9209	73.9285
2.72271	0.002494	238.361	200.347	141.731	101.524	77.2426	62.4599
2.72271	0.0025015	228.847	191.205	132.721	92.5939	68.3837	53.9973
2.72271	0.002509	222.02	185.066	126.712	86.6536	62.5249	48.3301
2.72271	0.0025165	218.19	181.576	123.701	83.7126	59.6638	45.5166
2.72271	0.002524	217.352	180.788	123.467	83.6014	59.7968	45.6962
2.72271	0.0025315	219.501	182.99	125.786	86.0478	62.6531	48.228
2.72271	0.002539	224.634	188.176	131.089	91.4747	68.0918	53.7112
2.72271	0.0025465	232.745	196.299	139.37	99.8766	76.5072	62.1702
2.72271	0.002554	243.197	206.616	150.44	111.247	87.8931	73.5986
2.82743	0.002464	276.441	243.421	191.927	156.437	135.251	122.385
2.82743	0.0024715	255.42	222.455	171.09	135.739	114.561	101.746
2.82743	0.002479	237.075	204.388	153.261	118.047	96.8794	84.1129
2.82743	0.0024865	221.688	189.13	138.44	103.361	82.2056	69.487
2.82743	0.002494	209.308	176.876	126.326	91.4874	70.5395	57.8678
2.82743	0.0025015	199.935	167.626	117.188	82.4049	61.88	49.2541
2.82743	0.002509	193.462	161.377	111.051	76.3239	55.8873	43.6442
2.82743	0.0025165	189.531	157.619	107.912	73.2419	52.8771	40.7347
2.82743	0.002524	188.592	156.719	107.352	73.1554	52.8608	40.7019
2.82743	0.0025315	190.641	158.807	109.541	75.8878	55.3402	43.1017
2.82743	0.002539	195.672	163.879	114.712	81.1706	60.6278	48.4291
2.82743	0.0025465	203.68	171.929	122.861	89.428	68.8918	56.732
2.82743	0.002554	213.87	182.951	133.981	100.654	80.1261	68.0041
2.93215	0.002464	248.942	220.555	176.927	147.048	129.085	118.365
2.93215	0.0024715	227.773	199.536	156.016	126.341	108.299	97.6247
2.93215	0.002479	209.335	181.525	138.112	108.643	90.521	79.8898
2.93215	0.0024865	193.905	166.523	123.217	93.8205	75.75	65.1615
2.93215	0.002494	181.48	154.39	111.33	81.9212	63.9862	53.4393
2.93215	0.0025015	172.061	145.006	102.45	72.747	55.2285	44.7222
2.93215	0.002509	165.645	138.626	96.293	66.5738	49.4752	38.9121
2.93215	0.0025165	162.23	135.083	93.0248	63.3991	46.4837	35.778
2.93215	0.002524	161.351	134.12	92.2291	63.2195	46.3301	35.64
2.93215	0.0025315	163.277	136.145	94.3356	65.9356	48.533	38.341
2.93215	0.002539	168.189	141.153	99.4245	71.0613	53.7177	43.5607
2.93215	0.0025465	176.08	149.138	107.491	79.1649	61.8786	51.7556
2.93215	0.002554	186.492	160.094	118.527	90.24	73.0094	62.9195
3.03687	0.002464	222.494	199.178	162.783	137.915	123.076	114.064
3.03687	0.0024715	201.36	178.153	141.846	117.15	102.242	93.3633
3.03687	0.002479	183.237	160.137	123.916	99.2588	84.415	75.6709
3.03687	0.0024865	168.124	145.128	108.994	84.3757	69.5948	60.9569
3.03687	0.002494	155.718	132.776	97.0795	72.5009	57.7812	49.1796
3.03687	0.0025015	146.302	123.382	88.1031	63.6333	48.9732	40.4069
3.03687	0.002509	139.888	116.992	81.7887	57.4952	43.1691	34.3528
3.03687	0.0025165	136.423	113.603	78.4749	54.276	40.0081	31.1622
3.03687	0.002524	135.357	113.211	78.1584	54.0514	39.7804	30.9672
3.03687	0.0025315	137.281	115.317	80.3507	56.5132	42.271	33.7638
3.03687	0.002539	142.19	120.309	85.4056	61.5927	47.4012	39.1123
3.03687	0.0025465	150.078	128.278	93.4369	69.6495	55.5073	47.2474
3.03687	0.002554	160.939	139.217	104.438	80.6774	66.5829	58.3513
3.14159	0.002464	197.948	179.323	149.553	129.241	117.119	109.701
3.14159	0.0024715	176.872	158.381	128.717	108.349	96.3793	88.9951
3.14159	0.002479	158.805	140.331	110.808	90.4657	78.5851	71.2979
3.14159	0.0024865	143.747	125.293	95.9062	75.59	63.7632	56.6093
3.14159	0.002494	131.699	113.062	84.0111	63.7218	51.9475	44.929
3.14159	0.0025015	122.496	103.706	74.8425	54.8604	43.1368	36.2562
3.14159	0.002509	116.06	97.3533	68.5461	49.0037	37.22	30.0871
3.14159	0.0025165	112.627	94.0003	65.2496	45.9326	33.9924	26.8881
3.14159	0.002524	111.888	93.6439	64.9496	45.7106	33.7608	26.6843
3.14159	0.0025315	113.857	95.9251	67.6422	47.9814	36.5213	29.4716
3.14159	0.002539	118.811	100.885	72.78	53.0627	41.7001	35.0821
3.14159	0.0025465	126.742	108.824	80.8242	61.1208	49.7996	43.2059
3.14159	0.002554	137.646	119.737	91.8379	72.1495	60.8682	54.2981
