#x	y	stats	nuenorm1_anti	nuenorm2_anti	nuenorm3_anti	nuenorm4_anti	nuenorm5_anti
0.0178175	0.002464	130.156	125.657	118.21	112.31	108.11	105.164
0.0178175	0.0024715	114.402	110.374	103.396	97.9236	94.1207	91.5377
0.0178175	0.002479	101.454	97.6263	91.2991	86.428	83.0005	80.5883
0.0178175	0.0024865	90.5554	87.2468	81.8521	77.6232	74.6247	72.5772
0.0178175	0.002494	82.492	79.3077	74.4448	70.8832	68.4733	66.8277
0.0178175	0.0025015	77.0333	74.1254	69.6712	66.6098	64.6295	63.31
0.0178175	0.002509	74.3639	71.5375	67.3694	64.7514	63.1873	62.1802
0.0178175	0.0025165	74.2555	71.4494	67.4371	64.9561	63.5676	62.7719
0.0178175	0.002524	76.7816	73.9229	69.7567	67.036	65.3501	64.2588
0.0178175	0.0025315	82.0631	78.9872	74.4615	71.2698	69.1852	67.7865
0.0178175	0.002539	89.8861	86.7501	81.7346	78.007	75.4914	73.7571
0.0178175	0.0025465	100.525	97.0487	91.5514	87.3708	84.4328	82.3362
0.0178175	0.002554	113.8	110.183	104.099	99.357	96.0315	93.7064
0.0184709	0.002464	103.948	100.473	94.7415	90.0714	86.6611	84.2299
0.0184709	0.0024715	88.282	85.2263	79.9465	75.7006	72.6844	70.6134
0.0184709	0.002479	75.5647	72.7023	67.9913	64.2666	61.5838	59.6763
0.0184709	0.0024865	65.566	62.9881	58.7507	55.4773	53.2204	51.633
0.0184709	0.002494	58.1827	55.9111	52.1663	49.3993	47.5261	46.2696
0.0184709	0.0025015	52.879	50.9728	47.9496	45.859	44.4321	43.443
0.0184709	0.002509	50.2696	48.4163	45.6884	44.0022	42.962	42.3456
0.0184709	0.0025165	50.1938	48.3714	45.7713	44.1348	43.2362	42.7231
0.0184709	0.002524	52.688	50.8225	48.0111	46.185	45.0333	44.2823
0.0184709	0.0025315	57.8435	55.7987	52.655	50.3988	48.9058	47.8884
0.0184709	0.002539	65.7005	63.4065	59.8358	57.1148	55.2415	53.9331
0.0184709	0.0025465	76.1206	73.7417	69.694	66.508	64.2309	62.569
0.0184709	0.002554	89.4288	86.6529	82.1122	78.4649	75.835	73.9639
0.0191243	0.002464	83.047	80.6384	76.3441	72.7388	70.0411	68.0987
0.0191243	0.0024715	67.7077	65.4138	61.5684	58.3846	56.0781	54.4927
0.0191243	0.002479	55.0131	53.1179	49.7362	46.9862	44.9655	43.5307
0.0191243	0.0024865	45.2479	43.4249	40.5141	38.2128	36.6148	35.4233
0.0191243	0.002494	38.0667	36.5083	34.0144	32.1436	30.8799	29.9854
0.0191243	0.0025015	33.5993	32.239	30.0955	28.6344	27.7093	27.0492
0.0191243	0.002509	31.7631	30.4835	28.6041	27.4089	26.754	26.3401
0.0191243	0.0025165	31.7196	30.6651	29.1203	28.146	27.4925	27.088
0.0191243	0.002524	34.1829	33.0777	31.3316	30.1995	29.4832	29.0234
0.0191243	0.0025315	39.2155	37.9876	35.9244	34.4218	33.4295	32.7279
0.0191243	0.002539	46.9398	45.4477	43.0269	41.1363	39.8195	38.8718
0.0191243	0.0025465	57.3129	55.6507	52.8143	50.5081	48.8557	47.5941
0.0191243	0.002554	70.4281	68.5174	65.2328	62.5095	60.4948	59.0484
0.0197777	0.002464	67.4313	65.8447	62.7467	59.921	57.6807	56.0761
0.0197777	0.0024715	52.2339	50.6873	48.0038	45.722	44.0506	42.8531
0.0197777	0.002479	39.74	38.4896	36.2516	34.335	32.8963	31.9031
0.0197777	0.0024865	30.0729	28.9375	27.0731	25.5778	24.5197	23.7016
0.0197777	0.002494	23.0441	22.1737	20.6438	19.4974	18.744	18.151
0.0197777	0.0025015	18.7155	17.9938	16.767	15.964	15.4154	15.0979
0.0197777	0.002509	16.9327	16.2667	15.2953	14.6642	14.3196	14.1234
0.0197777	0.0025165	17.6329	16.9393	15.9531	15.3497	14.991	14.7721
0.0197777	0.002524	20.8462	20.0371	18.8859	17.9863	17.4546	17.0737
0.0197777	0.0025315	25.9078	25.1696	24.0099	22.9658	22.13	21.5972
0.0197777	0.002539	33.4222	32.6059	31.0473	29.8164	28.9733	28.3239
0.0197777	0.0025465	43.7421	42.605	40.7397	39.1896	38.0553	37.1603
0.0197777	0.002554	56.6461	55.5081	53.1987	51.2343	49.7568	48.7065
0.0204311	0.002464	55.8543	54.6158	52.2505	50.1054	48.451	47.2881
0.0204311	0.0024715	41.2639	40.1566	38.1192	36.3692	35.0998	34.1063
0.0204311	0.002479	29.4973	28.5697	26.9748	25.5196	24.4502	23.7579
0.0204311	0.0024865	19.8507	19.2819	18.19	17.3397	16.5722	16.0383
0.0204311	0.002494	13.0474	12.6311	11.8176	11.2292	10.8054	10.554
0.0204311	0.0025015	8.85464	8.52178	7.97299	7.63809	7.38357	7.22816
0.0204311	0.002509	7.11921	6.86847	6.51282	6.26579	6.13014	6.05313
0.0204311	0.0025165	7.77892	7.51092	7.13074	6.89903	6.73979	6.64822
0.0204311	0.002524	10.8643	10.5217	9.95793	9.52943	9.29233	9.08763
0.0204311	0.0025315	16.4959	16.0018	15.1895	14.5318	14.0503	13.7303
0.0204311	0.002539	24.8191	24.1224	23.0486	22.032	21.3329	20.8376
0.0204311	0.0025465	35.005	34.4385	33.2699	32.1829	31.2801	30.5309
0.0204311	0.002554	47.9443	47.0924	45.7111	44.4027	43.3871	42.7048
0.0210845	0.002464	48.2927	47.3557	45.866	44.4646	43.3272	42.5815
0.0210845	0.0024715	33.7138	33.1524	31.8399	30.7361	29.9639	29.2779
0.0210845	0.002479	22.1403	21.5754	20.703	19.8511	19.2357	18.7929
0.0210845	0.0024865	13.206	12.8863	12.1941	11.6999	11.2437	10.9767
0.0210845	0.002494	7.07218	6.84776	6.38999	6.11084	5.84765	5.69312
0.0210845	0.0025015	3.49824	3.36697	3.10372	2.94347	2.85632	2.80689
0.0210845	0.002509	2.09839	2.06334	2.01372	1.98361	1.96728	1.94984
0.0210845	0.0025165	2.71861	2.67683	2.61769	2.56559	2.53091	2.51127
0.0210845	0.002524	5.67881	5.57122	5.35324	5.22061	5.14852	5.10764
0.0210845	0.0025315	11.0994	10.9455	10.5309	10.2584	10.0518	9.8883
0.0210845	0.002539	19.1836	18.8691	18.3202	17.7949	17.4375	17.1429
0.0210845	0.0025465	30.0471	29.6045	28.747	27.9731	27.4573	26.9821
0.0210845	0.002554	43.599	42.9962	41.8982	40.9573	40.0882	39.5255
0.0217379	0.002464	44.3533	43.6957	42.6318	41.5807	40.7348	40.1741
0.0217379	0.0024715	30.2788	29.9126	28.972	28.2012	27.6225	27.1705
0.0217379	0.002479	19.0619	18.7299	18.1893	17.6097	17.2456	16.9138
0.0217379	0.0024865	10.5141	10.3868	10.0404	9.75022	9.50908	9.3277
0.0217379	0.002494	4.48554	4.41592	4.31733	4.25744	4.22493	4.19342
0.0217379	0.0025015	1.0757	1.06012	1.0381	1.02474	1.0175	1.0134
0.0217379	0.002509	0	0	0	0	0	0
0.0217379	0.0025165	1.03898	1.03149	1.02088	1.01445	1.01097	1.009
0.0217379	0.002524	4.36269	4.31937	4.25805	4.22083	4.1902	4.15175
0.0217379	0.0025315	10.1603	10.0954	9.94864	9.8243	9.655	9.55837
0.0217379	0.002539	18.0838	18.019	17.7303	17.536	17.4303	17.2995
0.0217379	0.0025465	28.7315	28.5073	28.1895	27.7605	27.5016	27.3074
0.0217379	0.002554	42.1526	41.9289	41.2503	40.7744	40.2501	39.9515
0.0223914	0.002464	43.1522	42.7307	41.9649	41.1963	40.5787	40.1341
0.0223914	0.0024715	29.3729	29.0388	28.4354	27.9056	27.4827	27.2161
0.0223914	0.002479	18.251	18.0819	17.745	17.3732	17.1706	16.9527
0.0223914	0.0024865	10.0735	9.96372	9.7207	9.57279	9.48	9.36373
0.0223914	0.002494	4.5016	4.45228	4.38247	4.34007	4.31707	4.30404
0.0223914	0.0025015	1.56239	1.55585	1.54659	1.54098	1.53794	1.53622
0.0223914	0.002509	0.912324	0.910231	0.897028	0.870421	0.856045	0.847923
0.0223914	0.0025165	2.16799	2.16012	2.14898	2.14224	2.1386	2.13654
0.0223914	0.002524	5.68905	5.68786	5.68616	5.67546	5.65501	5.64342
0.0223914	0.0025315	11.6089	11.6027	11.5939	11.5885	11.509	11.4591
0.0223914	0.002539	20.0527	19.9618	19.8329	19.7546	19.7065	19.6188
0.0223914	0.0025465	31.1622	31.0717	30.851	30.569	30.4155	30.1945
0.0223914	0.002554	45.0427	44.8491	44.5243	44.1815	43.8103	43.3441
0.0230448	0.002464	43.9586	43.7107	43.1284	42.5836	42.1344	41.7857
0.0230448	0.0024715	30.0956	29.845	29.4896	29.1165	28.8168	28.6464
0.0230448	0.002479	18.9383	18.8724	18.6246	18.4053	18.2861	18.1796
0.0230448	0.0024865	10.6484	10.5811	10.4857	10.4278	10.3964	10.3516
0.0230448	0.002494	5.03644	5.03223	5.02629	5.02268	5.02073	5.01962
0.0230448	0.0025015	1.99885	1.99537	1.99044	1.98745	1.98583	1.98491
0.0230448	0.002509	1.02917	1.02436	1.01758	1.01346	1.01123	1.00998
0.0230448	0.0025165	2.01897	2.01857	2.01802	2.01767	2.01749	2.01738
0.0230448	0.002524	5.24659	5.22552	5.19572	5.17764	5.15645	5.12888
0.0230448	0.0025315	11.0791	10.9754	10.8286	10.7302	10.588	10.5074
0.0230448	0.002539	19.5947	19.4912	19.0835	18.8235	18.5825	18.3995
0.0230448	0.0025465	30.8781	30.5783	30.11	29.4526	29.0128	28.6038
0.0230448	0.002554	44.6484	44.1778	43.26	42.4576	41.6954	41.2261
0.0236982	0.002464	47.1242	47.0776	46.633	46.2618	45.9254	45.6551
0.0236982	0.0024715	32.9659	32.8367	32.6536	32.3615	32.1572	32.0411
0.0236982	0.002479	21.6271	21.5416	21.3553	21.242	21.1804	21.1381
0.0236982	0.0024865	12.903	12.8897	12.8709	12.8595	12.8533	12.8433
0.0236982	0.002494	7.07698	7.07026	7.06077	7.05503	7.05192	7.05015
0.0236982	0.0025015	3.86661	3.81511	3.74243	3.69854	3.67485	3.66146
0.0236982	0.002509	3.0038	2.87631	2.69654	2.58821	2.5298	2.49685
0.0236982	0.0025165	3.77686	3.70573	3.60537	3.54482	3.51214	3.49369
0.0236982	0.002524	6.64057	6.64056	6.64055	6.64055	6.64054	6.64054
0.0236982	0.0025315	11.7508	11.7178	11.671	11.6426	11.6272	11.6045
0.0236982	0.002539	19.6049	19.5505	19.311	19.1652	19.0859	18.9849
0.0236982	0.0025465	30.1251	29.9566	29.7179	29.3525	29.1286	28.9845
0.0236982	0.002554	43.4966	43.3285	42.7426	42.3334	41.8829	41.6057
0.0243516	0.002464	52.2084	52.063	51.8568	51.7313	51.6631	51.5554
0.0243516	0.0024715	37.9017	37.8948	37.8851	37.7981	37.7288	37.6894
0.0243516	0.002479	26.5715	26.5642	26.5537	26.5474	26.5439	26.5419
0.0243516	0.0024865	18.1166	18.0895	18.0511	18.0279	18.0154	18.0082
0.0243516	0.002494	12.2252	12.225	12.2045	12.0916	12.0307	11.9964
0.0243516	0.0025015	8.51262	8.46633	8.37413	8.26089	8.19982	8.16537
0.0243516	0.002509	7.34693	7.13751	6.84246	6.64923	6.53662	6.47314
0.0243516	0.0025165	7.66397	7.5026	7.27101	7.12517	7.02072	6.96184
0.0243516	0.002524	9.91676	9.90047	9.7923	9.72704	9.69182	9.67193
0.0243516	0.0025315	14.7717	14.7626	14.7497	14.7419	14.7376	14.7352
0.0243516	0.002539	22.3467	22.3281	22.3017	22.2856	22.2769	22.272
0.0243516	0.0025465	32.7281	32.7096	32.6429	32.4928	32.4111	32.3648
0.0243516	0.002554	46.0157	45.8427	45.5976	45.4484	45.2554	45.1069
0.025005	0.002464	60.3631	60.3511	60.334	60.3236	60.3179	60.3145
0.025005	0.0024715	46.3997	46.3869	46.3313	46.2719	46.2397	46.2213
0.025005	0.002479	34.3946	34.393	34.3907	34.3893	34.3885	34.388
0.025005	0.0024865	25.3753	25.374	25.3175	25.2442	25.2046	25.1822
0.025005	0.002494	19.0732	18.9891	18.8703	18.6904	18.5783	18.515
0.025005	0.0025015	15.5847	15.3422	14.9586	14.6079	14.4194	14.3132
0.025005	0.002509	14.5825	14.1331	13.3582	12.8487	12.5752	12.4213
0.025005	0.0025165	14.6008	14.2929	13.685	13.2755	13.0148	12.8681
0.025005	0.002524	16.5416	16.4041	16.148	15.8872	15.7469	15.6678
0.025005	0.0025315	21.171	21.1527	21.0413	20.924	20.8608	20.8251
0.025005	0.002539	28.5619	28.5432	28.5169	28.501	28.4923	28.4874
0.025005	0.0025465	38.6341	38.6339	38.6336	38.5949	38.5532	38.5295
0.025005	0.002554	50.9475	50.859	50.7336	50.6574	50.616	50.5619
0.0256584	0.002464	70.8218	70.8217	70.8216	70.8214	70.8212	70.821
0.0256584	0.0024715	56.1704	56.1703	56.1702	56.1701	56.1327	56.1071
0.0256584	0.002479	44.442	44.3458	44.21	44.1281	44.0838	44.0587
0.0256584	0.0024865	35.3743	35.2802	35.0943	34.8223	34.6759	34.5934
0.0256584	0.002494	29.2936	29.0516	28.6045	28.1172	27.8479	27.685
0.0256584	0.0025015	25.8544	25.5096	24.6159	23.9019	23.4891	23.2273
0.0256584	0.002509	25.13	24.3962	22.926	21.9901	21.4891	21.2078
0.0256584	0.0025165	24.7792	24.2911	23.1722	22.3688	21.8853	21.6138
0.0256584	0.002524	26.4632	26.2	25.5829	25.0007	24.6864	24.4522
0.0256584	0.0025315	30.4785	30.4151	30.1447	29.9406	29.8128	29.696
0.0256584	0.002539	36.9795	36.9155	36.8251	36.7706	36.7373	36.6753
0.0256584	0.0025465	46.264	46.2629	46.2612	46.2291	46.1994	46.1826
0.0256584	0.002554	58.2936	58.2925	58.2909	58.2899	58.2893	58.2889
