#x	y	stats	nuenorm1_anti	nuenorm2_anti	nuenorm3_anti	nuenorm4_anti	nuenorm5_anti
0.426	-3.14159	516.163	489.487	450.483	425.386	410.506	401.483
0.426	-3.03687	487.952	466.627	435.552	415.66	403.355	396.181
0.426	-2.93215	463.413	446.778	422.618	406.775	397.175	391.595
0.426	-2.82743	442.544	429.92	411.646	399.244	391.932	387.693
0.426	-2.72271	425.23	415.911	402.466	392.863	387.419	384.274
0.426	-2.61799	411.019	404.411	394.651	387.609	383.688	381.429
0.426	-2.51327	399.842	395.353	388.35	383.42	380.687	379.117
0.426	-2.40855	391.356	388.459	383.51	380.184	378.348	377.296
0.426	-2.30383	385.18	383.418	379.932	377.779	376.595	375.918
0.426	-2.19911	380.916	379.578	377.412	376.08	375.35	374.934
0.426	-2.0944	377.936	377.034	375.751	374.965	374.535	374.29
0.426	-1.98968	376.004	375.49	374.761	374.315	374.072	373.934
0.426	-1.88496	374.968	374.681	374.273	374.025	373.89	373.813
0.426	-1.78024	374.23	374.064	373.828	373.684	373.606	373.562
0.426	-1.67552	373.782	373.669	373.509	373.411	373.358	373.328
0.426	-1.5708	373.628	373.525	373.379	373.29	373.242	373.214
0.426	-1.46608	373.743	373.612	373.425	373.312	373.25	373.215
0.426	-1.36136	374.193	373.981	373.681	373.498	373.398	373.342
0.426	-1.25664	375.134	374.758	374.224	373.898	373.721	373.62
0.426	-1.15192	376.643	375.981	375.039	374.462	374.148	373.969
0.426	-1.0472	378.922	377.775	376.141	375.139	374.59	374.277
0.426	-0.942478	382.312	380.733	378.028	376.363	375.448	374.926
0.426	-0.837758	387.312	385.086	380.918	378.278	376.823	375.99
0.426	-0.733038	394.492	390.923	385.041	381.037	378.821	377.55
0.426	-0.628319	404.274	398.875	390.63	384.792	381.549	379.684
0.426	-0.523599	417.053	409.265	397.905	389.692	385.108	382.465
0.426	-0.418879	433.173	422.376	406.773	395.868	389.591	385.959
0.426	-0.314159	452.903	438.437	417.463	403.434	395.074	390.223
0.426	-0.20944	476.414	457.599	430.228	412.471	401.618	395.3
0.426	-0.10472	503.726	479.922	445.122	422.798	409.257	401.218
0.426	1.11022e-16	534.777	505.32	462.135	434.244	417.997	407.983
0.426	0.10472	569.424	533.701	481.175	447.062	427.524	415.58
0.426	0.20944	607.294	564.794	502.068	461.147	437.612	423.772
0.426	0.314159	647.819	598.083	524.547	476.335	448.5	432.092
0.426	0.418879	690.24	633.052	548.253	492.395	460.033	440.917
0.426	0.523599	733.796	669.031	572.738	509.032	472.008	450.1
0.426	0.628319	777.545	705.241	597.469	525.889	484.175	459.454
0.426	0.733038	820.452	740.816	621.848	542.554	496.235	468.753
0.426	0.837758	861.422	774.838	645.228	558.575	507.857	477.735
0.426	0.942478	899.345	806.368	666.941	573.479	518.685	486.117
0.426	1.0472	933.143	834.489	686.328	586.792	528.36	493.61
0.426	1.15192	961.813	858.351	702.773	598.069	536.54	499.934
0.426	1.25664	983.925	876.717	715.36	606.624	542.678	504.623
0.426	1.36136	999.326	889.413	723.877	612.222	546.525	507.421
0.426	1.46608	1007.54	896.089	728.178	614.862	548.169	508.47
0.426	1.5708	1008.32	896.543	728.128	614.46	547.556	507.73
0.426	1.67552	1001.66	890.787	723.755	611.053	544.728	505.249
0.426	1.78024	987.268	878.63	715.065	604.786	539.823	501.154
0.426	1.88496	966.198	860.797	702.23	595.442	532.663	495.308
0.426	1.98968	939.134	838.017	686.06	583.88	523.864	488.165
0.426	2.0944	906.919	811.02	667.099	570.514	513.849	480.16
0.426	2.19911	870.515	780.629	645.953	555.789	502.969	471.586
0.426	2.30383	830.955	747.725	623.256	540.161	491.57	462.725
0.426	2.40855	789.184	713.201	599.636	524.069	479.975	453.828
0.426	2.51327	746.252	677.743	575.695	507.918	468.471	445.11
0.426	2.61799	703.317	642.357	551.843	492.066	457.296	436.739
0.426	2.72271	661.284	607.832	528.686	476.67	446.585	428.832
0.426	2.82743	620.951	574.809	506.69	462.138	436.464	421.348
0.426	2.93215	582.987	543.82	486.177	448.672	427.145	414.325
0.426	3.03687	547.926	515.28	467.387	436.397	418.644	407.527
0.426	3.14159	516.163	489.487	450.483	425.386	410.506	401.483
0.4345	-3.14159	387.936	362.729	325.907	302.002	287.422	278.903
0.4345	-3.03687	360.681	340.684	311.571	292.186	280.639	273.913
0.4345	-2.93215	336.989	321.539	299.121	283.65	274.72	269.533
0.4345	-2.82743	316.857	305.275	288.354	276.364	269.635	265.739
0.4345	-2.72271	300.173	291.791	279.082	270.268	265.345	262.482
0.4345	-2.61799	286.73	280.912	271.553	265.287	261.803	259.729
0.4345	-2.51327	276.247	272.409	265.612	261.328	258.956	257.54
0.4345	-2.40855	268.387	265.609	261.086	258.286	256.742	255.858
0.4345	-2.30383	262.572	260.6	257.784	256.049	255.097	254.553
0.4345	-2.19911	258.304	257.146	255.497	254.485	253.931	253.616
0.4345	-2.0944	255.196	254.569	253.679	253.134	252.837	252.667
0.4345	-1.98968	253.245	252.934	252.494	252.225	252.079	251.995
0.4345	-1.88496	252.125	251.984	251.784	251.663	251.597	251.559
0.4345	-1.78024	251.569	251.507	251.421	251.368	251.339	251.323
0.4345	-1.67552	251.38	251.349	251.306	251.279	251.264	251.256
0.4345	-1.5708	251.444	251.418	251.382	251.359	251.347	251.34
0.4345	-1.46608	251.594	251.555	251.499	251.465	251.446	251.436
0.4345	-1.36136	251.707	251.619	251.495	251.419	251.378	251.355
0.4345	-1.25664	252.265	252.063	251.778	251.604	251.509	251.456
0.4345	-1.15192	253.504	253.075	252.466	252.094	251.891	251.776
0.4345	-1.0472	255.731	254.898	253.714	252.989	252.592	252.367
0.4345	-0.942478	259.31	257.825	255.708	254.406	253.692	253.286
0.4345	-0.837758	264.641	262.176	258.653	256.477	255.28	254.547
0.4345	-0.733038	271.52	268.173	262.687	259.283	257.403	256.111
0.4345	-0.628319	280.578	275.922	267.884	262.778	259.947	258.063
0.4345	-0.523599	292.559	285.662	274.715	267.376	263.288	260.69
0.4345	-0.418879	307.804	298.053	283.371	273.2	267.507	264.062
0.4345	-0.314159	326.579	313.32	294.009	280.353	272.673	268.22
0.4345	-0.20944	349.059	331.611	306.255	288.912	278.837	272.977
0.4345	-0.10472	375.304	352.99	320.452	298.918	286.028	278.509
0.4345	1.11022e-16	405.246	377.415	336.695	310.373	294.252	284.82
0.4345	0.10472	438.673	404.729	354.899	322.618	303.479	291.894
0.4345	0.20944	475.227	434.652	374.898	335.977	313.618	299.688
0.4345	0.314159	514.395	466.779	396.438	350.387	323.828	308.13
0.4345	0.418879	555.518	500.577	419.179	365.634	334.643	316.348
0.4345	0.523599	597.798	535.396	442.692	381.441	345.877	324.844
0.4345	0.628319	640.32	570.482	466.471	397.474	357.3	333.504
0.4345	0.733038	682.078	605	489.944	413.348	368.641	342.125
0.4345	0.837758	721.88	637.937	512.375	428.523	379.481	350.364
0.4345	0.942478	758.454	668.199	532.955	442.396	389.341	357.816
0.4345	1.0472	791.023	695.161	551.297	454.752	398.111	364.436
0.4345	1.15192	818.621	718.004	566.817	465.175	405.481	369.974
0.4345	1.25664	840.405	736.013	579.004	473.303	411.176	374.212
0.4345	1.36136	855.702	748.617	587.451	478.848	414.982	376.975
0.4345	1.46608	863.642	755.131	591.764	481.618	416.757	378.155
0.4345	1.5708	864.187	755.354	591.489	481.001	416.003	377.319
0.4345	1.67552	857.536	749.587	587.088	477.553	413.128	374.786
0.4345	1.78024	843.93	738.047	578.737	471.43	408.34	370.798
0.4345	1.88496	823.831	721.138	566.751	462.878	401.846	365.538
0.4345	1.98968	797.691	699.396	551.558	452.225	393.913	359.236
0.4345	2.0944	766.289	673.149	533.473	439.838	384.846	352.149
0.4345	2.19911	730.844	643.643	513.087	425.779	374.669	344.311
0.4345	2.30383	692.361	611.729	491.236	410.888	363.941	336.081
0.4345	2.40855	651.873	578.271	468.521	395.579	353.053	327.846
0.4345	2.51327	610.396	544.115	445.517	380.232	342.269	319.798
0.4345	2.61799	568.895	510.052	422.747	365.181	331.805	312.083
0.4345	2.72271	528.254	476.8	400.674	350.706	321.834	304.806
0.4345	2.82743	489.249	444.982	379.683	337.033	312.48	297.704
0.4345	2.93215	452.537	415.114	360.083	324.329	303.618	290.792
0.4345	3.03687	418.637	387.599	342.106	312.711	295.083	284.525
0.4345	3.14159	387.936	362.729	325.907	302.002	287.422	278.903
0.443	-3.14159	291.28	267.583	232.997	209.645	195.937	187.934
0.443	-3.03687	265.066	246.421	219.301	200.32	189.544	183.047
0.443	-2.93215	242.348	228.091	206.874	192.21	183.952	178.65
0.443	-2.82743	223.116	212.571	196.261	185.288	178.93	174.879
0.443	-2.72271	207.258	199.76	187.448	179.5	174.689	171.707
0.443	-2.61799	194.525	189.104	180.194	174.63	171.046	168.908
0.443	-2.51327	184.448	180.306	174.339	170.625	168.057	166.582
0.443	-2.40855	176.243	173.6	169.821	167.399	165.691	164.713
0.443	-2.30383	170.255	168.69	166.46	164.968	163.882	163.262
0.443	-2.19911	166.118	165.273	164.072	163.216	162.561	162.187
0.443	-2.0944	163.449	163.047	162.476	162.03	161.655	161.442
0.443	-1.98968	161.887	161.728	161.502	161.3	161.096	160.981
0.443	-1.88496	161.112	161.065	160.998	160.927	160.821	160.76
0.443	-1.78024	160.761	160.753	160.742	160.687	160.63	160.598
0.443	-1.67552	160.378	160.377	160.377	160.34	160.304	160.284
0.443	-1.5708	160.199	160.199	160.199	160.159	160.128	160.11
0.443	-1.46608	160.2	160.198	160.196	160.137	160.095	160.07
0.443	-1.36136	160.444	160.425	160.398	160.293	160.219	160.177
0.443	-1.25664	161.082	160.998	160.878	160.677	160.535	160.455
0.443	-1.15192	162.344	162.097	161.747	161.361	161.093	160.941
0.443	-1.0472	164.201	163.639	162.841	162.07	161.59	161.318
0.443	-0.942478	167.258	166.142	164.554	163.272	162.453	161.985
0.443	-0.837758	172.008	170.025	167.196	165.149	163.821	163.061
0.443	-0.733038	178.866	175.62	170.975	167.841	165.791	164.616
0.443	-0.628319	188.096	183.256	176.102	171.491	168.46	166.718
0.443	-0.523599	199.578	193.243	182.777	176.226	171.918	169.43
0.443	-0.418879	214.209	205.411	191.181	181.943	176.247	172.81
0.443	-0.314159	232.253	220.1	201.461	188.891	181.517	176.903
0.443	-0.20944	253.881	237.698	213.722	197.139	187.778	181.747
0.443	-0.10472	279.154	258.263	227.83	206.724	194.65	187.363
0.443	1.11022e-16	308.008	281.758	243.387	217.642	202.44	193.552
0.443	0.10472	340.24	308.031	260.793	229.847	211.121	200.143
0.443	0.20944	375.502	336.813	279.887	242.864	220.633	207.346
0.443	0.314159	413.296	367.711	300.429	256.443	230.876	215.095
0.443	0.418879	452.984	400.211	322.092	270.773	241.101	223.294
0.443	0.523599	493.79	433.686	344.468	285.598	251.448	231.262
0.443	0.628319	534.828	467.407	367.075	300.603	261.932	239.038
0.443	0.733038	575.12	500.568	389.368	315.429	272.307	246.743
0.443	0.837758	613.635	532.31	410.758	329.679	282.294	254.172
0.443	0.942478	649.326	561.758	430.638	342.939	291.595	261.097
0.443	1.0472	681.176	588.055	448.407	354.792	299.906	267.284
0.443	1.15192	707.971	610.194	463.381	364.784	306.915	272.503
0.443	1.25664	728.871	627.364	474.806	372.207	311.94	276.09
0.443	1.36136	743.484	639.316	482.653	377.193	315.21	278.332
0.443	1.46608	751.356	645.669	486.661	379.565	316.602	279.136
0.443	1.5708	752.252	646.23	486.706	379.249	316.07	278.475
0.443	1.67552	745.959	640.938	482.808	376.277	313.653	276.39
0.443	1.78024	732.567	629.587	474.757	370.576	309.359	272.94
0.443	1.88496	712.894	613.066	463.095	362.3	303.113	267.911
0.443	1.98968	687.576	591.924	448.383	352.063	295.557	261.962
0.443	2.0944	657.405	566.84	431.118	340.228	286.975	255.331
0.443	2.19911	623.287	538.581	411.85	327.19	277.664	248.257
0.443	2.30383	586.195	507.968	391.155	313.347	267.917	240.967
0.443	2.40855	546.844	475.718	369.607	299.086	258.004	233.662
0.443	2.51327	506.565	442.646	347.639	284.761	248.161	226.508
0.443	2.61799	466.296	409.692	325.778	270.521	238.516	219.615
0.443	2.72271	426.897	377.55	304.601	256.786	229.186	212.342
0.443	2.82743	389.124	346.822	284.477	243.815	219.964	205.374
0.443	2.93215	353.615	318.01	265.7	231.764	211.162	198.977
0.443	3.03687	320.875	291.503	248.491	220.189	203.144	193.164
0.443	3.14159	291.28	267.583	232.997	209.645	195.937	187.934
0.4515	-3.14159	221.72	199.405	166.521	143.778	130.674	122.455
0.4515	-3.03687	196.426	179.017	152.688	134.863	124.168	117.692
0.4515	-2.93215	174.521	161.352	140.654	127.04	118.46	113.479
0.4515	-2.82743	155.994	146.331	130.392	119.969	113.525	109.796
0.4515	-2.72271	140.733	133.255	121.829	114.025	109.331	106.623
0.4515	-2.61799	128.153	122.695	114.855	109.138	105.835	103.936
0.4515	-2.51327	117.989	114.43	109.256	105.223	102.991	101.711
0.4515	-2.40855	110.365	108.2	104.79	102.182	100.746	99.9238
0.4515	-2.30383	104.916	103.716	101.505	99.9147	99.0416	98.5433
0.4515	-2.19911	101.262	100.68	99.2159	98.3126	97.8184	97.537
0.4515	-2.0944	98.8936	98.3509	97.5799	97.1087	96.8517	96.7056
0.4515	-1.98968	96.9439	96.6905	96.331	96.112	95.9928	95.9251
0.4515	-1.88496	95.8011	95.6973	95.5503	95.4609	95.4123	95.3848
0.4515	-1.78024	95.2061	95.1682	95.1144	95.0818	95.064	95.054
0.4515	-1.67552	94.9687	94.9536	94.9322	94.9192	94.9121	94.9081
0.4515	-1.5708	94.9773	94.9658	94.9496	94.9397	94.9343	94.9312
0.4515	-1.46608	95.2055	95.1836	95.1528	95.134	95.1239	95.1181
0.4515	-1.36136	95.3412	95.2835	95.2017	95.1521	95.1251	95.1098
0.4515	-1.25664	95.8155	95.6627	95.4462	95.3144	95.2427	95.2021
0.4515	-1.15192	96.9526	96.5989	96.0968	95.7905	95.6236	95.5289
0.4515	-1.0472	99.0456	98.3279	97.3014	96.6731	96.3301	96.1349
0.4515	-0.942478	101.993	101.129	99.2355	98.0721	97.4348	97.0715
0.4515	-0.837758	106.554	104.984	102.095	100.109	99.0178	98.3942
0.4515	-0.733038	113.132	110.418	106.086	102.913	101.162	100.159
0.4515	-0.628319	121.997	117.7	111.259	106.481	103.833	102.312
0.4515	-0.523599	133.502	127.064	117.806	110.934	107.081	104.862
0.4515	-0.418879	147.656	138.985	125.744	116.557	111.16	108.042
0.4515	-0.314159	164.785	153.679	135.497	123.444	116.13	111.892
0.4515	-0.20944	185.425	170.503	147.165	131.663	122.035	116.438
0.4515	-0.10472	209.639	190.173	160.796	140.916	128.899	121.696
0.4515	1.11022e-16	237.369	212.707	176.38	151.276	136.724	127.668
0.4515	0.10472	268.424	237.961	193.324	162.859	145.157	134.336
0.4515	0.20944	302.467	265.676	211.592	175.573	154.093	141.477
0.4515	0.314159	339.02	295.477	231.265	189.271	163.711	148.662
0.4515	0.418879	377.463	326.867	252.033	202.942	173.881	156.256
0.4515	0.523599	417.045	359.241	273.509	217.015	184.276	164.144
0.4515	0.628319	456.906	391.897	295.234	231.274	194.099	172.101
0.4515	0.733038	496.015	423.967	316.586	245.273	203.719	179.095
0.4515	0.837758	533.141	454.42	336.851	258.522	212.781	185.644
0.4515	0.942478	567.525	482.649	355.657	270.816	221.182	191.711
0.4515	1.0472	598.183	507.829	372.434	281.77	228.651	197.089
0.4515	1.15192	624.203	529.196	386.649	291.019	234.927	201.58
0.4515	1.25664	644.789	546.082	397.838	298.245	239.779	205.009
0.4515	1.36136	659.207	557.948	405.629	303.196	243.028	207.238
0.4515	1.46608	666.617	563.857	409.368	305.424	244.35	208.017
0.4515	1.5708	667.272	564.183	409.184	304.884	243.597	207.136
0.4515	1.67552	661.173	558.932	405.242	301.855	241.115	204.981
0.4515	1.78024	648.54	548.303	397.701	296.466	237.016	201.656
0.4515	1.88496	629.803	532.668	386.845	288.937	231.48	197.316
0.4515	1.98968	605.134	512.284	373.053	279.554	224.734	192.15
0.4515	2.0944	575.734	487.902	356.378	268.399	216.887	186.289
0.4515	2.19911	542.527	460.474	337.807	255.958	208.113	179.715
0.4515	2.30383	506.462	430.795	317.892	242.781	198.96	172.976
0.4515	2.40855	468.512	399.672	297.181	229.227	189.675	166.251
0.4515	2.51327	429.638	367.896	276.195	215.628	180.471	159.536
0.4515	2.61799	390.756	336.211	255.414	202.276	171.488	152.406
0.4515	2.72271	352.701	305.289	235.256	189.413	162.121	145.663
0.4515	2.82743	316.213	275.715	216.076	177.027	153.312	139.364
0.4515	2.93215	281.912	247.974	198.155	164.91	145.138	133.539
0.4515	3.03687	250.293	222.446	181.704	153.804	137.648	127.787
0.4515	3.14159	221.72	199.405	166.521	143.778	130.674	122.455
0.46	-3.14159	174.234	153.338	121.297	99.717	86.4779	78.7521
0.46	-3.03687	149.943	133.791	108.073	90.723	80.3359	74.2925
0.46	-2.93215	128.972	116.354	96.5826	82.8742	74.9333	70.3275
0.46	-2.82743	111.31	101.307	86.6715	76.1455	70.2502	66.8415
0.46	-2.72271	95.9732	88.8745	78.0816	70.4904	66.2589	63.8198
0.46	-2.61799	83.6618	78.8927	71.1067	65.8451	62.9257	61.2479
0.46	-2.51327	74.1497	71.1456	65.5863	62.0921	60.1618	59.0556
0.46	-2.40855	66.8365	64.6329	61.1071	58.9299	57.7321	57.0476
0.46	-2.30383	61.2248	59.7889	57.7425	56.4846	55.7952	55.4022
0.46	-2.19911	57.1452	56.3907	55.3178	54.661	54.3022	54.0982
0.46	-2.0944	54.4904	54.1476	53.6612	53.3644	53.2028	53.1111
0.46	-1.98968	52.9106	52.7868	52.6114	52.5047	52.4467	52.4139
0.46	-1.88496	52.0952	52.0662	52.0251	52.0002	51.9867	51.979
0.46	-1.78024	51.7879	51.786	51.7834	51.7818	51.781	51.7805
0.46	-1.67552	51.5897	51.5888	51.5874	51.5866	51.5862	51.5859
0.46	-1.5708	51.3413	51.3391	51.3359	51.334	51.333	51.3324
0.46	-1.46608	51.2709	51.2708	51.2707	51.2707	51.2706	51.2706
0.46	-1.36136	51.4404	51.4326	51.4215	51.4148	51.4112	51.4091
0.46	-1.25664	51.9955	51.9383	51.8573	51.808	51.7813	51.7662
0.46	-1.15192	53.1592	52.9626	52.6838	52.5141	52.4218	52.3694
0.46	-1.0472	55.221	54.7328	54.0395	53.616	53.385	53.2538
0.46	-0.942478	58.1251	57.1313	55.7169	54.8496	54.3753	54.1052
0.46	-0.837758	62.6636	60.8538	58.2719	56.682	55.8093	55.3112
0.46	-0.733038	69.0287	66.2366	61.9306	59.2662	57.798	56.9118
0.46	-0.628319	77.3363	73.5964	66.8918	62.7218	60.414	58.969
0.46	-0.523599	88.3674	82.6783	73.3451	67.1622	63.7249	61.6078
0.46	-0.418879	102.445	94.1612	81.4599	72.6896	67.791	64.8767
0.46	-0.314159	119.727	108.307	91.3754	79.3886	72.6612	68.7663
0.46	-0.20944	139.551	125.255	102.895	87.3203	78.3711	73.1735
0.46	-0.10472	162.834	144.696	115.988	96.5163	84.9386	78.1937
0.46	1.11022e-16	189.521	166.348	130.923	106.972	92.3608	83.8235
0.46	0.10472	219.428	190.614	147.619	118.297	100.61	90.0443
0.46	0.20944	252.229	217.244	165.86	130.321	109.627	96.8188
0.46	0.314159	287.461	245.874	184.601	143.237	118.849	104.087
0.46	0.418879	324.522	276.027	204.363	156.854	128.255	111.391
0.46	0.523599	362.686	307.119	224.774	170.585	137.975	118.505
0.46	0.628319	401.117	338.471	245.399	183.895	147.817	125.709
0.46	0.733038	438.895	369.333	265.743	197.034	157.032	132.843
0.46	0.837758	475.05	398.905	285.273	209.659	165.539	139.375
0.46	0.942478	508.594	426.369	303.439	221.408	173.454	144.99
0.46	1.0472	538.402	450.801	319.631	231.897	180.527	150.001
0.46	1.15192	563.397	471.208	332.991	240.37	186.08	153.815
0.46	1.25664	583.128	487.287	343.457	246.934	190.308	156.641
0.46	1.36136	596.979	498.527	350.677	251.357	193.055	158.383
0.46	1.46608	604.519	504.569	354.41	253.484	194.219	158.97
0.46	1.5708	605.517	505.23	354.544	253.25	193.764	158.383
0.46	1.67552	599.403	500.075	350.875	250.617	191.726	156.663
0.46	1.78024	586.969	489.619	343.465	245.327	187.732	153.484
0.46	1.88496	568.635	474.346	332.903	238.04	182.408	149.337
0.46	1.98968	544.994	454.765	319.561	229.03	175.992	144.477
0.46	2.0944	516.79	431.506	303.888	218.615	168.722	139.095
0.46	2.19911	484.871	405.281	286.383	207.137	160.847	133.382
0.46	2.30383	449.821	376.692	267.568	194.945	152.608	127.515
0.46	2.40855	412.964	346.554	247.76	182.341	144.228	120.942
0.46	2.51327	375.243	315.81	227.611	169.435	135.145	114.236
0.46	2.61799	337.546	285.18	207.675	156.773	125.962	107.674
0.46	2.72271	300.688	255.315	188.352	143.886	117.194	101.469
0.46	2.82743	265.386	226.78	169.978	131.533	108.945	95.2211
0.46	2.93215	232.244	200.045	152.796	120.032	101.004	89.2098
0.46	3.03687	201.743	175.477	136.232	109.487	93.3689	83.7209
0.46	3.14159	174.234	153.338	121.297	99.717	86.4779	78.7521
0.4685	-3.14159	144.98	125.208	93.8632	72.1835	59.702	52.2876
0.4685	-3.03687	121.611	105.464	80.7842	63.5737	53.8538	47.7097
0.4685	-2.93215	100.955	88.3397	69.1024	56.0056	48.451	43.6271
0.4685	-2.82743	82.974	73.8172	59.1109	49.4582	43.6288	40.0234
0.4685	-2.72271	68.1515	61.6826	50.7433	43.8912	39.4943	36.8816
0.4685	-2.61799	56.2928	51.3619	43.8977	39.1891	36.0117	34.1845
0.4685	-2.51327	46.6216	43.2585	38.4448	35.2774	33.1398	31.914
0.4685	-2.40855	39.1434	37.1214	34.2353	32.2006	30.8324	30.0499
0.4685	-2.30383	33.7745	32.6741	31.1075	29.8633	29.0391	28.569
0.4685	-2.19911	30.146	29.6291	28.8948	28.1668	27.7066	27.4446
0.4685	-2.0944	27.8918	27.7022	27.4333	27.013	26.7797	26.6471
0.4685	-1.98968	26.6576	26.6165	26.4597	26.2671	26.1624	26.1029
0.4685	-1.88496	25.7185	25.6814	25.5607	25.4873	25.4475	25.4249
0.4685	-1.78024	25.0728	25.0455	25.0069	24.9835	24.9708	24.9636
0.4685	-1.67552	24.7338	24.7252	24.7129	24.7054	24.7014	24.6991
0.4685	-1.5708	24.6425	24.6367	24.6283	24.6233	24.6205	24.6189
0.4685	-1.46608	24.774	24.7605	24.7414	24.7298	24.7236	24.72
0.4685	-1.36136	25.1876	25.1431	25.0802	25.0419	25.0212	25.0094
0.4685	-1.25664	25.7079	25.5812	25.4016	25.2924	25.233	25.1994
0.4685	-1.15192	26.4701	26.3867	25.9829	25.7142	25.5679	25.4848
0.4685	-1.0472	28.0631	27.7673	27.1166	26.5473	26.2366	26.0599
0.4685	-0.942478	30.8498	30.1316	28.9703	27.895	27.3061	26.9706
0.4685	-0.837758	35.2046	33.7736	31.7302	29.871	28.8493	28.2659
0.4685	-0.733038	41.5181	39.0014	35.4052	32.5951	30.9415	29.9948
0.4685	-0.628319	50.1771	46.1219	40.3105	36.1871	33.657	32.2044
0.4685	-0.523599	61.3101	55.424	46.6285	40.7611	37.0652	34.9373
0.4685	-0.418879	74.7602	67.0497	54.4563	46.3032	41.1314	38.1449
0.4685	-0.314159	91.2525	80.7721	63.8612	52.8918	45.9167	41.8459
0.4685	-0.20944	111.142	96.926	75.1048	60.4132	51.5874	46.1998
0.4685	-0.10472	133.916	115.875	88.232	69.1415	58.1634	51.2178
0.4685	1.11022e-16	159.526	137.586	103.06	79.0711	65.3367	56.8981
0.4685	0.10472	188.305	161.144	119.026	90.1575	73.1055	63.1215
0.4685	0.20944	219.941	186.766	136.552	102.312	81.591	69.4267
0.4685	0.314159	253.987	214.361	155.419	115.037	90.7082	76.1801
0.4685	0.418879	289.861	243.468	174.97	127.976	100.337	83.3039
0.4685	0.523599	326.783	273.422	194.413	141.279	109.669	90.6737
0.4685	0.628319	363.815	303.505	213.977	154.593	118.673	97.4263
0.4685	0.733038	400.212	333.105	233.251	167.106	127.544	103.748
0.4685	0.837758	435.034	361.451	251.731	178.81	136.052	109.808
0.4685	0.942478	467.326	387.757	268.892	189.668	143.392	115.427
0.4685	1.0472	496.16	411.255	284.219	199.349	149.697	120.214
0.4685	1.15192	520.675	431.23	297.23	207.534	154.995	123.781
0.4685	1.25664	540.033	447.047	307.502	213.948	159.1	126.5
0.4685	1.36136	553.24	457.679	314.278	218.055	161.608	128.048
0.4685	1.46608	560.339	463.301	317.626	219.821	162.426	128.298
0.4685	1.5708	561.115	463.739	317.544	219.377	161.766	127.508
0.4685	1.67552	555.56	458.996	314.051	216.754	159.664	125.719
0.4685	1.78024	543.876	449.25	307.289	212.066	156.218	123.018
0.4685	1.88496	525.992	434.537	297.451	205.502	151.578	119.532
0.4685	1.98968	502.935	415.483	284.54	196.964	145.693	115.239
0.4685	2.0944	475.476	392.896	269.421	187.013	138.834	110.235
0.4685	2.19911	444.44	367.467	252.57	176.084	131.443	104.266
0.4685	2.30383	410.718	339.937	234.488	164.503	123.299	98.1148
0.4685	2.40855	375.229	311.058	215.669	152.581	114.658	91.9655
0.4685	2.51327	338.879	281.57	196.589	140.131	106.075	85.9458
0.4685	2.61799	302.533	252.167	177.68	127.478	97.712	79.7157
0.4685	2.72271	266.984	223.479	159.325	115.264	89.4084	73.4455
0.4685	2.82743	232.855	196.055	141.234	103.672	81.0827	67.5638
0.4685	2.93215	200.851	170.349	124.011	92.4857	73.3301	62.0968
0.4685	3.03687	171.446	146.717	108.174	81.8317	66.1958	57.0516
0.4685	3.14159	144.98	125.208	93.8632	72.1835	59.702	52.2876
0.477	-3.14159	128.45	108.34	77.7531	57.1051	44.4623	36.9571
0.477	-3.03687	104.938	89.4027	64.9365	48.614	38.5276	32.6613
0.477	-2.93215	84.589	72.8486	53.769	40.9748	33.2719	28.8056
0.477	-2.82743	67.4334	58.1894	44.2288	34.3897	28.6791	25.3783
0.477	-2.72271	52.8559	46.0478	36.16	28.8174	24.7263	22.3688
0.477	-2.61799	40.8186	36.2692	29.2756	24.2001	21.385	19.7677
0.477	-2.51327	31.4901	28.6467	23.8083	20.4671	18.6221	17.5651
0.477	-2.40855	24.5578	22.9347	19.6082	17.5385	16.4002	15.7499
0.477	-2.30383	19.6743	18.442	16.5128	15.3275	14.6781	14.3079
0.477	-2.19911	15.8273	15.1216	14.1182	13.5042	13.169	12.9783
0.477	-2.0944	13.0911	12.7785	12.335	12.0645	11.9173	11.8337
0.477	-1.98968	11.4021	11.2951	11.1435	11.0513	11.0013	10.9729
0.477	-1.88496	10.4607	10.4392	10.4087	10.3902	10.3802	10.3745
0.477	-1.78024	10.0198	10.0194	10.0189	10.0185	10.0183	10.0182
0.477	-1.67552	9.8979	9.89517	9.89131	9.88898	9.88771	9.88699
0.477	-1.5708	9.98807	9.98336	9.97671	9.97267	9.97049	9.96925
0.477	-1.46608	9.87725	9.87625	9.8748	9.87393	9.87346	9.87319
0.477	-1.36136	9.92296	9.91908	9.91359	9.91027	9.90845	9.90743
0.477	-1.25664	10.3558	10.3113	10.2484	10.2101	10.1894	10.1776
0.477	-1.15192	11.3919	11.2219	10.9809	10.8342	10.7545	10.7093
0.477	-1.0472	13.312	12.8706	12.2438	11.861	11.6524	11.5339
0.477	-0.942478	16.4477	15.5177	14.1942	13.3831	12.9397	12.6872
0.477	-0.837758	21.1387	19.4389	17.0076	15.5032	14.6778	14.2068
0.477	-0.733038	26.8919	24.6104	20.5307	18.0078	16.6182	15.8233
0.477	-0.628319	34.8684	31.4065	25.3148	21.3417	19.144	17.8835
0.477	-0.523599	45.4891	40.1029	31.5463	25.6293	22.3416	20.4505
0.477	-0.418879	59.0654	51.1769	39.3855	30.9646	26.2638	23.5517
0.477	-0.314159	75.5228	64.8279	48.9082	37.4249	30.9532	27.2077
0.477	-0.20944	94.6256	81.1902	59.7425	45.0654	36.4394	31.4316
0.477	-0.10472	117.077	99.7268	72.3567	53.9135	42.7365	36.2278
0.477	1.11022e-16	142.801	120.592	86.7368	63.9626	49.8391	41.5904
0.477	0.10472	170.478	143.98	102.806	74.5292	57.7189	47.4999
0.477	0.20944	200.924	169.472	120.17	86.0367	66.3199	53.9209
0.477	0.314159	233.705	195.959	138.156	98.3862	74.8275	60.797
0.477	0.418879	268.257	223.895	157.117	111.399	83.7463	67.4474
0.477	0.523599	303.899	252.738	176.702	124.372	92.9554	74.1213
0.477	0.628319	339.845	281.858	195.851	137.046	102.277	80.8759
0.477	0.733038	375.23	310.556	214.402	149.561	110.894	87.5665
0.477	0.837758	409.072	338.028	232.181	161.596	118.917	93.6188
0.477	0.942478	440.144	363.213	248.378	171.935	126.067	98.536
0.477	1.0472	467.869	385.684	262.815	180.827	132.356	102.82
0.477	1.15192	491.413	404.757	275.036	188.306	137.542	106.367
0.477	1.25664	510.053	419.832	284.641	194.119	141.086	109.04
0.477	1.36136	523.206	430.429	291.311	198.064	143.398	110.732
0.477	1.46608	530.257	436.118	294.828	200.006	144.399	111.343
0.477	1.5708	530.821	436.35	294.626	199.568	143.818	110.678
0.477	1.67552	525.267	431.596	291.103	196.901	141.663	108.83
0.477	1.78024	513.79	422.03	284.474	192.311	138.296	105.946
0.477	1.88496	496.779	407.984	274.983	185.98	133.856	102.242
0.477	1.98968	474.788	389.929	262.964	178.143	128.447	97.8855
0.477	2.0944	448.168	368.273	248.822	169.074	121.776	93.0492
0.477	2.19911	418.007	343.631	232.699	158.945	114.51	87.904
0.477	2.30383	385.269	316.982	215.331	147.487	106.55	82.2956
0.477	2.40855	350.846	289.054	197.277	135.344	98.4782	76.1638
0.477	2.51327	315.618	260.561	178.989	123.15	90.1572	69.8581
0.477	2.61799	280.426	232.175	160.474	111.161	81.5399	63.7916
0.477	2.72271	246.038	204.503	141.963	99.1897	73.2868	58.0333
0.477	2.82743	213.135	178.076	124.334	87.4023	65.4943	52.583
0.477	2.93215	182.287	153.334	107.845	76.3983	58.227	46.9128
0.477	3.03687	153.948	129.763	92.1929	66.2782	51.0827	41.7046
0.477	3.14159	128.45	108.34	77.7531	57.1051	44.4623	36.9571
0.4855	-3.14159	119.841	100.903	70.6421	49.8455	37.7525	30.7035
0.4855	-3.03687	97.2353	81.8084	58.2162	41.5444	32.1343	26.4759
0.4855	-2.93215	77.4026	65.2654	46.931	34.2573	27.1379	22.5705
0.4855	-2.82743	60.0441	51.2594	37.2945	27.9664	22.643	19.1357
0.4855	-2.72271	45.7679	39.702	29.2448	22.6352	18.6985	16.1575
0.4855	-2.61799	34.3871	29.8712	22.6857	18.2125	15.3985	13.6222
0.4855	-2.51327	25.3188	22.0738	17.4301	14.5544	12.6111	11.4141
0.4855	-2.40855	17.8707	15.9293	13.1587	11.4516	10.1848	9.42126
0.4855	-2.30383	12.4648	11.4168	9.9249	9.00989	8.24174	7.78352
0.4855	-2.19911	8.74595	8.26074	7.57159	7.15063	6.7352	6.48044
0.4855	-2.0944	6.36157	6.18898	5.94433	5.79543	5.61709	5.48868
0.4855	-1.98968	4.97928	4.94567	4.89809	4.86922	4.83982	4.7829
0.4855	-1.88496	4.30382	4.30381	4.3038	4.3038	4.30379	4.30379
0.4855	-1.78024	4.09166	4.07626	4.0545	4.04135	4.03424	4.03022
0.4855	-1.67552	3.8589	3.84757	3.7926	3.75941	3.74148	3.73135
0.4855	-1.5708	3.5789	3.57408	3.5506	3.51139	3.49021	3.47826
0.4855	-1.46608	3.53289	3.52132	3.50492	3.48449	3.47026	3.46222
0.4855	-1.36136	3.71628	3.70963	3.68263	3.64805	3.62928	3.61865
0.4855	-1.25664	4.19172	4.18722	4.16635	4.06239	4.00591	3.97388
0.4855	-1.15192	5.22203	5.14986	5.04765	4.79873	4.6582	4.57844
0.4855	-1.0472	7.01813	6.75155	6.37339	5.83783	5.54126	5.37264
0.4855	-0.942478	9.61644	8.95049	8.00384	7.06372	6.49875	6.1769
0.4855	-0.837758	13.7507	12.4037	10.4846	8.91621	7.93249	7.3708
0.4855	-0.733038	19.7984	17.408	13.9931	11.5078	9.91172	8.99811
0.4855	-0.628319	28.1333	24.2584	18.707	14.9508	12.5042	11.1
0.4855	-0.523599	38.7884	33.2325	24.7955	19.3516	15.773	13.7131
0.4855	-0.418879	51.8025	44.5742	32.4092	24.7759	19.7734	16.8684
0.4855	-0.314159	67.911	57.8434	41.6711	31.0639	24.5505	20.5899
0.4855	-0.20944	87.2715	73.5806	52.667	38.4432	30.1358	24.8935
0.4855	-0.10472	109.307	91.9781	65.436	46.936	36.4738	29.7854
0.4855	1.11022e-16	134.069	112.999	79.6484	56.5335	43.2226	35.2604
0.4855	0.10472	161.852	135.684	95.0248	67.1904	50.655	40.9775
0.4855	0.20944	191.772	160.342	111.852	78.8197	58.7179	46.9219
0.4855	0.314159	223.317	186.856	129.918	90.8336	67.3301	53.2366
0.4855	0.418879	256.579	214.212	148.587	103.077	76.3784	59.8497
0.4855	0.523599	290.899	241.878	167.207	115.699	85.1096	66.6647
0.4855	0.628319	325.515	269.805	186.005	128.444	93.6598	73.0942
0.4855	0.733038	359.591	297.319	204.537	140.562	102.09	79.0428
0.4855	0.837758	392.241	323.703	221.671	151.747	110.188	84.7549
0.4855	0.942478	422.568	348.226	237.346	162.144	117.365	90.069
0.4855	1.0472	449.564	370.081	251.347	171.441	123.371	94.8166
0.4855	1.15192	472.173	388.289	262.818	178.959	128.109	97.9085
0.4855	1.25664	490.038	402.645	271.794	184.281	131.62	100.072
0.4855	1.36136	502.598	412.688	277.973	187.782	133.875	101.359
0.4855	1.46608	509.457	418.095	281.152	189.414	134.791	101.716
0.4855	1.5708	510.406	418.701	281.23	189.127	134.342	101.134
0.4855	1.67552	504.964	414.173	278.107	186.946	132.557	99.6484
0.4855	1.78024	493.708	404.8	271.624	182.499	129.164	97.033
0.4855	1.88496	477.11	391.122	262.426	176.406	124.536	93.5276
0.4855	1.98968	455.707	373.593	250.834	168.712	118.992	89.4688
0.4855	2.0944	430.173	352.777	237.232	159.45	112.733	84.8993
0.4855	2.19911	401.282	329.311	222.05	149.245	105.965	79.4849
0.4855	2.30383	369.672	303.853	205.737	138.399	98.372	73.9108
0.4855	2.40855	336.307	276.866	188.286	127.205	90.3574	68.3199
0.4855	2.51327	302.192	249.356	169.839	115.238	82.256	62.7697
0.4855	2.61799	268.141	221.971	151.57	103.027	74.2128	56.8751
0.4855	2.72271	234.902	195.299	133.845	91.2463	66.3435	50.8556
0.4855	2.82743	203.133	169.284	116.414	80.0696	58.3253	45.213
0.4855	2.93215	173.39	144.424	99.7653	69.442	50.8621	39.971
0.4855	3.03687	145.48	121.583	84.4627	59.1557	43.9972	35.1358
0.4855	3.14159	119.841	100.903	70.6421	49.8455	37.7525	30.7035
0.494	-3.14159	117.13	97.6596	68.01	47.9776	35.7327	28.4224
0.494	-3.03687	94.3262	79.3364	55.6054	39.8379	30.0089	24.2941
0.494	-2.93215	74.6382	63.3002	44.8033	32.4527	24.9451	20.5933
0.494	-2.82743	58.0595	49.1039	35.5773	26.0571	20.4648	17.233
0.494	-2.72271	43.8317	37.2123	27.6912	20.5043	16.4961	14.1868
0.494	-2.61799	31.9477	27.5317	20.823	15.8468	13.0875	11.5024
0.494	-2.51327	22.6772	19.9241	15.298	12.0206	10.2111	9.17464
0.494	-2.40855	15.7204	14.1552	10.984	8.95276	7.83582	7.19771
0.494	-2.30383	10.7437	9.62281	7.72816	6.56422	5.9266	5.5632
0.494	-2.19911	7.04136	6.35217	5.37239	4.77292	4.44562	4.25948
0.494	-2.0944	4.49983	4.19445	3.76115	3.49696	3.35314	3.27149
0.494	-1.98968	3.00102	2.89639	2.74815	2.65803	2.60909	2.58135
0.494	-1.88496	2.25298	2.23174	2.20168	2.18345	2.17356	2.16797
0.494	-1.78024	1.55472	1.55434	1.5538	1.55347	1.55329	1.55319
0.494	-1.67552	1.18044	1.1777	1.17383	1.17148	1.17021	1.16949
0.494	-1.5708	1.02917	1.02436	1.01758	1.01346	1.01123	1.00998
0.494	-1.46608	1.07776	1.0768	1.07542	1.0746	1.07415	1.07389
0.494	-1.36136	1.38276	1.37893	1.37352	1.37024	1.36845	1.36744
0.494	-1.25664	2.07836	2.03481	1.97317	1.93574	1.91544	1.90394
0.494	-1.15192	3.05994	2.897	2.66605	2.5255	2.44911	2.40578
0.494	-1.0472	4.77721	4.35188	3.74796	3.37927	3.17835	3.06422
0.494	-0.942478	7.69792	6.79902	5.5201	4.73643	4.30804	4.06421
0.494	-0.837758	12.1754	10.5171	8.15049	6.69418	5.89529	5.43957
0.494	-0.733038	17.9366	15.7978	11.8159	9.35403	7.99828	7.22296
0.494	-0.628319	25.8997	22.5637	16.6932	12.817	10.6734	9.44424
0.494	-0.523599	36.4062	31.2023	22.9503	17.1787	13.9727	12.129
0.494	-0.418879	49.7533	42.1178	30.7369	22.5241	17.9411	15.2975
0.494	-0.314159	65.9139	55.4985	40.0739	28.9226	22.6141	18.9641
0.494	-0.20944	84.5076	71.4474	50.6688	36.4227	28.0158	23.1366
0.494	-0.10472	106.216	89.5026	62.8785	44.9548	34.0877	27.7617
0.494	1.11022e-16	131.114	109.659	76.7636	54.6448	40.9098	32.8909
0.494	0.10472	158.079	132.262	92.2825	64.8745	48.4798	38.5437
0.494	0.20944	187.493	157.079	109.216	75.9483	56.7435	44.6855
0.494	0.314159	219.08	182.614	126.453	87.7489	64.8798	51.2127
0.494	0.418879	251.26	209.43	144.582	100.123	73.274	57.4556
0.494	0.523599	284.294	237.081	163.268	112.562	81.9009	63.6186
0.494	0.628319	317.619	264.155	181.738	124.49	90.5953	69.8175
0.494	0.733038	350.425	290.528	199.316	136.232	98.7689	75.9213
0.494	0.837758	381.856	315.808	216.168	147.487	106.126	81.6172
0.494	0.942478	411.043	339.294	231.821	157.816	112.945	86.2584
0.494	1.0472	437.141	360.296	245.596	166.402	119.018	90.3763
0.494	1.15192	459.366	378.177	256.832	173.671	124.145	93.8299
0.494	1.25664	476.508	391.926	265.386	179.169	127.85	96.3934
0.494	1.36136	488.51	401.452	271.113	182.628	129.724	97.6746
0.494	1.46608	495.005	406.518	273.988	184.197	130.377	97.9922
0.494	1.5708	495.792	406.967	273.918	183.827	129.791	97.3354
0.494	1.67552	490.859	402.797	270.919	181.545	127.997	95.7399
0.494	1.78024	480.055	393.983	265.112	177.448	125.079	93.2845
0.494	1.88496	463.885	380.687	256.266	171.42	120.984	89.9627
0.494	1.98968	443.082	363.695	245.108	163.774	115.317	85.6947
0.494	2.0944	418.299	343.55	232.05	154.979	108.842	81.0038
0.494	2.19911	390.286	320.869	216.855	145.314	101.844	76.0475
0.494	2.30383	359.854	296.315	200.405	134.298	94.5258	70.9706
0.494	2.40855	327.841	270.563	183.266	122.89	87.0775	65.2063
0.494	2.51327	295.026	244.277	165.866	111.401	79.1962	59.433
0.494	2.61799	262.108	217.62	147.99	100.07	71.1317	53.8518
0.494	2.72271	230.007	190.851	130.168	88.6038	63.3751	48.5239
0.494	2.82743	199.146	165.293	113.128	77.2374	55.9732	43.4525
0.494	2.93215	169.293	141.371	97.1912	66.6097	48.9773	37.9976
0.494	3.03687	141.881	118.397	81.9895	56.8359	42.1208	32.9879
0.494	3.14159	117.13	97.6596	68.01	47.9776	35.7327	28.4224
0.5025	-3.14159	115.727	97.1829	67.6887	47.2461	35.4052	28.5051
0.5025	-3.03687	93.8086	78.6005	55.4938	39.1529	29.933	24.393
0.5025	-2.93215	74.264	62.4238	44.4268	31.9959	25.0151	20.5356
0.5025	-2.82743	57.2373	48.6708	34.9182	25.761	20.5538	17.09
0.5025	-2.72271	43.1718	37.26	26.912	20.4169	16.5611	14.0463
0.5025	-2.61799	31.8907	27.3907	20.3194	15.9182	13.1573	11.3945
0.5025	-2.51327	22.7575	19.5769	15.026	12.2084	10.3107	9.12471
0.5025	-2.40855	15.5242	13.6183	10.8985	9.22291	7.98505	7.22517
0.5025	-2.30383	10.2921	9.26051	7.79207	6.89153	6.14067	5.68177
0.5025	-2.19911	6.71854	6.2387	5.55718	5.14091	4.73477	4.47723
0.5025	-2.0944	4.46298	4.29062	4.04629	3.89758	3.72303	3.59128
0.5025	-1.98968	3.20423	3.16962	3.12064	3.09091	3.06127	3.00137
0.5025	-1.88496	2.25479	2.25473	2.25462	2.25456	2.25453	2.25451
0.5025	-1.78024	1.71895	1.70508	1.68548	1.67363	1.66722	1.6636
0.5025	-1.67552	1.47316	1.4372	1.38638	1.35568	1.3391	1.32974
0.5025	-1.5708	1.3573	1.34983	1.31485	1.27843	1.25877	1.24765
0.5025	-1.46608	1.49558	1.48016	1.45835	1.43681	1.42373	1.41634
0.5025	-1.36136	1.86248	1.85679	1.83052	1.79044	1.7687	1.75638
0.5025	-1.25664	2.29334	2.28874	2.23748	2.12743	2.06764	2.03374
0.5025	-1.15192	3.0742	3.00329	2.8749	2.61025	2.46616	2.38436
0.5025	-1.0472	4.68682	4.42179	4.04584	3.50956	3.2072	3.03529
0.5025	-0.942478	7.44528	6.78802	5.85376	4.91557	4.3467	4.02262
0.5025	-0.837758	11.6962	10.3718	8.48489	6.92757	5.94498	5.38394
0.5025	-0.733038	17.801	15.4558	12.1057	9.64935	8.06376	7.15621
0.5025	-0.628319	26.117	22.3208	16.883	13.1843	10.7632	9.37381
0.5025	-0.523599	36.7721	31.2309	22.9748	17.6301	14.0992	12.067
0.5025	-0.418879	49.4422	42.2739	30.4227	22.9506	18.0142	15.1648
0.5025	-0.314159	65.0017	55.2626	39.3488	29.02	22.5731	18.6932
0.5025	-0.20944	83.7315	70.4706	49.9677	36.1173	27.9267	22.7963
0.5025	-0.10472	105.357	88.2694	62.3153	44.3007	34.0875	27.4778
0.5025	1.11022e-16	129.304	108.623	76.2745	53.5597	40.6045	32.7311
0.5025	0.10472	156.191	130.893	91.1353	63.8494	47.7558	38.3403
0.5025	0.20944	185.586	154.747	107.406	75.0859	55.5204	44.0435
0.5025	0.314159	216.093	180.409	124.884	86.9459	63.821	50.1081
0.5025	0.418879	248.284	207.346	143.297	98.7619	72.5506	56.4671
0.5025	0.523599	281.262	234.014	161.249	110.919	81.2124	63.0302
0.5025	0.628319	313.338	260.777	179.176	122.991	89.2084	69.2424
0.5025	0.733038	344.919	287.115	196.817	134.797	97.0608	74.6834
0.5025	0.837758	375.175	311.592	213.546	145.284	104.572	79.877
0.5025	0.942478	403.267	334.088	228.365	155.002	111.532	84.6779
0.5025	1.0472	428.378	354.195	241.594	163.66	117.067	88.9348
0.5025	1.15192	449.751	371.297	252.821	170.981	121.652	92.3636
0.5025	1.25664	466.638	384.851	261.686	176.724	125.203	94.5993
0.5025	1.36136	478.124	393.901	267.515	180.201	127.389	95.8741
0.5025	1.46608	484.293	398.664	270.347	181.531	128.034	95.9751
0.5025	1.5708	484.95	398.989	270.227	181.055	127.406	95.2191
0.5025	1.67552	480.088	394.878	267.169	178.8	125.54	93.6426
0.5025	1.78024	469.881	386.481	261.295	174.86	122.517	91.32
0.5025	1.88496	454.284	373.857	252.814	169.165	118.467	88.357
0.5025	1.98968	434.098	357.418	241.565	161.529	113.335	84.7272
0.5025	2.0944	410.079	337.955	228.407	152.574	107.296	79.8772
0.5025	2.19911	382.953	316.066	213.748	142.733	100.652	74.68
0.5025	2.30383	353.507	292.386	198.014	132.292	93.0977	69.347
0.5025	2.40855	322.553	267.236	180.828	121.526	85.4047	64.0088
0.5025	2.51327	290.895	240.89	163.277	109.867	77.7426	58.7693
0.5025	2.61799	259.298	214.62	145.853	98.3197	70.2507	53.1552
0.5025	2.72271	227.402	188.994	128.906	87.1382	62.7011	47.5701
0.5025	2.82743	196.705	163.591	111.922	76.4894	55.1137	42.2984
0.5025	2.93215	167.935	139.552	95.8811	66.1835	48.0106	37.3613
0.5025	3.03687	140.568	117.437	81.0924	56.2677	41.4337	32.7645
0.5025	3.14159	115.727	97.1829	67.6887	47.2461	35.4052	28.5051
0.511	-3.14159	115.141	96.1222	66.9068	47.263	35.1207	27.9246
0.511	-3.03687	92.896	78.2521	54.7901	39.2153	29.5231	23.8888
0.511	-2.93215	73.6278	62.3572	44.1761	31.93	24.5133	20.2148
0.511	-2.82743	57.3345	48.3563	35.0506	25.5931	20.0813	16.8965
0.511	-2.72271	43.1908	36.6983	27.2834	20.1721	16.2116	13.9299
0.511	-2.61799	31.5836	27.2449	20.5538	15.6197	12.884	11.3125
0.511	-2.51327	22.5205	19.8089	15.1411	11.8768	10.0746	9.04236
0.511	-2.40855	15.7138	14.1664	10.9118	8.87572	7.75614	7.11651
0.511	-2.30383	10.8429	9.63766	7.72062	6.54284	5.89758	5.52982
0.511	-2.19911	7.13172	6.4238	5.41734	4.80145	4.46515	4.27387
0.511	-2.0944	4.63304	4.31085	3.85365	3.57484	3.42303	3.33684
0.511	-1.98968	3.07852	2.96089	2.79421	2.69286	2.6378	2.60659
0.511	-1.88496	1.92086	1.89318	1.854	1.83024	1.81735	1.81005
0.511	-1.78024	1.27391	1.27215	1.26967	1.26816	1.26735	1.26689
0.511	-1.67552	0.970359	0.969523	0.968325	0.967604	0.967214	0.966993
0.511	-1.5708	0.912324	0.910231	0.907273	0.905484	0.904515	0.903968
0.511	-1.46608	1.07672	1.07666	1.07656	1.07651	1.07648	1.07646
0.511	-1.36136	1.51703	1.51003	1.50013	1.49413	1.49088	1.48904
0.511	-1.25664	1.93182	1.88116	1.80945	1.7659	1.74228	1.7289
0.511	-1.15192	2.91544	2.73839	2.48741	2.33465	2.25159	2.20449
0.511	-1.0472	4.77444	4.33106	3.70145	3.31702	3.10748	2.98845
0.511	-0.942478	7.81688	6.89965	5.59455	4.79475	4.35748	4.1086
0.511	-0.837758	12.3825	10.7102	8.32533	6.85768	6.05252	5.59321
0.511	-0.733038	18.2482	16.041	12.0605	9.59957	8.2443	7.46926
0.511	-0.628319	26.1692	22.887	16.9669	13.1136	10.9827	9.76088
0.511	-0.523599	36.4689	31.3835	23.1381	17.4473	14.2868	12.4694
0.511	-0.418879	49.3484	41.8917	30.6068	22.5276	18.0202	15.4206
0.511	-0.314159	65.2366	54.8159	39.7015	28.6518	22.4585	18.8757
0.511	-0.20944	83.2269	70.2754	49.9823	35.8646	27.6224	22.8398
0.511	-0.10472	104.333	88.076	61.8456	44.1855	33.5189	27.311
0.511	1.11022e-16	128.516	107.643	75.3349	53.6035	40.1384	32.279
0.511	0.10472	154.977	129.549	90.3746	63.6251	47.451	37.7226
0.511	0.20944	183.42	153.566	106.826	74.2953	55.4035	43.6075
0.511	0.314159	214.033	178.705	123.727	85.7162	63.4486	49.8825
0.511	0.418879	245.771	204.703	141.309	97.7247	71.5832	56.1872
0.511	0.523599	277.794	231.534	159.449	110.115	79.9608	62.1668
0.511	0.628319	309.954	258.202	177.655	121.652	88.3339	68.106
0.511	0.733038	341.171	283.483	194.506	132.781	96.3968	73.7805
0.511	0.837758	370.301	307.695	210.561	143.426	103.255	79.2023
0.511	0.942478	397.347	330.165	225.451	153.288	109.59	83.6806
0.511	1.0472	421.52	349.975	238.739	161.736	115.209	87.4003
0.511	1.15192	442.088	366.35	249.765	168.518	119.929	90.4944
0.511	1.25664	458.413	379.324	258.13	173.82	123.587	92.8512
0.511	1.36136	469.54	388.134	263.78	177.378	126.035	94.3836
0.511	1.46608	475.423	392.636	266.388	178.728	126.566	94.5422
0.511	1.5708	475.99	392.876	266.193	178.248	125.875	93.7887
0.511	1.67552	471.233	388.856	263.21	175.963	124.064	92.1734
0.511	1.78024	461.32	380.723	257.556	171.967	121.094	89.7712
0.511	1.88496	446.408	368.734	249.436	166.415	116.937	86.6897
0.511	1.98968	426.86	352.866	238.857	159.38	111.825	83.059
0.511	2.0944	403.622	334.101	225.769	150.927	105.615	78.5862
0.511	2.19911	377.396	312.357	211.013	141.172	98.917	73.8726
0.511	2.30383	348.945	288.661	195.167	130.55	91.924	68.766
0.511	2.40855	319.055	263.813	178.661	119.591	84.8103	63.168
0.511	2.51327	287.612	238.451	161.82	108.553	76.908	57.6665
0.511	2.61799	255.99	212.32	144.233	97.6611	69.1726	52.3449
0.511	2.72271	225.105	186.587	127.115	86.3097	61.7256	47.2592
0.511	2.82743	194.909	161.97	110.766	75.451	54.6517	42.2602
0.511	2.93215	166.041	138.574	95.4265	65.2662	48.0087	37.1077
0.511	3.03687	139.482	116.281	80.4963	55.8498	41.3077	32.3291
0.511	3.14159	115.141	96.1222	66.9068	47.263	35.1207	27.9246
0.5195	-3.14159	113.565	95.2228	66.3509	46.1493	34.523	27.7495
0.5195	-3.03687	92.2232	77.1104	54.3462	38.2706	29.2031	23.7236
0.5195	-2.93215	72.9467	61.3392	43.5387	31.2855	24.4063	19.9569
0.5195	-2.82743	56.3181	47.9079	34.2318	25.183	20.0224	16.5795
0.5195	-2.72271	42.5563	36.6642	26.3745	19.9355	16.0938	13.5839
0.5195	-2.61799	31.4934	26.9257	19.8843	15.5019	12.7317	10.9629
0.5195	-2.51327	22.3989	19.2126	14.6535	11.8308	9.9077	8.70923
0.5195	-2.40855	15.232	13.3057	10.5567	8.86302	7.58969	6.81431
0.5195	-2.30383	10.0193	8.96203	7.4569	6.5337	5.74191	5.2672
0.5195	-2.19911	6.43222	5.92827	5.21243	4.7751	4.32581	4.05394
0.5195	-2.0944	4.14372	3.95336	3.68346	3.51915	3.3012	3.15765
0.5195	-1.98968	2.84531	2.80102	2.73832	2.70025	2.62784	2.55906
0.5195	-1.88496	1.8268	1.82555	1.82378	1.8227	1.82212	1.81879
0.5195	-1.78024	1.26373	1.25582	1.24462	1.23785	1.23419	1.23212
0.5195	-1.67552	1.01082	0.985241	0.94913	0.927313	0.915523	0.90886
0.5195	-1.5708	0.954147	0.938328	0.897028	0.870421	0.856045	0.847923
0.5195	-1.46608	1.1255	1.10542	1.06785	1.04506	1.0327	1.0257
0.5195	-1.36136	1.52277	1.52054	1.48861	1.43341	1.40345	1.38648
0.5195	-1.25664	1.96851	1.95966	1.91166	1.77865	1.70636	1.66537
0.5195	-1.15192	2.83539	2.7515	2.61366	2.3168	2.15512	2.06333
0.5195	-1.0472	4.53295	4.24716	3.84171	3.27377	2.94886	2.76409
0.5195	-0.942478	7.36264	6.67993	5.7094	4.73424	4.139	3.79984
0.5195	-0.837758	11.6569	10.3078	8.38562	6.79129	5.78085	5.20385
0.5195	-0.733038	17.7622	15.4009	12.0279	9.54204	7.93087	7.00859
0.5195	-0.628319	26.0205	22.2272	16.7936	13.083	10.6438	9.24387
0.5195	-0.523599	36.6438	31.038	22.8317	17.5052	13.9701	11.9355
0.5195	-0.418879	48.9656	41.8142	30.0784	22.6902	17.7712	14.9319
0.5195	-0.314159	64.1926	54.6364	38.8401	28.6436	22.2581	18.4067
0.5195	-0.20944	82.4821	69.4873	49.2303	35.5885	27.5038	22.4263
0.5195	-0.10472	103.783	86.8327	61.2799	43.5686	33.5173	26.9919
0.5195	1.11022e-16	127.043	106.634	74.9685	52.5711	39.8574	32.0945
0.5195	0.10472	153.131	128.503	89.4132	62.5503	46.7762	37.55
0.5195	0.20944	181.761	151.603	105.166	73.4233	54.2659	43.0315
0.5195	0.314159	211.496	176.429	122.061	85.05	62.2513	48.8398
0.5195	0.418879	242.593	202.569	139.838	96.4083	70.6297	54.911
0.5195	0.523599	274.682	228.673	157.489	108.108	79.1802	61.1603
0.5195	0.628319	306.015	254.494	174.764	119.735	86.8331	67.3172
0.5195	0.733038	336.408	279.834	191.686	131.085	94.2717	72.4904
0.5195	0.837758	365.514	303.937	207.881	141.383	101.373	77.3395
0.5195	0.942478	392.423	325.513	222.381	150.607	107.939	81.8089
0.5195	1.0472	415.71	344.786	235.002	158.812	113.57	85.7608
0.5195	1.15192	435.524	361.17	245.704	165.742	117.844	89.0616
0.5195	1.25664	451.25	374.155	254.146	171.17	121.144	91.4365
0.5195	1.36136	461.899	382.929	259.796	174.753	123.253	92.6609
0.5195	1.46608	467.542	387.449	262.451	176.172	123.793	92.6735
0.5195	1.5708	468.058	387.714	262.289	175.731	123.144	91.8994
0.5195	1.67552	463.442	383.725	259.325	173.455	121.337	90.3744
0.5195	1.78024	453.856	375.628	253.673	169.438	118.452	88.1685
0.5195	1.88496	439.405	363.604	245.54	163.835	114.607	85.3795
0.5195	1.98968	420.518	347.768	234.838	156.615	109.819	81.6099
0.5195	2.0944	398.079	329.03	222.205	148.049	104.084	76.9613
0.5195	2.19911	372.746	307.959	208.135	138.64	97.3213	72.0481
0.5195	2.30383	344.35	285.166	192.614	128.657	90.1252	67.0099
0.5195	2.40855	314.497	260.345	175.987	118.015	82.7939	61.9662
0.5195	2.51327	283.958	234.933	159.092	106.776	75.4856	56.9969
0.5195	2.61799	253.054	209.583	142.308	95.6794	68.3304	51.4156
0.5195	2.72271	222.099	184.605	125.77	84.9213	60.8734	46.082
0.5195	2.82743	192.461	159.843	109.233	74.6607	53.5727	41.0354
0.5195	2.93215	164.442	136.585	93.7024	64.5237	46.7235	36.2955
0.5195	3.03687	137.684	115.156	79.365	54.9119	40.3662	31.8676
0.5195	3.14159	113.565	95.2228	66.3509	46.1493	34.523	27.7495
0.528	-3.14159	112.193	93.6439	64.9496	45.7106	33.7608	26.6843
0.528	-3.03687	90.6116	76.3167	53.192	37.8949	28.3403	22.7869
0.528	-2.93215	71.9386	60.7961	42.9163	30.8504	23.5183	19.2693
0.528	-2.82743	56.1747	47.2306	34.086	24.7401	19.2466	16.0725
0.528	-2.72271	42.2545	35.795	26.4988	19.3763	15.4094	13.1241
0.528	-2.61799	30.7901	26.4495	19.8184	14.8447	12.0868	10.5026
0.528	-2.51327	21.7912	19.0567	14.4106	11.0914	9.25869	8.20878
0.528	-2.40855	14.9836	13.4038	10.1499	8.05407	6.90135	6.2427
0.528	-2.30383	10.061	8.90808	6.89926	5.66466	4.98809	4.60241
0.528	-2.19911	6.36495	5.60182	4.51661	3.85227	3.48939	3.28295
0.528	-2.0944	3.74438	3.37957	2.86176	2.54585	2.37376	2.27605
0.528	-1.98968	2.15441	2.00891	1.80269	1.67724	1.60906	1.57041
0.528	-1.88496	1.28026	1.23661	1.17482	1.1373	1.11695	1.10543
0.528	-1.78024	0.518805	0.51135	0.500794	0.494399	0.490935	0.488975
0.528	-1.67552	0.123085	0.122815	0.122435	0.122204	0.122079	0.122009
0.528	-1.5708	0	0	0	0	0	0
0.528	-1.46608	0.128232	0.126854	0.124907	0.123728	0.123089	0.122728
0.528	-1.36136	0.559925	0.543683	0.520706	0.506772	0.499221	0.494946
0.528	-1.25664	1.41874	1.34585	1.24262	1.17991	1.14587	1.12659
0.528	-1.15192	2.46397	2.25288	1.95356	1.77128	1.67214	1.6159
0.528	-1.0472	4.35492	3.8638	3.16624	2.74013	2.5078	2.37578
0.528	-0.942478	7.42369	6.44718	5.05744	4.20545	3.7395	3.47424
0.528	-0.837758	11.9434	10.258	7.77841	6.25196	5.41433	4.93641
0.528	-0.733038	17.6924	15.5629	11.4879	8.96786	7.5798	6.78589
0.528	-0.628319	25.5254	22.2269	16.3442	12.4405	10.2815	9.0434
0.528	-0.523599	35.7545	30.6552	22.497	16.7518	13.5608	11.7256
0.528	-0.418879	48.6498	41.2151	30.0784	21.9741	17.4525	14.8446
0.528	-0.314159	64.3051	53.9908	39.0932	28.1365	21.9731	18.4071
0.528	-0.20944	81.8721	69.1081	49.0796	35.191	27.0175	22.2753
0.528	-0.10472	102.442	86.5078	60.6517	43.3144	32.7666	26.6286
0.528	1.11022e-16	125.983	105.547	73.789	52.4935	39.2087	31.4559
0.528	0.10472	151.863	126.837	88.4157	62.165	46.3132	36.7351
0.528	0.20944	179.448	150.157	104.395	72.5089	54.0268	42.4316
0.528	0.314159	209.117	174.72	120.848	83.5651	61.7703	48.495
0.528	0.418879	240.151	199.855	137.818	95.1388	69.5566	54.4945
0.528	0.523599	270.871	225.578	155.135	106.896	77.4155	60.024
0.528	0.628319	301.828	251.476	172.561	117.982	85.2999	65.55
0.528	0.733038	332.272	275.972	189.079	128.668	93.0376	70.9599
0.528	0.837758	360.546	299.305	204.52	138.883	99.7794	76.1238
0.528	0.942478	386.607	320.956	218.839	148.344	105.816	80.6074
0.528	1.0472	409.901	340.298	231.616	156.772	111.171	84.1186
0.528	1.15192	429.727	356.362	242.463	163.3	115.674	87.0441
0.528	1.25664	445.229	368.685	250.69	168.383	119.176	89.2822
0.528	1.36136	455.441	376.979	255.802	171.399	121.107	90.3389
0.528	1.46608	460.887	381.327	258.321	172.707	121.773	90.4828
0.528	1.5708	461.395	381.589	258.166	172.28	121.209	89.795
0.528	1.67552	456.957	377.769	255.353	170.143	119.445	88.3093
0.528	1.78024	447.729	370.005	249.99	166.385	116.559	86.0956
0.528	1.88496	433.408	358.164	242.061	161.061	112.636	83.2532
0.528	1.98968	414.625	342.953	231.422	154.07	107.427	79.4515
0.528	2.0944	392.287	324.525	218.756	145.908	101.57	75.2765
0.528	2.19911	367.069	303.485	204.628	136.377	95.2497	70.8819
0.528	2.30383	339.699	280.703	189.447	126.247	88.6432	65.8498
0.528	2.40855	310.625	256.801	173.618	115.783	81.7062	60.5753
0.528	2.51327	280.095	232.211	157.149	105.228	74.1724	55.3815
0.528	2.61799	249.526	206.779	140.209	94.6844	66.7888	50.345
0.528	2.72271	219.555	181.781	123.686	83.7126	59.6638	45.5166
0.528	2.82743	189.829	157.872	107.768	73.1554	52.8608	40.7019
0.528	2.93215	161.813	134.868	92.7392	63.2195	46.3659	35.64
0.528	3.03687	136.058	113.211	78.1584	54.0514	39.7804	30.9672
0.528	3.14159	112.193	93.6439	64.9496	45.7106	33.7608	26.6843
0.5365	-3.14159	111.888	93.9501	65.6245	45.8824	34.4329	27.7637
0.5365	-3.03687	91.144	76.3338	54.1017	38.2255	29.2725	24.0726
0.5365	-2.93215	72.447	61.0086	43.5968	31.4566	24.6418	20.4992
0.5365	-2.82743	56.286	47.971	34.5693	25.5666	20.5363	17.273
0.5365	-2.72271	42.9259	37.1503	26.9718	20.5305	16.9476	14.4447
0.5365	-2.61799	32.207	27.8223	20.7266	16.31	13.8029	12.0083
0.5365	-2.51327	23.5878	20.3258	15.6577	12.7667	11.1374	9.90257
0.5365	-2.40855	16.3396	14.3365	11.4775	9.71534	8.73226	7.92173
0.5365	-2.30383	10.9921	9.86564	8.26173	7.27753	6.73887	6.27044
0.5365	-2.19911	7.2319	6.67236	5.87735	5.39142	5.12633	4.93834
0.5365	-2.0944	4.74716	4.51794	4.19286	3.99484	3.88712	3.82599
0.5365	-1.98968	3.24348	3.17769	3.08453	3.02794	2.99722	2.97982
0.5365	-1.88496	2.45895	2.45196	2.44207	2.43607	2.43282	2.43098
0.5365	-1.78024	2.17735	2.17591	2.17386	2.17263	2.17195	2.17157
0.5365	-1.67552	1.83771	1.82606	1.80958	1.79962	1.79423	1.79118
0.5365	-1.5708	1.65755	1.64206	1.62019	1.60697	1.59982	1.59577
0.5365	-1.46608	1.69997	1.69234	1.68155	1.67503	1.6715	1.6695
0.5365	-1.36136	2.01675	2.01674	2.01673	2.01672	2.01671	2.0167
0.5365	-1.25664	2.72955	2.70846	2.67862	2.66052	2.6507	2.64514
0.5365	-1.15192	4.02445	3.91007	3.74801	3.64946	3.56293	3.45192
0.5365	-1.0472	5.8623	5.53104	5.06095	4.77424	4.45483	4.24664
0.5365	-0.942478	8.66581	7.92175	6.86373	6.20442	5.55887	5.19093
0.5365	-0.837758	12.9215	11.4995	9.47282	8.18643	7.11806	6.50783
0.5365	-0.733038	18.9621	16.5232	13.0387	10.8595	9.18583	8.22758
0.5365	-0.628319	27.1153	23.2495	17.7113	14.2748	11.8137	10.3777
0.5365	-0.523599	37.271	31.9183	23.6322	18.4637	15.0489	12.9817
0.5365	-0.418879	49.5801	42.7385	30.9262	23.5179	18.9316	16.0581
0.5365	-0.314159	64.6859	55.1737	39.693	29.4882	23.4931	19.6194
0.5365	-0.20944	82.719	69.8339	49.9988	36.4075	28.7528	23.6715
0.5365	-0.10472	103.444	86.8641	61.8682	44.2862	34.3527	28.2123
0.5365	1.11022e-16	126.138	106.221	75.0297	53.1081	40.5267	33.1895
0.5365	0.10472	151.511	127.366	89.0518	62.8254	47.2541	38.1482
0.5365	0.20944	179.284	149.752	104.314	73.3551	54.4832	43.4185
0.5365	0.314159	208.018	173.745	120.623	84.3297	62.1395	48.954
0.5365	0.418879	237.993	198.945	137.724	95.1884	70.1228	54.6922
0.5365	0.523599	268.863	224.058	154.545	106.322	78.0333	60.5517
0.5365	0.628319	299.329	248.996	171.206	117.509	85.3705	66.3888
0.5365	0.733038	328.719	273.517	187.582	128.498	92.5591	71.3015
0.5365	0.837758	356.865	296.99	203.254	138.488	99.4247	75.9799
0.5365	0.942478	382.994	317.956	217.448	147.403	105.782	80.3004
0.5365	1.0472	405.789	336.593	229.654	155.347	111.33	84.1345
0.5365	1.15192	424.703	352.253	239.9	162.004	115.447	87.3348
0.5365	1.25664	439.41	364.329	247.605	166.81	118.199	89.3415
0.5365	1.36136	449.695	372.73	252.87	169.999	119.911	90.1667
0.5365	1.46608	455.23	377.185	255.524	171.462	120.521	90.2649
0.5365	1.5708	455.843	377.557	255.485	171.156	120.013	89.636
0.5365	1.67552	451.487	373.846	252.767	169.105	118.417	88.3133
0.5365	1.78024	441.853	365.71	247.169	165.192	115.693	86.3018
0.5365	1.88496	427.776	353.86	238.997	159.468	111.681	83.2309
0.5365	1.98968	409.709	338.737	228.738	152.448	106.925	79.3286
0.5365	2.0944	388.218	320.816	216.723	144.364	101.586	75.0319
0.5365	2.19911	363.514	300.64	203.319	135.463	95.1284	70.4796
0.5365	2.30383	336.227	278.558	188.3	126.001	88.3529	65.7999
0.5365	2.40855	307.361	254.573	172.373	115.825	81.4329	61.102
0.5365	2.51327	277.711	229.856	155.977	104.981	74.4982	56.4717
0.5365	2.61799	247.406	205.222	139.622	94.1174	67.4602	50.9958
0.5365	2.72271	217.352	180.788	123.467	83.6014	60.1968	45.7262
0.5365	2.82743	188.592	156.719	107.352	73.5853	53.0348	40.7554
0.5365	2.93215	161.351	134.12	92.2291	63.7932	46.3301	36.1021
0.5365	3.03687	135.357	113.307	78.2778	54.4166	40.122	31.7721
0.5365	3.14159	111.888	93.9501	65.6245	45.8824	34.4329	27.7637
0.545	-3.14159	116.202	97.9059	69.9973	50.9444	39.6545	32.6192
0.545	-3.03687	95.1055	80.9689	58.4818	43.6167	34.3319	28.7904
0.545	-2.93215	76.7948	66.209	48.3729	36.9129	29.5636	25.3045
0.545	-2.82743	61.2752	52.8173	39.6619	30.856	25.3437	22.1586
0.545	-2.72271	48.1202	41.6338	32.3055	25.6694	21.6612	19.3519
0.545	-2.61799	36.9329	32.5359	26.2312	21.3131	18.5009	16.8852
0.545	-2.51327	28.1605	25.3551	21.162	17.7362	15.8441	14.7599
0.545	-2.40855	21.5409	19.8884	17.0806	14.8798	13.6689	12.9768
0.545	-2.30383	16.7807	15.9105	14.0086	12.679	11.9499	11.5342
0.545	-2.19911	13.2758	12.7807	11.5591	10.8108	10.4018	10.1691
0.545	-2.0944	10.7428	10.3051	9.68347	9.30395	9.0971	8.9796
0.545	-1.98968	8.86762	8.67152	8.39349	8.22421	8.13216	8.07994
0.545	-1.88496	7.75881	7.68448	7.57921	7.51525	7.48053	7.46087
0.545	-1.78024	7.20603	7.18264	7.14956	7.12949	7.11861	7.11245
0.545	-1.67552	7.05438	7.04717	7.03696	7.03077	7.02742	7.02553
0.545	-1.5708	7.16064	7.15604	7.14953	7.14558	7.14345	7.14224
0.545	-1.46608	7.10889	7.09801	7.08261	7.07328	7.06822	7.06536
0.545	-1.36136	7.39539	7.35809	7.30531	7.27327	7.2559	7.24605
0.545	-1.25664	8.141	8.02994	7.87259	7.77692	7.72495	7.6955
0.545	-1.15192	9.52963	9.25587	8.86751	8.63081	8.50199	8.42888
0.545	-1.0472	11.7996	11.2206	10.3978	9.89478	9.62035	9.46436
0.545	-0.942478	15.0159	14.1423	12.5909	11.6392	11.1184	10.8218
0.545	-0.837758	19.0298	17.8904	15.3203	13.685	12.7871	12.2747
0.545	-0.733038	24.6779	22.6156	18.912	16.271	14.8158	13.9832
0.545	-0.628319	32.3773	28.9919	23.6417	19.6132	17.3844	16.1061
0.545	-0.523599	42.4267	37.2526	29.6525	23.7895	20.5322	18.6588
0.545	-0.418879	55.0836	47.6009	36.8266	28.8683	24.2918	21.6519
0.545	-0.314159	69.9721	60.1956	45.2444	34.9036	28.6873	25.0912
0.545	-0.20944	87.2644	75.1385	55.1404	41.9303	33.7327	28.9762
0.545	-0.10472	107.449	91.6728	66.5367	49.9602	39.4288	33.3005
0.545	1.11022e-16	130.466	110.288	79.4087	58.4595	45.7615	38.0499
0.545	0.10472	155.262	131.034	93.6786	67.7332	52.6982	43.2005
0.545	0.20944	182.033	153.693	108.981	77.766	59.7887	48.7169
0.545	0.314159	210.764	177.102	124.61	88.4421	66.9973	54.4019
0.545	0.418879	240.547	201.378	140.997	99.6077	74.4945	59.7122
0.545	0.523599	270.347	226.363	157.84	110.843	82.1633	65.1147
0.545	0.628319	300.374	251.495	174.789	121.44	89.8619	70.5199
0.545	0.733038	329.906	275.127	190.575	131.844	97.256	75.8206
0.545	0.837758	357.306	297.762	205.579	141.799	103.642	80.8932
0.545	0.942478	382.533	318.761	219.508	151.037	109.556	84.9753
0.545	1.0472	404.665	337.096	231.527	158.761	114.451	88.0972
0.545	1.15192	423.429	352.305	241.649	164.673	118.458	90.5796
0.545	1.25664	438.247	363.981	249.268	169.224	121.494	92.3952
0.545	1.36136	448.447	372.131	254.346	172.265	123.452	93.477
0.545	1.46608	453.869	376.497	256.945	173.698	124.268	93.7865
0.545	1.5708	454.317	376.785	256.969	173.481	123.921	93.3194
0.545	1.67552	449.697	372.767	253.937	171.171	122.004	91.7225
0.545	1.78024	440.491	364.975	248.477	167.266	118.94	89.3139
0.545	1.88496	426.675	353.671	240.777	161.968	114.939	86.3288
0.545	1.98968	408.761	339.223	230.743	155.462	110.148	82.8826
0.545	2.0944	387.412	321.565	218.736	147.961	104.732	79.0984
0.545	2.19911	363.019	301.283	205.306	138.982	98.8615	75.0971
0.545	2.30383	336.429	279.108	190.476	129.116	92.5122	70.5521
0.545	2.40855	308.101	255.875	175.042	118.86	85.8774	65.3075
0.545	2.51327	278.46	232.026	159.15	108.533	78.5161	60.1602
0.545	2.61799	248.854	207.308	142.642	98.343	71.2591	55.1823
0.545	2.72271	219.931	183.162	126.564	87.8118	64.2679	50.4218
0.545	2.82743	191.301	160.046	111.193	77.5818	57.619	45.9057
0.545	2.93215	164.139	138.037	96.7532	67.9729	51.3653	41.3204
0.545	3.03687	139.127	116.978	82.8866	59.0741	45.5304	36.7949
0.545	3.14159	116.202	97.9059	69.9973	50.9444	39.6545	32.6192
0.5535	-3.14159	127.433	110.267	82.4067	63.7027	52.3015	45.6607
0.5535	-3.03687	107.143	93.2389	71.3493	56.1773	47.2257	42.0267
0.5535	-2.93215	89.5467	78.1559	61.6163	49.4805	42.6324	38.6666
0.5535	-2.82743	73.6212	65.257	52.7097	43.6064	38.519	35.5816
0.5535	-2.72271	60.3347	54.4785	45.1005	38.5334	34.8798	32.7763
0.5535	-2.61799	49.586	45.7018	38.7803	34.228	31.7062	30.2585
0.5535	-2.51327	41.1652	38.509	33.6544	30.6466	28.9874	28.0374
0.5535	-2.40855	34.7747	32.6479	29.6113	27.7387	26.7097	26.122
0.5535	-2.30383	29.5229	28.2878	26.5285	25.4483	24.8568	24.5198
0.5535	-2.19911	25.8453	25.1984	24.2789	23.7165	23.4095	23.235
0.5535	-2.0944	23.4433	23.1511	22.7366	22.4838	22.3463	22.2682
0.5535	-1.98968	21.9293	21.8243	21.6756	21.5852	21.536	21.5082
0.5535	-1.88496	20.799	20.7752	20.7416	20.7212	20.7101	20.7038
0.5535	-1.78024	20.1869	20.1857	20.184	20.1829	20.1824	20.1821
0.5535	-1.67552	19.9432	19.9421	19.9406	19.9396	19.9391	19.9388
0.5535	-1.5708	19.9802	19.9779	19.9745	19.9725	19.9714	19.9708
0.5535	-1.46608	20.2772	20.2771	20.2769	20.2768	20.2767	20.2766
0.5535	-1.36136	20.8286	20.823	20.8151	20.8103	20.8077	20.8062
0.5535	-1.25664	21.371	21.3249	21.2597	21.2201	21.1986	21.1864
0.5535	-1.15192	22.5256	22.3621	22.1304	21.9893	21.9127	21.8692
0.5535	-1.0472	24.5264	24.1147	23.5302	23.1734	22.979	22.8686
0.5535	-0.942478	27.6494	26.7955	25.5809	24.8368	24.4302	24.1988
0.5535	-0.837758	32.1982	30.6395	28.4172	27.0504	26.3009	25.8734
0.5535	-0.733038	38.4887	35.8919	32.1805	29.8876	28.6255	27.904
0.5535	-0.628319	46.1497	42.7941	37.0116	33.4208	31.4366	30.2993
0.5535	-0.523599	55.6711	51.0555	42.7885	37.4863	34.5441	32.8532
0.5535	-0.418879	67.7322	60.9287	49.8963	42.3702	38.1754	35.7577
0.5535	-0.314159	82.5287	72.9846	58.4575	48.1667	42.4051	39.0745
0.5535	-0.20944	100.16	87.3223	68.5334	54.9059	47.2415	42.7977
0.5535	-0.10472	119.539	103.973	79.6371	62.5961	52.6815	46.9163
0.5535	1.11022e-16	141.684	122.696	91.989	71.2193	58.7088	51.4134
0.5535	0.10472	166.431	142.658	105.683	80.7271	65.2907	56.2646
0.5535	0.20944	193.047	164.481	120.588	90.6397	72.3754	61.4358
0.5535	0.314159	220.762	187.863	136.516	100.805	79.8892	66.8804
0.5535	0.418879	249.92	212.106	152.674	111.426	87.3792	72.5367
0.5535	0.523599	279.945	236.191	168.821	122.324	94.5765	78.2214
0.5535	0.628319	309.051	260.452	185.074	133.283	101.793	83.1994
0.5535	0.733038	337.438	284.144	200.879	143.516	108.693	87.8888
0.5535	0.837758	364.408	306.295	215.789	152.605	115.128	92.2046
0.5535	0.942478	389.393	326.172	228.745	160.979	121.001	96.1493
0.5535	1.0472	410.826	343.887	240.263	168.394	125.507	99.6051
0.5535	1.15192	429.019	358.909	249.994	174.623	129.247	102.33
0.5535	1.25664	443.417	370.774	257.635	179.468	132.1	103.988
0.5535	1.36136	453.482	379.075	262.943	182.772	133.972	105.001
0.5535	1.46608	458.508	383.069	265.273	184.019	134.457	105.028
0.5535	1.5708	458.801	383.138	264.96	183.433	133.707	104.166
0.5535	1.67552	454.361	379.289	262.083	181.229	131.929	102.657
0.5535	1.78024	445.339	371.658	256.748	177.423	129.194	100.566
0.5535	1.88496	432.036	360.5	249.144	172.181	125.612	97.9789
0.5535	1.98968	414.538	345.917	239.42	165.672	121.314	94.9985
0.5535	2.0944	393.627	328.442	227.652	157.695	116.08	90.7478
0.5535	2.19911	369.811	308.815	214.565	148.951	110.24	86.2009
0.5535	2.30383	343.315	287.595	200.363	139.684	103.554	81.5492
0.5535	2.40855	315.462	264.452	184.843	130.125	96.7449	76.8961
0.5535	2.51327	286.964	240.706	169.063	119.832	89.9523	72.3224
0.5535	2.61799	258.208	217.003	153.372	109.452	83.2921	67.8852
0.5535	2.72271	229.187	193.845	138.075	99.3708	76.8538	62.9672
0.5535	2.82743	201.372	170.74	122.984	89.7352	70.3509	58.2261
0.5535	2.93215	175.249	148.825	108.324	80.6575	63.8808	53.7585
0.5535	3.03687	150.32	128.593	94.7568	72.0442	57.8568	49.5703
0.5535	3.14159	127.433	110.267	82.4067	63.7027	52.3015	45.6607
0.562	-3.14159	150.04	132.703	106.315	87.3843	76.6736	70.4397
0.562	-3.03687	130.209	116.169	95.0544	80.222	71.8676	66.7938
0.562	-2.93215	112.31	101.772	85.1648	73.8592	67.5201	63.3938
0.562	-2.82743	97.1186	89.513	76.6407	68.2915	63.5742	60.3408
0.562	-2.72271	84.5594	78.9489	69.4426	63.501	60.0005	57.6346
0.562	-2.61799	74.4843	70.0076	63.5027	59.4584	56.9514	55.2762
0.562	-2.51327	65.8882	62.9433	58.718	56.0978	54.4096	53.2674
0.562	-2.40855	59.038	57.2467	54.6913	53.1179	52.0737	51.3247
0.562	-2.30383	53.9605	52.9762	51.5754	50.7166	50.1309	49.6668
0.562	-2.19911	50.39	49.9198	49.2521	48.8443	48.5892	48.3186
0.562	-2.0944	48.0357	47.8572	47.6042	47.4502	47.3664	47.2758
0.562	-1.98968	46.6232	46.581	46.5214	46.4851	46.4655	46.4543
0.562	-1.88496	45.9082	45.9068	45.9049	45.9038	45.9031	45.9027
0.562	-1.78024	45.6888	45.6821	45.6726	45.6668	45.6637	45.6619
0.562	-1.67552	45.4152	45.3926	45.3608	45.3416	45.3312	45.3253
0.562	-1.5708	45.3053	45.2779	45.2392	45.2158	45.2032	45.196
0.562	-1.46608	45.4289	45.4124	45.389	45.3749	45.3673	45.363
0.562	-1.36136	45.8344	45.8329	45.8307	45.8293	45.8286	45.8281
0.562	-1.25664	46.6355	46.6253	46.611	46.6022	46.5975	46.5902
0.562	-1.15192	48.0058	47.9214	47.8018	47.7292	47.6001	47.5009
0.562	-1.0472	49.8335	49.5595	49.1708	48.9339	48.6083	48.4186
0.562	-0.942478	52.6303	51.9818	51.0602	50.4491	49.853	49.5134
0.562	-0.837758	56.8094	55.5347	53.7189	52.5293	51.5342	50.966
0.562	-0.733038	62.6808	60.457	57.2813	55.2616	53.6936	52.7962
0.562	-0.628319	70.5493	66.9849	61.8812	58.7173	56.3708	55.0206
0.562	-0.523599	80.5915	75.3386	67.644	62.8494	59.6016	57.6524
0.562	-0.418879	92.3037	85.7088	74.6796	67.7702	63.4154	60.7003
0.562	-0.314159	106.638	97.837	83.0745	73.5195	67.8334	64.168
0.562	-0.20944	123.714	111.726	92.884	80.1205	72.8669	68.0535
0.562	-0.10472	143.562	127.817	104.125	87.5768	78.2377	72.3487
0.562	1.11022e-16	165.179	146.062	116.769	95.8677	84.0193	77.0377
0.562	0.10472	189.005	166.333	129.99	104.945	90.2612	81.6811
0.562	0.20944	215.056	187.451	144.235	114.727	96.913	86.4767
0.562	0.314159	242.733	209.868	159.409	125.101	103.905	91.4585
0.562	0.418879	270.706	233.376	175.276	135.237	111.147	96.5711
0.562	0.523599	299.488	257.522	191.487	145.394	118.523	101.744
0.562	0.628319	328.442	280.724	206.812	155.558	125.294	106.891
0.562	0.733038	356.201	303.435	221.838	165.503	131.64	111.626
0.562	0.837758	382.298	325.146	236.186	174.984	137.664	115.579
0.562	0.942478	406.499	345.266	249.468	183.271	143.21	119.196
0.562	1.0472	428.108	362.793	261.264	190.33	148.118	122.374
0.562	1.15192	446.365	377.291	270.638	196.282	152.239	125.016
0.562	1.25664	460	388.306	277.533	200.467	154.775	126.595
0.562	1.36136	469.382	395.921	282.197	203.177	156.092	127.423
0.562	1.46608	474.364	399.893	284.479	204.342	156.456	127.512
0.562	1.5708	474.792	400.101	284.312	203.929	155.86	126.863
0.562	1.67552	470.661	396.549	281.711	201.964	154.335	125.51
0.562	1.78024	461.684	389	276.553	198.382	151.888	123.443
0.562	1.88496	448.501	377.918	268.956	193.102	148.237	120.396
0.562	1.98968	431.272	363.827	259.47	186.677	143.494	116.922
0.562	2.0944	410.523	347.167	248.195	179.311	138.128	113.14
0.562	2.19911	387.101	327.788	235.103	171.224	132.339	109.164
0.562	2.30383	361.675	306.612	221.025	162.104	126.284	105.097
0.562	2.40855	334.857	284.352	206.332	152.41	120.106	101.025
0.562	2.51327	306.411	261.351	191.199	142.489	113.888	96.2917
0.562	2.61799	277.691	238.077	175.912	132.539	107.155	91.3765
0.562	2.72271	249.636	214.613	160.249	122.894	100.292	86.6819
0.562	2.82743	222.749	192.146	145.272	113.434	93.7698	82.2341
0.562	2.93215	196.339	171.046	131.199	104.036	87.6394	78.0442
0.562	3.03687	172.007	151.306	118.195	95.3334	81.9342	74.1137
0.562	3.14159	150.04	132.703	106.315	87.3843	76.6736	70.4397
0.5705	-3.14159	188.67	171.659	145.688	127.844	117.542	110.906
0.5705	-3.03687	168.848	155.76	134.867	120.979	112.564	107.343
0.5705	-2.93215	151.631	141.909	125.333	114.836	108.066	104.058
0.5705	-2.82743	137.025	129.302	117.083	109.228	104.047	101.054
0.5705	-2.72271	124.695	118.699	110.081	104.261	100.501	98.336
0.5705	-2.61799	114.08	110.046	104.264	100.053	97.4219	95.9113
0.5705	-2.51327	105.737	103.189	99.5491	96.5624	94.7991	93.7892
0.5705	-2.40855	99.4211	97.9442	95.7839	93.7426	92.6201	91.9788
0.5705	-2.30383	94.8611	94.1031	92.764	91.5402	90.8695	90.4872
0.5705	-2.19911	91.77	91.4499	90.5758	89.8989	89.5291	89.3188
0.5705	-2.0944	89.6253	89.4782	88.9231	88.5843	88.3997	88.2949
0.5705	-1.98968	88.009	87.8394	87.5989	87.4526	87.373	87.3279
0.5705	-1.88496	86.8947	86.8342	86.7485	86.6965	86.6682	86.6522
0.5705	-1.78024	86.331	86.3143	86.2905	86.2761	86.2683	86.2639
0.5705	-1.67552	86.1744	86.1703	86.1646	86.1611	86.1592	86.1581
0.5705	-1.5708	86.3403	86.3379	86.3344	86.3324	86.3312	86.3306
0.5705	-1.46608	86.6899	86.6829	86.673	86.667	86.6637	86.6619
0.5705	-1.36136	87.0066	86.9772	86.9357	86.9105	86.8968	86.8891
0.5705	-1.25664	87.7872	87.6917	87.5564	87.4742	87.4295	87.4042
0.5705	-1.15192	89.2041	88.9585	88.6102	88.398	88.2825	88.217
0.5705	-1.0472	91.2524	90.9488	90.1943	89.7332	89.4817	89.3388
0.5705	-0.942478	94.1389	93.6599	92.4236	91.5401	91.0567	90.7815
0.5705	-0.837758	98.3389	97.3079	95.4257	93.8846	93.0389	92.5564
0.5705	-0.733038	103.838	101.956	99.0755	96.5925	95.2251	94.443
0.5705	-0.628319	111.226	108.102	103.632	99.8966	97.7951	96.5902
0.5705	-0.523599	120.837	116.025	109.122	103.978	100.9	99.1301
0.5705	-0.418879	132.907	125.912	115.845	108.895	104.562	102.065
0.5705	-0.314159	146.73	137.905	123.883	114.689	108.798	105.392
0.5705	-0.20944	163.08	151.966	133.286	121.388	113.613	109.104
0.5705	-0.10472	182.139	167.407	144.07	128.527	119.003	113.19
0.5705	1.11022e-16	203.847	184.945	156.207	136.456	124.948	117.632
0.5705	0.10472	227.108	204.458	169.619	145.128	131.201	122.402
0.5705	0.20944	252.218	225.736	183.712	154.466	137.502	127.467
0.5705	0.314159	279.145	247.632	198.275	164.361	144.11	132.225
0.5705	0.418879	307.252	270.298	213.506	174.67	150.942	136.986
0.5705	0.523599	335.056	293.598	229.128	184.879	157.891	141.788
0.5705	0.628319	363.053	317.027	244.817	194.551	164.834	146.559
0.5705	0.733038	390.57	339.256	259.498	204.017	171.456	151.205
0.5705	0.837758	416.573	360.24	273.288	213.05	177.112	155.626
0.5705	0.942478	439.693	379.376	285.753	221.095	182.028	158.896
0.5705	1.0472	460.19	396.308	296.716	228.11	186.232	161.413
0.5705	1.15192	477.55	410.625	305.94	233.58	189.685	163.424
0.5705	1.25664	491.242	421.729	313.139	237.599	192.276	164.864
0.5705	1.36136	500.837	429.197	317.998	240.263	193.92	165.681
0.5705	1.46608	506.006	433.175	320.321	241.49	194.566	165.852
0.5705	1.5708	506.089	433.059	319.949	240.938	193.903	165.123
0.5705	1.67552	501.623	429.275	317.107	238.724	192.029	163.514
0.5705	1.78024	492.757	422.021	312.004	235.15	189.246	161.357
0.5705	1.88496	479.783	411.506	304.527	230.344	185.66	158.738
0.5705	1.98968	463.115	397.564	295.124	224.468	181.398	155.755
0.5705	2.0944	443.063	380.88	284.092	217.272	176.602	152.508
0.5705	2.19911	420.23	361.826	271.348	208.785	171.163	148.897
0.5705	2.30383	395.439	341.245	257.697	199.728	165.347	144.497
0.5705	2.40855	368.439	319.687	243.491	190.398	159.336	139.897
0.5705	2.51327	340.821	297.045	228.518	180.997	152.667	135.382
0.5705	2.61799	313.239	274.033	213.246	171.707	146.133	131.006
0.5705	2.72271	286.123	251.546	198.355	161.969	139.818	126.803
0.5705	2.82743	259.103	230.009	184.098	152.549	133.788	122.789
0.5705	2.93215	233.712	209.257	170.68	143.672	128.084	118.876
0.5705	3.03687	210.324	189.538	157.764	135.419	122.736	114.75
0.5705	3.14159	188.67	171.659	145.688	127.844	117.542	110.906
0.579	-3.14159	247.336	231.451	206.086	189.363	178.749	172.508
0.579	-3.03687	228.36	216.14	195.745	182.44	174.031	169.15
0.579	-2.93215	211.939	202.015	186.656	176.195	169.769	166.05
0.579	-2.82743	197.703	189.963	178.815	170.731	165.965	163.215
0.579	-2.72271	185.314	179.926	172.179	166.034	162.617	160.652
0.579	-2.61799	175.287	171.721	166.299	162.03	159.667	158.311
0.579	-2.51327	167.238	165.057	161.311	158.5	156.95	156.063
0.579	-2.40855	161.133	159.93	157.333	155.591	154.634	154.088
0.579	-2.30383	156.709	155.883	154.257	153.259	152.713	152.402
0.579	-2.19911	153.402	152.81	151.97	151.457	151.176	151.017
0.579	-2.0944	150.995	150.733	150.362	150.135	150.012	149.942
0.579	-1.98968	149.542	149.453	149.326	149.248	149.206	149.183
0.579	-1.88496	148.811	148.793	148.767	148.752	148.743	148.738
0.579	-1.78024	148.355	148.354	148.354	148.354	148.353	148.353
0.579	-1.67552	148.044	148.042	148.039	148.037	148.036	148.035
0.579	-1.5708	148.029	148.025	148.019	148.016	148.014	148.013
0.579	-1.46608	148.29	148.289	148.288	148.288	148.287	148.287
0.579	-1.36136	148.873	148.869	148.864	148.86	148.858	148.857
0.579	-1.25664	149.887	149.847	149.789	149.755	149.736	149.725
0.579	-1.15192	151.217	151.07	150.861	150.734	150.665	150.626
0.579	-1.0472	153.18	152.8	152.261	151.931	151.752	151.65
0.579	-0.942478	156.229	155.432	154.297	153.603	153.223	153.007
0.579	-0.837758	160.244	159.183	157.093	155.809	155.105	154.703
0.579	-0.733038	165.624	164.041	160.775	158.612	157.421	156.741
0.579	-0.628319	172.864	170.13	165.47	162.073	160.197	159.122
0.579	-0.523599	182.23	177.912	171.296	166.249	163.45	161.842
0.579	-0.418879	193.954	187.563	178.355	171.188	167.196	164.896
0.579	-0.314159	208.103	199.141	186.216	176.926	171.442	168.273
0.579	-0.20944	223.833	212.739	195.222	183.35	176.075	171.86
0.579	-0.10472	242.116	228.362	205.562	190.632	181.218	175.748
0.579	1.11022e-16	262.989	245.21	217.207	198.574	186.88	179.957
0.579	0.10472	286.295	263.983	230.083	206.861	193.027	184.461
0.579	0.20944	310.608	284.481	244.064	215.778	199.608	189.225
0.579	0.314159	336.586	306.417	258.54	225.221	205.895	194.207
0.579	0.418879	363.9	328.467	273.144	234.995	212.27	198.912
0.579	0.523599	391.535	350.749	287.93	244.839	218.615	203.17
0.579	0.628319	418.316	373.094	302.737	254.482	224.901	207.341
0.579	0.733038	444.608	394.999	317.223	263.193	230.998	211.35
0.579	0.837758	469.727	415.299	330.539	271.455	236.763	215.11
0.579	0.942478	492.932	433.725	342.448	279.051	241.423	218.526
0.579	1.0472	512.825	450.138	353.025	285.766	245.39	221.472
0.579	1.15192	529.713	464.052	361.956	291.399	248.674	223.347
0.579	1.25664	542.887	474.876	368.865	295.706	251.145	224.717
0.579	1.36136	551.763	482.059	373.215	298.18	252.281	225.049
0.579	1.46608	556.404	485.733	375.271	299	252.499	224.809
0.579	1.5708	556.664	485.785	374.971	298.421	251.799	224.006
0.579	1.67552	552.543	482.224	372.335	296.502	250.211	222.678
0.579	1.78024	544.15	475.174	367.462	293.183	247.802	220.883
0.579	1.88496	531.317	464.382	360.162	288.182	244.466	218.545
0.579	1.98968	514.954	450.682	350.904	281.869	240.239	215.57
0.579	2.0944	495.566	434.516	340.122	274.658	235.554	212.124
0.579	2.19911	473.394	416.363	328.135	266.76	230.544	208.184
0.579	2.30383	448.768	396.739	315.275	258.387	224.895	204.163
0.579	2.40855	422.882	375.395	301.122	249.744	218.833	200.143
0.579	2.51327	396.39	353.351	286.582	240.913	212.774	196.185
0.579	2.61799	369.518	331.14	272.003	231.368	206.816	192.329
0.579	2.72271	342.282	309.441	257.678	221.937	200.833	188.441
0.579	2.82743	316.214	288.099	243.983	212.933	195.117	184.142
0.579	2.93215	291.764	267.549	230.358	204.458	189.529	180.003
0.579	3.03687	268.775	248.596	217.647	196.585	183.919	176.125
0.579	3.14159	247.336	231.451	206.086	189.363	178.749	172.508
