#x	y	stats	nuenorm1_anti	nuenorm2_anti	nuenorm3_anti	nuenorm4_anti	nuenorm5_anti
0.0178175	-3.14159	249.751	213.854	160.613	126.054	106.255	94.6387
0.0178175	-3.03687	219.961	189.111	143.898	114.688	98.0156	88.2563
0.0178175	-2.93215	193.058	167.089	129.134	104.73	90.8535	82.7504
0.0178175	-2.82743	169.441	147.826	116.323	96.1633	84.7437	78.0918
0.0178175	-2.72271	149.078	131.282	105.413	88.937	79.6393	74.2366
0.0178175	-2.61799	131.852	117.344	96.31	82.974	75.4761	71.1296
0.0178175	-2.51327	117.575	105.847	88.8835	78.1754	72.1762	68.7067
0.0178175	-2.40855	106.004	96.5787	82.9776	74.4267	69.6521	66.8967
0.0178175	-2.30383	96.858	89.3013	78.4194	71.6036	67.8096	65.6244
0.0178175	-2.19911	89.836	83.7608	75.0285	69.5775	66.5514	64.8117
0.0178175	-2.0944	84.247	79.3085	72.2213	67.8099	65.3668	63.9644
0.0178175	-1.98968	80.1085	76.0275	70.1788	66.5471	64.5398	63.389
0.0178175	-1.88496	77.2222	73.7517	68.7832	65.704	64.0046	63.0313
0.0178175	-1.78024	75.3773	72.3067	67.9141	65.1953	63.6966	62.8387
0.0178175	-1.67552	74.4186	71.5642	67.4826	64.9583	63.5676	62.7719
0.0178175	-1.5708	74.2555	71.4494	67.4371	64.9561	63.5895	62.8077
0.0178175	-1.46608	74.4519	71.5375	67.3694	64.791	63.3703	62.5574
0.0178175	-1.36136	75.3695	72.1684	67.5878	64.7514	63.1873	62.2918
0.0178175	-1.25664	77.2421	73.5611	68.2893	65.0198	63.2146	62.1802
0.0178175	-1.15192	80.2589	75.8739	69.5865	65.679	63.5177	62.278
0.0178175	-1.0472	84.6635	79.3107	71.6246	66.8352	64.1804	62.6555
0.0178175	-0.942478	90.7414	84.1113	74.5746	68.6136	65.301	63.3951
0.0178175	-0.837758	98.5088	90.2689	78.3938	70.9453	66.7943	64.4017
0.0178175	-0.733038	108.491	98.2114	83.3647	74.0161	68.7894	65.7706
0.0178175	-0.628319	121.131	108.358	89.8675	78.1752	71.6156	67.8186
0.0178175	-0.523599	136.716	120.958	98.0885	83.5626	75.3838	70.6382
0.0178175	-0.418879	155.486	136.222	108.19	90.3024	80.1929	74.3127
0.0178175	-0.314159	177.613	154.306	120.298	98.495	86.1249	78.9122
0.0178175	-0.20944	203.183	175.297	134.494	108.209	93.239	84.489
0.0178175	-0.10472	232.181	199.197	150.801	119.474	101.566	91.0735
0.0178175	1.11022e-16	264.479	225.914	169.174	132.275	111.103	98.6694
0.0178175	0.10472	299.336	255.252	189.497	146.539	121.805	107.249
0.0178175	0.20944	336.307	286.901	211.569	162.14	133.586	116.748
0.0178175	0.314159	375.38	319.493	235.108	178.885	146.307	127.061
0.0178175	0.418879	415.933	353.389	259.746	196.518	159.778	138.041
0.0178175	0.523599	457.227	387.996	284.909	214.718	173.759	149.491
0.0178175	0.628319	498.432	422.611	309.474	233.108	187.956	161.172
0.0178175	0.733038	538.439	456.259	333.399	251.259	202.033	172.806
0.0178175	0.837758	576.274	488.124	356.11	267.792	215.624	184.081
0.0178175	0.942478	611.162	517.547	377.14	282.997	227.795	194.667
0.0178175	1.0472	642.183	543.736	395.894	296.58	238.28	203.61
0.0178175	1.15192	668.491	565.96	411.822	308.123	247.195	210.949
0.0178175	1.25664	689.348	583.578	424.442	317.256	254.239	216.74
0.0178175	1.36136	703.691	595.693	433.116	323.527	259.069	220.707
0.0178175	1.46608	711.402	602.088	437.477	326.468	261.158	222.286
0.0178175	1.5708	712.424	602.808	437.731	326.396	260.891	221.902
0.0178175	1.67552	706.744	597.849	433.886	323.329	258.291	219.581
0.0178175	1.78024	694.557	587.386	426.088	317.393	253.47	215.429
0.0178175	1.88496	675.687	571.348	414.422	308.777	246.622	209.621
0.0178175	1.98968	651.267	550.516	399.122	297.336	237.554	201.995
0.0178175	2.0944	622.019	525.661	381.034	283.958	226.999	193.132
0.0178175	2.19911	588.754	497.49	360.695	269.06	215.36	183.319
0.0178175	2.30383	552.353	466.763	338.676	253.078	202.915	172.368
0.0178175	2.40855	513.729	434.264	315.557	236.443	189.357	161.173
0.0178175	2.51327	473.746	400.769	291.901	219.104	175.734	150.019
0.0178175	2.61799	433.154	366.892	268.234	201.519	162.347	139.151
0.0178175	2.72271	392.997	333.394	244.706	184.435	149.453	128.769
0.0178175	2.82743	354.006	300.979	221.503	168.143	137.261	119.032
0.0178175	2.93215	316.809	270.163	199.581	152.875	125.929	110.053
0.0178175	3.03687	281.923	241.189	179.217	138.806	115.571	101.908
0.0178175	3.14159	249.751	213.854	160.613	126.054	106.255	94.6387
0.0184709	-3.14159	214.692	181.416	132.587	100.972	82.8945	72.3019
0.0184709	-3.03687	185.956	157.911	116.871	90.4297	75.3687	66.5649
0.0184709	-2.93215	160.371	137.046	103.01	81.1891	68.8086	61.5899
0.0184709	-2.82743	137.995	118.854	91.0026	73.2335	63.1921	57.3521
0.0184709	-2.72271	118.789	103.289	80.7972	66.5168	58.4786	53.8155
0.0184709	-2.61799	102.63	90.2375	72.3025	60.9685	54.6132	50.9356
0.0184709	-2.51327	89.3256	79.5319	65.3936	56.4989	51.5297	48.661
0.0184709	-2.40855	78.6289	70.9627	59.9215	53.0044	49.1534	46.9352
0.0184709	-2.30383	70.2571	64.2929	55.7216	50.3724	47.4037	45.6973
0.0184709	-2.19911	63.9043	59.2579	52.5931	48.448	46.154	44.8377
0.0184709	-2.0944	58.8339	55.1992	49.9941	46.7665	44.9847	43.964
0.0184709	-1.98968	55.1691	52.2761	48.1388	45.5798	44.1699	43.3633
0.0184709	-1.88496	52.6548	50.2802	46.8881	44.794	43.6421	42.9838
0.0184709	-1.78024	51.0801	49.0397	46.127	44.3315	43.3449	42.7814
0.0184709	-1.67552	50.29	48.4281	45.7713	44.1348	43.2362	42.7231
0.0184709	-1.5708	50.1938	48.3714	45.7713	44.17	43.2909	42.789
0.0184709	-1.46608	50.3278	48.4163	45.6884	44.0077	43.0847	42.5577
0.0184709	-1.36136	51.1126	48.9635	45.8948	44.0022	42.962	42.3677
0.0184709	-1.25664	52.7485	50.196	46.5482	44.2948	43.0546	42.3456
0.0184709	-1.15192	55.4234	52.2688	47.7552	44.9609	43.4203	42.5384
0.0184709	-1.0472	59.38	55.3822	49.6535	46.0973	44.1323	43.006
0.0184709	-0.942478	64.9028	59.7714	52.4055	47.8183	45.2769	43.8177
0.0184709	-0.837758	72.0072	65.4228	55.9524	50.0335	46.7447	44.7858
0.0184709	-0.733038	81.2225	72.7694	60.5842	52.938	48.6753	46.2129
0.0184709	-0.628319	92.9884	82.2205	66.6609	56.8549	51.3687	48.1987
0.0184709	-0.523599	107.594	94.0226	74.3606	61.9122	54.9215	50.8722
0.0184709	-0.418879	125.283	108.385	83.8384	68.223	59.4196	54.3075
0.0184709	-0.314159	146.231	125.465	95.2161	75.8789	64.9339	58.5619
0.0184709	-0.20944	170.531	145.353	108.572	84.9427	71.5152	63.6779
0.0184709	-0.10472	198.176	168.056	123.929	95.4411	79.189	69.6793
0.0184709	1.11022e-16	229.049	193.49	141.249	107.359	87.9508	76.5673
0.0184709	0.10472	262.908	221.47	160.421	120.631	97.7608	84.3163
0.0184709	0.20944	299.263	251.701	181.259	135.138	108.539	92.8695
0.0184709	0.314159	336.789	283.779	203.494	150.705	120.162	102.135
0.0184709	0.418879	375.787	316.67	226.779	167.092	132.458	111.981
0.0184709	0.523599	415.544	349.804	250.688	184.004	145.208	122.238
0.0184709	0.628319	455.25	382.972	274.728	201.09	158.149	132.692
0.0184709	0.733038	493.825	415.226	297.844	217.953	170.976	143.098
0.0184709	0.837758	530.323	445.78	319.298	234.162	183.355	153.178
0.0184709	0.942478	563.991	474	339.162	248.885	194.933	162.638
0.0184709	1.0472	593.936	499.123	356.874	261.451	204.899	170.735
0.0184709	1.15192	619.332	520.44	371.912	272.121	213.336	177.578
0.0184709	1.25664	639.464	537.335	383.818	280.552	219.884	182.936
0.0184709	1.36136	653.323	548.967	392.015	286.353	224.249	186.613
0.0184709	1.46608	660.734	555.062	396.078	288.998	226.045	188.476
0.0184709	1.5708	661.676	555.702	396.253	288.848	225.7	188.123
0.0184709	1.67552	656.139	550.886	392.55	285.922	223.239	185.901
0.0184709	1.78024	644.311	540.784	385.109	280.338	218.769	181.735
0.0184709	1.88496	626.084	525.387	374.079	272.307	212.467	175.999
0.0184709	1.98968	602.43	505.318	359.531	261.648	204.042	168.921
0.0184709	2.0944	574.122	481.397	342.358	249.165	194.175	160.764
0.0184709	2.19911	541.951	454.306	323.069	235.289	182.982	151.607
0.0184709	2.30383	506.773	424.782	302.209	220.104	170.945	141.758
0.0184709	2.40855	469.478	393.581	280.327	203.813	158.562	131.72
0.0184709	2.51327	430.951	361.452	257.957	187.315	146.139	121.741
0.0184709	2.61799	391.874	329.08	234.694	170.977	133.947	112.035
0.0184709	2.72271	353.217	297.008	211.886	155.117	122.214	102.775
0.0184709	2.82743	315.736	266.016	189.974	140.001	111.124	94.094
0.0184709	2.93215	280.04	235.78	169.292	125.841	100.816	86.086
0.0184709	3.03687	246.412	207.444	150.1	112.795	91.386	78.8115
0.0184709	3.14159	214.692	181.416	132.587	100.972	82.8945	72.3019
0.0191243	-3.14159	185.161	154.707	110.083	81.2646	64.8201	55.1964
0.0191243	-3.03687	157.777	132.395	95.3112	71.4827	57.9396	50.0341
0.0191243	-2.93215	133.477	112.646	82.2995	62.8986	51.9169	45.4477
0.0191243	-2.82743	112.313	95.486	71.0442	55.4972	46.733	41.4201
0.0191243	-2.72271	94.2359	80.8642	61.4956	49.2368	42.3108	38.061
0.0191243	-2.61799	79.1183	68.6653	53.5652	44.0542	38.6303	35.33
0.0191243	-2.51327	66.7627	58.7209	47.1338	39.8691	35.7087	33.181
0.0191243	-2.40855	56.9195	50.8228	42.0595	36.5888	33.2706	31.3517
0.0191243	-2.30383	49.3034	44.7362	38.1858	33.8021	31.2955	29.8565
0.0191243	-2.19911	43.5476	40.1408	35.0946	31.6971	29.8205	28.7452
0.0191243	-2.0944	39.0393	36.503	32.7429	30.1816	28.7706	27.9633
0.0191243	-1.98968	35.8373	33.9229	31.1149	29.1527	28.074	27.4577
0.0191243	-1.88496	33.6863	32.1954	30.0702	28.5183	27.6662	27.1798
0.0191243	-1.78024	32.3756	31.151	29.4066	28.2018	27.4925	27.088
0.0191243	-1.67552	31.7504	30.6653	29.0211	27.8656	27.2326	26.8717
0.0191243	-1.5708	31.7196	30.4835	28.6534	27.5293	26.9136	26.5625
0.0191243	-1.46608	31.7925	30.5491	28.6041	27.4089	26.754	26.3805
0.0191243	-1.36136	32.4479	31.1371	28.904	27.5266	26.7711	26.3401
0.0191243	-1.25664	33.8529	32.2178	29.6223	27.9301	27.0008	26.4702
0.0191243	-1.15192	36.1946	34.0625	30.8632	28.6913	27.4963	26.8133
0.0191243	-1.0472	39.7142	36.8676	32.5199	29.6737	28.1042	27.2059
0.0191243	-0.942478	44.6954	40.864	34.8032	31.0147	28.9201	27.719
0.0191243	-0.837758	51.1527	46.0308	38.1116	33.0672	30.2695	28.6621
0.0191243	-0.733038	59.6202	52.8069	42.6353	35.9624	32.249	30.1108
0.0191243	-0.628319	70.5336	61.5907	48.5629	39.8312	34.9543	32.1395
0.0191243	-0.523599	84.1843	72.6263	55.9123	44.797	38.4757	34.8181
0.0191243	-0.418879	100.818	86.1222	64.8118	50.9697	42.8938	38.2088
0.0191243	-0.314159	120.616	102.236	75.5077	58.4381	48.275	42.3634
0.0191243	-0.20944	143.676	121.06	88.0753	66.944	54.6666	47.32
0.0191243	-0.10472	170.002	142.609	102.539	76.7382	62.0501	53.0997
0.0191243	1.11022e-16	199.485	166.805	118.863	87.8389	70.1074	59.7029
0.0191243	0.10472	231.896	193.473	136.944	100.186	79.0977	66.7144
0.0191243	0.20944	266.883	222.333	156.608	113.671	88.9487	74.3999
0.0191243	0.314159	303.966	252.997	177.601	128.129	99.549	82.6962
0.0191243	0.418879	341.717	284.972	199.595	143.341	110.745	91.4894
0.0191243	0.523599	379.976	317.641	222.187	159.035	122.341	100.631
0.0191243	0.628319	418.223	349.409	244.91	174.885	134.099	109.935
0.0191243	0.733038	455.405	380.316	267.242	190.524	145.745	119.185
0.0191243	0.837758	490.601	409.6	288.544	205.553	156.976	128.138
0.0191243	0.942478	523.082	436.657	307.291	219.555	167.475	136.534
0.0191243	1.0472	551.978	460.747	324.004	231.658	176.477	143.678
0.0191243	1.15192	576.488	481.187	338.187	241.903	184.076	149.69
0.0191243	1.25664	595.913	497.381	349.408	249.958	190.025	154.375
0.0191243	1.36136	609.303	508.548	357.147	255.356	194.115	157.56
0.0191243	1.46608	616.422	514.351	360.924	257.72	196.206	159.13
0.0191243	1.5708	617.286	514.914	361.022	257.495	196.099	158.944
0.0191243	1.67552	611.886	510.235	357.455	254.702	193.526	156.654
0.0191243	1.78024	600.408	500.48	350.356	249.453	189.021	152.825
0.0191243	1.88496	582.805	485.705	339.937	241.857	182.763	147.615
0.0191243	1.98968	559.896	466.374	326.11	231.754	174.985	141.233
0.0191243	2.0944	532.503	443.356	309.812	219.899	165.967	133.917
0.0191243	2.19911	501.395	417.31	291.53	206.38	155.822	125.796
0.0191243	2.30383	467.407	388.948	271.779	191.78	144.841	116.985
0.0191243	2.40855	431.404	359.001	250.486	176.635	133.566	108.033
0.0191243	2.51327	394.248	328.193	228.409	161.314	122.274	99.1566
0.0191243	2.61799	356.694	297.212	206.376	146.155	111.203	90.537
0.0191243	2.72271	319.496	265.982	184.828	131.449	100.557	82.3206
0.0191243	2.82743	283.487	235.457	164.146	117.439	90.4933	74.6168
0.0191243	2.93215	248.457	206.488	144.643	104.318	81.1331	67.5011
0.0191243	3.03687	215.477	179.472	126.563	92.2276	72.5587	61.0201
0.0191243	3.14159	185.161	154.707	110.083	81.2646	64.8201	55.1964
0.0197777	-3.14159	161.208	133.443	92.8212	66.6457	51.0202	41.8821
0.0197777	-3.03687	135.141	112.283	78.9394	57.1662	44.4048	36.9613
0.0197777	-2.93215	112.097	93.6107	66.7254	48.8625	38.6173	32.6574
0.0197777	-2.82743	92.1142	77.4453	56.0713	41.7186	33.6391	28.952
0.0197777	-2.72271	75.14	63.7319	46.85	35.6931	29.4388	25.8203
0.0197777	-2.61799	61.0393	52.3532	39.2318	30.7241	25.9742	23.2333
0.0197777	-2.51327	49.6104	43.1408	33.0964	26.7335	23.1948	21.1581
0.0197777	-2.40855	40.6008	35.5943	28.0703	23.3834	20.7863	19.2949
0.0197777	-2.30383	33.3538	29.5488	24.0983	20.7169	18.8494	17.7793
0.0197777	-2.19911	27.7364	25.0109	21.1145	18.7061	17.3799	16.6215
0.0197777	-2.0944	23.6726	21.7313	18.9607	17.2535	16.316	15.7807
0.0197777	-1.98968	20.8686	19.4745	17.488	16.2671	15.5981	15.2166
0.0197777	-1.88496	19.0622	18.0314	16.5641	15.6642	15.1718	14.8914
0.0197777	-1.78024	18.0368	17.2288	16.0795	15.3756	14.991	14.7721
0.0197777	-1.67552	17.3161	16.6241	15.6403	15.0383	14.7095	14.5225
0.0197777	-1.5708	16.9327	16.2667	15.3199	14.7407	14.4245	14.2445
0.0197777	-1.46608	17.0515	16.3264	15.2953	14.6642	14.3196	14.1234
0.0197777	-1.36136	17.7262	16.8467	15.5953	14.8286	14.4095	14.1709
0.0197777	-1.25664	19.0811	17.9276	16.285	15.2768	14.725	14.4105
0.0197777	-1.15192	21.3055	19.7214	17.4627	16.0733	15.3113	14.8767
0.0197777	-1.0472	24.3658	22.1589	19.0076	17.0636	15.995	15.3845
0.0197777	-0.942478	28.6688	25.5709	21.1388	18.3955	16.8834	16.018
0.0197777	-0.837758	34.7198	30.4114	24.2346	20.3968	18.2746	17.0577
0.0197777	-0.733038	42.8516	36.9524	28.4752	23.1858	20.2507	18.5638
0.0197777	-0.628319	53.3897	45.4615	34.0397	26.8803	22.8926	20.5952
0.0197777	-0.523599	66.2089	56.187	41.0965	31.5916	26.2763	23.2061
0.0197777	-0.418879	81.8129	69.1578	49.7932	37.418	30.4691	26.4444
0.0197777	-0.314159	100.488	84.3414	60.247	44.4393	35.5256	30.3488
0.0197777	-0.20944	122.34	102.141	72.5343	52.7103	41.4844	34.9469
0.0197777	-0.10472	147.378	122.576	86.3519	62.2542	48.3635	40.2525
0.0197777	1.11022e-16	175.505	145.576	101.735	73.057	56.1567	46.2627
0.0197777	0.10472	206.504	170.977	118.783	84.9249	64.8285	52.9543
0.0197777	0.20944	240.037	198.512	137.331	97.4528	74.3105	60.2804
0.0197777	0.314159	275.642	227.808	157.142	110.87	84.1817	68.1662
0.0197777	0.418879	312.734	258.394	177.904	124.976	94.351	76.2751
0.0197777	0.523599	350.229	289.699	199.238	139.518	104.864	84.3763
0.0197777	0.628319	387.055	321.077	220.701	154.197	115.509	92.6033
0.0197777	0.733038	422.88	351.229	241.798	168.675	126.04	100.768
0.0197777	0.837758	456.808	379.285	262.003	182.582	136.188	108.659
0.0197777	0.942478	488.134	405.216	280.751	195.536	145.664	116.05
0.0197777	1.0472	516.01	428.306	296.978	206.7	153.753	122.293
0.0197777	1.15192	539.656	447.897	310.341	216.133	160.556	127.518
0.0197777	1.25664	558.395	463.413	320.903	223.534	165.86	131.565
0.0197777	1.36136	571.329	474.128	328.204	228.657	169.48	134.283
0.0197777	1.46608	578.162	479.649	331.705	231.335	171.291	135.575
0.0197777	1.5708	578.95	480.137	331.73	231.324	171.151	135.357
0.0197777	1.67552	573.684	475.59	328.291	228.408	168.704	133.192
0.0197777	1.78024	562.545	466.171	321.52	223.102	164.52	129.681
0.0197777	1.88496	545.55	451.998	311.653	215.602	158.764	124.97
0.0197777	1.98968	523.365	433.38	298.551	206.176	151.652	119.245
0.0197777	2.0944	496.861	411.235	283.093	195.142	143.437	112.722
0.0197777	2.19911	466.787	386.199	265.345	182.642	134.285	105.58
0.0197777	2.30383	433.956	358.961	245.773	169.071	124.301	97.7474
0.0197777	2.40855	399.211	330.228	225.295	155.012	114.072	89.8157
0.0197777	2.51327	363.39	300.56	204.413	140.806	103.842	81.97
0.0197777	2.61799	327.299	269.813	183.59	126.761	93.8235	74.3635
0.0197777	2.72271	291.153	239.568	163.244	113.143	84.191	67.1158
0.0197777	2.82743	255.55	210.384	143.733	100.172	75.0822	60.3139
0.0197777	2.93215	221.723	182.731	125.351	88.0221	66.5985	53.6037
0.0197777	3.03687	190.153	156.989	108.326	76.8214	58.4649	47.4301
0.0197777	3.14159	161.208	133.443	92.8212	66.6457	51.0202	41.8821
0.0204311	-3.14159	142.569	117.364	80.0982	55.2223	41.0714	32.8065
0.0204311	-3.03687	117.789	97.3163	66.5418	46.4054	34.9992	28.3554
0.0204311	-2.93215	95.9699	79.6825	54.6467	38.6654	29.652	24.4167
0.0204311	-2.82743	77.142	64.018	44.405	31.9884	25.0158	20.9773
0.0204311	-2.72271	61.1008	50.7364	35.7659	26.3379	21.0664	18.0217
0.0204311	-2.61799	47.5259	39.7881	28.643	21.6599	17.7717	15.532
0.0204311	-2.51327	36.6214	30.9988	22.9221	17.886	15.0931	13.4854
0.0204311	-2.40855	27.8806	23.8945	18.1829	14.6376	12.6787	11.556
0.0204311	-2.30383	21.1265	18.3951	14.4904	12.0767	10.7477	9.98775
0.0204311	-2.19911	16.1418	14.3238	11.7301	10.1329	9.25608	8.75571
0.0204311	-2.0944	12.616	11.4349	9.75278	8.72028	8.15503	7.83301
0.0204311	-1.98968	10.2548	9.49641	8.4179	7.75767	7.39702	7.19184
0.0204311	-1.88496	8.79644	8.30233	7.60051	7.17176	6.93797	6.8051
0.0204311	-1.78024	8.02436	7.6824	7.19708	6.90104	6.73979	6.64822
0.0204311	-1.67552	7.43351	7.1665	6.78772	6.55687	6.43122	6.35989
0.0204311	-1.5708	7.11921	6.86847	6.51282	6.29612	6.17818	6.11124
0.0204311	-1.46608	7.21177	6.92368	6.51495	6.26579	6.13014	6.05313
0.0204311	-1.36136	7.7643	7.37448	6.82108	6.48336	6.29933	6.1948
0.0204311	-1.25664	8.90019	8.31858	7.49213	6.98687	6.71119	6.55446
0.0204311	-1.15192	10.8076	9.90493	8.62063	7.83364	7.4034	7.15851
0.0204311	-1.0472	13.4512	12.0575	10.0714	8.85092	8.18209	7.80083
0.0204311	-0.942478	17.2429	15.1132	12.0726	10.1975	9.16703	8.57855
0.0204311	-0.837758	22.6817	19.5141	14.9817	12.1757	10.6287	9.7434
0.0204311	-0.733038	30.1003	25.5276	18.9692	14.8913	12.6349	11.3406
0.0204311	-0.628319	39.8251	33.4179	24.2046	18.4488	15.2518	13.4132
0.0204311	-0.523599	52.1571	43.4306	30.8472	22.947	18.5408	16.0001
0.0204311	-0.418879	67.3529	55.7773	39.0374	28.473	22.5559	19.1345
0.0204311	-0.314159	85.5905	70.6213	48.8866	35.0972	27.3401	22.8421
0.0204311	-0.20944	106.262	88.0625	60.4683	42.8671	32.9225	27.1397
0.0204311	-0.10472	130.044	107.697	73.8084	51.8022	39.315	32.0334
0.0204311	1.11022e-16	156.847	129.544	88.8779	61.8882	46.5086	37.5162
0.0204311	0.10472	186.469	153.721	105.585	73.0716	54.4698	43.5655
0.0204311	0.20944	218.584	179.974	123.167	85.2552	63.1363	50.1394
0.0204311	0.314159	252.746	207.948	141.851	98.2939	72.4136	57.1735
0.0204311	0.418879	288.391	237.188	161.439	111.728	82.1721	64.5773
0.0204311	0.523599	324.848	267.146	181.571	125.183	92.2456	72.2317
0.0204311	0.628319	361.355	297.198	201.828	138.754	102.106	79.9886
0.0204311	0.733038	395.976	326.654	221.743	152.129	111.587	87.5701
0.0204311	0.837758	428.67	354.558	240.817	164.97	120.71	94.4624
0.0204311	0.942478	458.87	379.397	258.521	176.924	129.219	100.905
0.0204311	1.0472	485.752	401.519	273.911	187.196	136.442	106.297
0.0204311	1.15192	508.559	420.287	286.936	195.856	142.489	110.777
0.0204311	1.25664	526.629	435.147	297.192	202.632	147.181	114.22
0.0204311	1.36136	539.119	445.426	304.354	207.299	150.354	116.496
0.0204311	1.46608	545.674	450.673	308.134	209.706	151.898	117.522
0.0204311	1.5708	546.388	451.087	308.087	209.663	151.726	117.271
0.0204311	1.67552	541.251	446.668	304.773	206.868	149.399	115.227
0.0204311	1.78024	530.441	437.573	297.936	201.872	145.519	112.017
0.0204311	1.88496	514.038	423.983	288.029	194.858	140.239	107.776
0.0204311	1.98968	492.557	406.055	275.407	186.076	133.756	102.672
0.0204311	2.0944	466.918	384.754	260.475	175.823	126.302	96.8977
0.0204311	2.19911	437.85	360.695	243.39	164.292	118.091	90.6495
0.0204311	2.30383	406.146	334.545	224.85	151.699	109.048	83.7655
0.0204311	2.40855	372.625	306.288	205.474	138.67	99.803	76.7901
0.0204311	2.51327	338.104	276.917	185.732	125.519	90.5714	69.9079
0.0204311	2.61799	302.393	247.456	166.065	112.525	81.537	62.6879
0.0204311	2.72271	266.998	218.513	146.865	99.9303	72.3578	55.7655
0.0204311	2.82743	232.8	190.625	128.469	87.8448	63.563	49.2769
0.0204311	2.93215	200.372	164.244	111.151	76.0047	55.3794	43.272
0.0204311	3.03687	170.177	139.733	95.1251	65.1035	47.87	37.7783
0.0204311	3.14159	142.569	117.364	80.0982	55.2223	41.0714	32.8065
0.0210845	-3.14159	129.003	105.881	70.8502	48.3738	35.6144	28.1721
0.0210845	-3.03687	105.479	86.2067	58.0997	40.1636	30.0263	24.13
0.0210845	-2.93215	84.1564	68.9631	46.9224	32.9345	25.0639	20.4992
0.0210845	-2.82743	65.808	54.1579	37.3091	26.6746	20.7177	17.273
0.0210845	-2.72271	50.4074	41.7269	29.2106	21.3533	16.9713	14.4341
0.0210845	-2.61799	37.8058	31.5454	22.5449	16.9241	13.7739	11.7802
0.0210845	-2.51327	27.7883	23.4392	17.1844	13.2907	10.9028	9.51237
0.0210845	-2.40855	19.7874	16.8797	12.7213	10.1492	8.5515	7.61619
0.0210845	-2.30383	13.7443	11.9048	9.28043	7.66412	6.67935	6.07499
0.0210845	-2.19911	9.37851	8.28148	6.71959	5.76135	5.23698	4.86937
0.0210845	-2.0944	6.37881	5.76736	4.89839	4.36703	4.07706	3.91221
0.0210845	-1.98968	4.451	4.13422	3.68471	3.41061	3.26137	3.17664
0.0210845	-1.88496	3.33312	3.17915	2.96092	2.82814	2.75597	2.71505
0.0210845	-1.78024	2.80886	2.73462	2.62947	2.56559	2.49334	2.45225
0.0210845	-1.67552	2.345	2.3036	2.24501	2.17517	2.126	2.09812
0.0210845	-1.5708	2.09839	2.06334	2.01372	1.98361	1.96728	1.94984
0.0210845	-1.46608	2.16551	2.11544	2.04455	2.0015	1.97814	1.96491
0.0210845	-1.36136	2.59878	2.501	2.36247	2.27828	2.23255	2.20664
0.0210845	-1.25664	3.52071	3.31545	3.02441	2.84719	2.75081	2.69614
0.0210845	-1.15192	5.1184	4.70457	4.04149	3.53869	3.26436	3.10842
0.0210845	-1.0472	7.35467	6.58513	5.3095	4.43906	3.96298	3.69192
0.0210845	-0.942478	10.6467	9.30065	7.29679	5.85463	5.06355	4.6123
0.0210845	-0.837758	15.4873	13.2808	10.13	7.88231	6.62642	5.9085
0.0210845	-0.733038	22.209	18.7889	13.8931	10.6231	8.71337	7.61905
0.0210845	-0.628319	31.1391	26.0853	18.8316	14.1775	11.3846	9.78013
0.0210845	-0.523599	42.5802	35.4127	25.0961	18.64	14.6959	12.4238
0.0210845	-0.418879	56.7918	46.9816	32.8193	23.9093	18.6957	15.5769
0.0210845	-0.314159	73.9717	60.9552	42.1068	30.1839	23.3916	19.24
0.0210845	-0.20944	94.2389	77.4357	53.0285	37.504	28.7275	23.3219
0.0210845	-0.10472	117.618	96.4516	65.61	45.8849	34.7161	27.9954
0.0210845	1.11022e-16	143.269	117.946	79.8246	55.3113	41.3709	33.2305
0.0210845	0.10472	171.546	141.459	95.5864	65.7331	48.6849	38.7032
0.0210845	0.20944	202.276	166.474	112.745	77.0603	56.6013	44.5928
0.0210845	0.314159	235.031	193.169	131.081	89.1597	65.0362	50.8445
0.0210845	0.418879	269.264	221.107	149.951	101.853	73.875	57.382
0.0210845	0.523599	304.324	249.761	168.935	114.916	82.9713	64.1059
0.0210845	0.628319	339.471	278.528	188.039	128.082	92.1469	70.8915
0.0210845	0.733038	373.896	306.745	206.823	140.631	101.195	77.5901
0.0210845	0.837758	405.93	333.709	224.813	152.459	109.884	84.0327
0.0210845	0.942478	435.033	358.659	241.516	163.461	117.878	90.0361
0.0210845	1.0472	460.948	380.127	256.006	172.886	124.281	95.4128
0.0210845	1.15192	482.936	398.098	268.261	180.808	129.612	99.2025
0.0210845	1.25664	500.354	412.321	277.898	186.988	133.723	102.072
0.0210845	1.36136	512.412	422.178	284.61	191.22	136.47	103.928
0.0210845	1.46608	518.697	427.16	288.187	193.367	137.759	104.704
0.0210845	1.5708	519.338	427.502	288.327	193.293	137.555	104.377
0.0210845	1.67552	514.327	423.206	284.872	190.614	135.344	102.491
0.0210845	1.78024	503.836	414.424	278.316	185.911	131.751	99.5637
0.0210845	1.88496	488.009	401.398	268.888	179.36	126.921	95.7665
0.0210845	1.98968	467.212	384.138	256.906	171.191	121.035	91.2493
0.0210845	2.0944	442.415	363.653	242.753	161.681	114.299	86.0551
0.0210845	2.19911	414.326	340.204	226.64	151.072	106.935	80.0046
0.0210845	2.30383	383.719	314.102	209.09	139.406	98.6505	73.7121
0.0210845	2.40855	351.115	286.631	190.766	127.353	89.9955	67.3441
0.0210845	2.51327	316.683	258.468	172.116	115.198	81.1719	60.941
0.0210845	2.61799	282.085	230.252	153.552	102.669	72.4197	54.5683
0.0210845	2.72271	248.048	202.568	135.444	90.3506	64.0163	48.5052
0.0210845	2.82743	215.222	175.933	117.9	78.6323	56.0696	42.8084
0.0210845	2.93215	184.158	150.781	100.869	67.6637	48.6568	37.5119
0.0210845	3.03687	155.305	127.461	85.1365	57.5536	41.8287	32.6318
0.0210845	3.14159	129.003	105.881	70.8502	48.3738	35.6144	28.1721
0.0217379	-3.14159	119.345	97.6771	66.0938	45.8824	33.7608	26.6843
0.0217379	-3.03687	96.2199	79.0494	54.1017	37.8949	28.3403	22.7869
0.0217379	-2.93215	76.0283	62.7819	43.5968	30.8504	23.5183	19.2693
0.0217379	-2.82743	58.7859	48.8763	34.53	24.7401	19.2466	16.0725
0.0217379	-2.72271	44.4168	37.2653	26.4988	19.3763	15.4094	13.1241
0.0217379	-2.61799	32.7669	27.7963	19.8184	14.8447	12.0868	10.5026
0.0217379	-2.51327	23.498	19.7618	14.4106	11.0914	9.25869	8.20878
0.0217379	-2.40855	15.9218	13.5451	10.1499	8.05407	6.90135	6.2427
0.0217379	-2.30383	10.3177	8.90808	6.89926	5.66466	4.98809	4.60241
0.0217379	-2.19911	6.36495	5.60182	4.51661	3.85227	3.48939	3.28295
0.0217379	-2.0944	3.74438	3.37957	2.86176	2.54585	2.37376	2.27605
0.0217379	-1.98968	2.15441	2.00891	1.80269	1.67724	1.60906	1.57041
0.0217379	-1.88496	1.28026	1.23661	1.17482	1.1373	1.11695	1.10543
0.0217379	-1.78024	0.518805	0.51135	0.500794	0.494399	0.490935	0.488975
0.0217379	-1.67552	0.123085	0.122815	0.122435	0.122204	0.122079	0.122009
0.0217379	-1.5708	0	0	0	0	0	0
0.0217379	-1.46608	0.128232	0.126854	0.124907	0.123728	0.123089	0.122728
0.0217379	-1.36136	0.559925	0.543683	0.520706	0.506772	0.499221	0.494946
0.0217379	-1.25664	1.41874	1.34585	1.24262	1.17991	1.14587	1.12659
0.0217379	-1.15192	2.46397	2.25288	1.95356	1.77128	1.67214	1.6159
0.0217379	-1.0472	4.35492	3.8638	3.16624	2.74013	2.5078	2.37578
0.0217379	-0.942478	7.42369	6.44718	5.05744	4.20545	3.7395	3.47424
0.0217379	-0.837758	11.9965	10.258	7.77841	6.25196	5.41433	4.93641
0.0217379	-0.733038	18.4127	15.5629	11.4879	8.96786	7.5798	6.78589
0.0217379	-0.628319	27.0068	22.6258	16.3442	12.4405	10.2815	9.0434
0.0217379	-0.523599	37.6856	31.6937	22.497	16.7518	13.5608	11.7256
0.0217379	-0.418879	50.9352	42.7385	30.0784	21.9741	17.4525	14.8446
0.0217379	-0.314159	67.0664	55.8735	39.1335	28.1365	21.9731	18.4067
0.0217379	-0.20944	86.2038	71.4275	49.7077	35.191	27.0175	22.2753
0.0217379	-0.10472	108.38	89.4331	61.8682	43.3144	32.7666	26.6286
0.0217379	1.11022e-16	133.523	109.84	75.2768	52.4935	39.2087	31.4559
0.0217379	0.10472	161.445	132.508	90.1444	62.6811	46.3132	36.7351
0.0217379	0.20944	190.888	157.199	106.33	73.3551	54.0268	42.4316
0.0217379	0.314159	222.269	183.241	123.627	84.575	62.1395	48.495
0.0217379	0.418879	255.124	209.919	141.765	96.3222	70.1228	54.6922
0.0217379	0.523599	288.821	237.31	160.411	108.392	78.3055	60.5517
0.0217379	0.628319	322.641	264.834	179.099	120.541	86.5321	66.4307
0.0217379	0.733038	355.797	291.85	196.799	132.492	94.6218	72.2067
0.0217379	0.837758	387.465	317.681	213.751	143.943	102.373	77.7394
0.0217379	0.942478	416.383	341.596	229.494	154.578	109.571	82.8759
0.0217379	1.0472	441.355	362.527	243.122	163.526	116.001	87.459
0.0217379	1.15192	462.545	380.259	254.637	170.745	121.399	91.3026
0.0217379	1.25664	479.329	394.255	263.678	176.356	125.201	93.8503
0.0217379	1.36136	490.967	404.088	269.958	180.172	127.58	95.4313
0.0217379	1.46608	496.988	408.864	273.277	182.07	128.627	95.9848
0.0217379	1.5708	497.557	409.136	273.386	181.968	128.349	95.4942
0.0217379	1.67552	492.667	404.958	270.044	179.397	126.289	93.9898
0.0217379	1.78024	482.487	396.478	263.78	174.975	122.968	91.3915
0.0217379	1.88496	467.221	383.409	254.813	168.862	118.466	87.6167
0.0217379	1.98968	447.09	366.57	243.443	161.277	112.644	83.1781
0.0217379	2.0944	423.111	346.501	230.037	152.471	106.021	78.2375
0.0217379	2.19911	395.977	323.406	214.856	142.417	98.8129	72.9594
0.0217379	2.30383	365.589	298.333	198.253	131.294	91.2298	67.4993
0.0217379	2.40855	333.279	271.974	180.936	119.771	83.4693	61.9946
0.0217379	2.51327	300.089	244.979	163.328	107.945	75.6199	56.5268
0.0217379	2.61799	266.785	217.967	145.383	96.1769	67.7545	50.9958
0.0217379	2.72271	234.075	191.502	127.503	84.7878	60.1968	45.7262
0.0217379	2.82743	202.586	166.079	110.41	73.9489	53.0348	40.7019
0.0217379	2.93215	172.854	141.609	94.3572	63.7932	46.3301	35.64
0.0217379	3.03687	145.289	118.585	79.5398	54.4166	39.7804	30.9672
0.0217379	3.14159	119.345	97.6771	66.0938	45.8824	33.7608	26.6843
0.0223914	-3.14159	113.413	93.9501	64.9496	45.7106	34.523	27.7495
0.0223914	-3.03687	91.4915	76.3338	53.192	38.2297	29.2031	23.8888
0.0223914	-2.93215	72.447	60.7961	42.9163	31.2855	24.4063	20.2148
0.0223914	-2.82743	56.286	47.2306	34.086	25.183	20.0813	16.8965
0.0223914	-2.72271	42.2545	35.795	26.3745	19.9355	16.2116	13.9299
0.0223914	-2.61799	30.7901	26.4495	19.8843	15.5019	12.884	11.3125
0.0223914	-2.51327	21.7912	19.0567	14.6535	11.8308	10.0746	9.04236
0.0223914	-2.40855	14.9836	13.3057	10.5567	8.86302	7.75614	7.11651
0.0223914	-2.30383	10.0193	8.96203	7.4569	6.5337	5.89758	5.52982
0.0223914	-2.19911	6.43222	5.92827	5.21243	4.7751	4.46515	4.27387
0.0223914	-2.0944	4.14372	3.95336	3.68346	3.51915	3.42303	3.33684
0.0223914	-1.98968	2.84531	2.80102	2.73832	2.69286	2.6378	2.60659
0.0223914	-1.88496	1.8268	1.82555	1.82378	1.8227	1.81735	1.81005
0.0223914	-1.78024	1.26373	1.25582	1.24462	1.23785	1.23419	1.23212
0.0223914	-1.67552	0.970359	0.969523	0.94913	0.927313	0.915523	0.90886
0.0223914	-1.5708	0.912324	0.910231	0.897028	0.870421	0.856045	0.847923
0.0223914	-1.46608	1.07672	1.07666	1.07656	1.06245	1.05354	1.0485
0.0223914	-1.36136	1.51703	1.51003	1.50013	1.49413	1.49088	1.48904
0.0223914	-1.25664	1.93182	1.88116	1.80945	1.7659	1.74228	1.7289
0.0223914	-1.15192	2.83539	2.73839	2.48741	2.33465	2.25159	2.20449
0.0223914	-1.0472	4.53295	4.24716	3.70145	3.31702	3.10748	2.98845
0.0223914	-0.942478	7.36264	6.67993	5.59455	4.79475	4.3467	4.02262
0.0223914	-0.837758	11.6569	10.3078	8.32533	6.85768	5.94498	5.38394
0.0223914	-0.733038	17.6924	15.4009	12.0279	9.59957	8.06376	7.15621
0.0223914	-0.628319	25.5254	22.2269	16.7936	13.1136	10.7632	9.37381
0.0223914	-0.523599	35.7545	30.6552	22.8317	17.4473	14.0992	12.067
0.0223914	-0.418879	48.6498	41.2151	30.0784	22.5276	18.0142	15.1648
0.0223914	-0.314159	64.3051	53.9908	38.8401	28.6436	22.4585	18.6932
0.0223914	-0.20944	82.719	69.1081	49.0796	35.5885	27.6224	22.7963
0.0223914	-0.10472	103.719	86.7205	60.6517	43.5686	33.5189	27.311
0.0223914	1.11022e-16	127.624	106.221	73.789	52.5711	39.8574	32.279
0.0223914	0.10472	154.257	127.772	88.4157	62.165	46.7762	37.55
0.0223914	0.20944	183.325	151.292	104.314	72.5089	54.2659	43.0315
0.0223914	0.314159	214.247	176.457	120.623	83.5651	61.7703	48.8398
0.0223914	0.418879	245.756	202.852	137.724	95.1388	69.5566	54.4945
0.0223914	0.523599	278.123	229.578	155.302	106.322	77.4155	60.024
0.0223914	0.628319	310.648	255.898	172.992	117.509	85.2999	65.55
0.0223914	0.733038	342.567	281.75	190.38	128.498	92.5591	70.9599
0.0223914	0.837758	373.075	306.482	207.025	139.012	99.4247	75.9799
0.0223914	0.942478	401.299	329.394	222.226	148.766	105.782	80.3004
0.0223914	1.0472	426.082	349.433	235.032	157.472	111.443	84.1345
0.0223914	1.15192	447.088	366.406	245.837	164.779	116.183	87.3348
0.0223914	1.25664	463.327	379.796	254.307	170.116	119.447	89.3544
0.0223914	1.36136	474.557	389.189	260.169	173.693	121.534	90.5473
0.0223914	1.46608	480.32	394.295	263.24	175.389	122.37	90.8673
0.0223914	1.5708	480.818	394.676	263.319	175.154	121.931	90.3061
0.0223914	1.67552	476.046	390.337	260.085	172.988	120.245	88.8957
0.0223914	1.78024	466.168	381.715	254.101	168.795	117.23	86.5991
0.0223914	1.88496	451.447	369.095	245.575	162.665	112.826	83.2309
0.0223914	1.98968	431.945	352.883	234.793	155.105	107.552	79.3286
0.0223914	2.0944	408.263	333.583	222.102	146.367	101.59	75.0319
0.0223914	2.19911	381.05	311.455	207.814	136.724	95.1284	70.4796
0.0223914	2.30383	351.467	287.38	191.968	126.453	88.3529	65.7999
0.0223914	2.40855	320.298	262.096	175.104	115.825	81.4329	60.5753
0.0223914	2.51327	288.32	236.233	157.669	104.981	74.1724	55.3815
0.0223914	2.61799	256.279	210.386	140.336	94.1174	66.7888	50.345
0.0223914	2.72271	224.862	184.627	123.467	83.6014	59.6638	45.5166
0.0223914	2.82743	194.678	159.409	107.352	73.1554	52.8608	40.9246
0.0223914	2.93215	165.356	135.686	92.2291	63.2195	46.3659	36.2955
0.0223914	3.03687	138.105	113.786	78.1584	54.0514	40.3468	31.8676
0.0223914	3.14159	113.413	93.9501	64.9496	45.7106	34.523	27.7495
0.0230448	-3.14159	111.888	93.6439	66.3509	47.2461	35.4052	28.4224
0.0230448	-3.03687	90.6116	76.3167	54.7371	39.1529	29.933	24.2941
0.0230448	-2.93215	71.9386	61.2975	44.1761	31.9959	24.9451	20.5933
0.0230448	-2.82743	56.1747	47.9079	34.9182	25.761	20.4648	17.233
0.0230448	-2.72271	42.5563	36.6983	26.912	20.4169	16.4961	14.1868
0.0230448	-2.61799	31.4934	27.2449	20.3194	15.8468	13.0875	11.5024
0.0230448	-2.51327	22.5205	19.5769	15.026	12.0206	10.2111	9.17464
0.0230448	-2.40855	15.5242	13.6183	10.8985	8.95276	7.83582	7.19771
0.0230448	-2.30383	10.2921	9.26051	7.72816	6.56422	5.9266	5.5632
0.0230448	-2.19911	6.71854	6.2387	5.37239	4.77292	4.44562	4.25948
0.0230448	-2.0944	4.46298	4.19445	3.76115	3.49696	3.35314	3.27149
0.0230448	-1.98968	3.00102	2.89639	2.74815	2.65803	2.60909	2.58135
0.0230448	-1.88496	2.25298	2.23174	2.20168	2.18345	2.17356	2.16797
0.0230448	-1.78024	1.55472	1.55434	1.5538	1.55347	1.55329	1.55319
0.0230448	-1.67552	1.18044	1.1777	1.17383	1.17148	1.17021	1.16949
0.0230448	-1.5708	1.02917	1.02436	1.01758	1.01346	1.01123	1.00998
0.0230448	-1.46608	1.07776	1.0768	1.07542	1.0746	1.07415	1.07389
0.0230448	-1.36136	1.38276	1.37893	1.37352	1.37024	1.36845	1.36744
0.0230448	-1.25664	2.07836	2.03481	1.97317	1.93574	1.91544	1.90394
0.0230448	-1.15192	3.05994	2.897	2.66605	2.5255	2.44911	2.40578
0.0230448	-1.0472	4.68682	4.35188	3.74796	3.37927	3.17835	3.06422
0.0230448	-0.942478	7.44528	6.78802	5.5201	4.73643	4.30804	4.06421
0.0230448	-0.837758	11.6962	10.3718	8.15049	6.69418	5.89529	5.43957
0.0230448	-0.733038	17.801	15.4558	11.8159	9.35403	7.99828	7.22296
0.0230448	-0.628319	26.117	22.3208	16.6932	12.817	10.6734	9.44424
0.0230448	-0.523599	36.4689	31.2309	22.9503	17.1787	13.9727	12.129
0.0230448	-0.418879	48.9656	41.8917	30.4227	22.5241	17.9411	15.2975
0.0230448	-0.314159	64.1926	54.6364	39.3488	28.9226	22.6141	18.9641
0.0230448	-0.20944	81.8721	69.4873	49.9677	36.1173	28.0158	23.1366
0.0230448	-0.10472	102.442	86.5078	61.8456	44.3007	34.0877	27.7617
0.0230448	1.11022e-16	125.983	105.547	75.001	53.5597	40.6045	32.8909
0.0230448	0.10472	151.511	126.837	89.4132	63.6251	47.7558	38.3403
0.0230448	0.20944	179.284	149.752	104.678	74.2267	55.5204	44.0435
0.0230448	0.314159	209.058	173.745	120.848	85.05	63.4486	50.1081
0.0230448	0.418879	240.324	198.945	137.818	96.2411	71.3961	56.1872
0.0230448	0.523599	272.028	224.867	154.545	107.091	79.1802	62.119
0.0230448	0.628319	303.289	250.95	171.206	117.982	86.3781	67.3944
0.0230448	0.733038	334	276.239	187.582	128.668	93.2413	72.2903
0.0230448	0.837758	363.378	299.907	203.254	138.488	99.7794	76.6251
0.0230448	0.942478	390.579	321.848	217.796	147.403	105.816	80.6074
0.0230448	1.0472	414.456	341.021	230.787	155.347	111.171	84.1186
0.0230448	1.15192	434.697	357.258	241.649	162.004	115.447	87.0441
0.0230448	1.25664	450.69	370.059	249.569	166.81	118.199	89.2822
0.0230448	1.36136	461.945	379.026	255.032	169.999	119.911	90.1667
0.0230448	1.46608	468.117	383.878	257.862	171.462	120.521	90.2649
0.0230448	1.5708	468.661	384.227	257.913	171.156	120.013	89.636
0.0230448	1.67552	463.717	379.999	254.783	169.105	118.417	88.3093
0.0230448	1.78024	453.67	371.663	249.067	165.192	115.693	86.0956
0.0230448	1.88496	438.848	359.496	240.962	159.468	111.681	83.2532
0.0230448	1.98968	419.719	343.891	230.412	152.448	106.925	79.4515
0.0230448	2.0944	396.872	325.336	217.727	144.364	101.57	75.2765
0.0230448	2.19911	370.586	304.146	203.554	135.463	95.2497	70.8819
0.0230448	2.30383	342.025	281.036	188.3	126.001	88.6432	66.3879
0.0230448	2.40855	311.969	256.794	172.373	115.783	81.9132	61.8952
0.0230448	2.51327	281.174	231.67	155.977	105.228	75.1994	57.0115
0.0230448	2.61799	250.365	205.931	139.622	94.7968	68.3304	52.2131
0.0230448	2.72271	219.575	180.788	123.686	84.6705	61.4287	47.2592
0.0230448	2.82743	189.562	156.719	107.768	74.6607	54.6517	42.2984
0.0230448	2.93215	161.351	134.12	92.8497	65.0193	48.0087	37.3613
0.0230448	3.03687	135.357	113.211	79.1078	55.8498	41.4337	32.7645
0.0230448	3.14159	111.888	93.6439	66.3509	47.2461	35.4052	28.4224
0.0236982	-3.14159	112.869	95.7916	67.6887	47.9776	36.6314	30.0231
0.0236982	-3.03687	92.2232	78.2521	55.6054	40.0661	31.3063	26.2199
0.0236982	-2.93215	73.6278	62.4238	44.8033	33.1072	26.5456	22.7476
0.0236982	-2.82743	57.2373	48.6708	35.5773	27.0368	22.2683	19.5167
0.0236982	-2.72271	43.1718	37.2123	27.6912	21.7402	18.4334	16.5312
0.0236982	-2.61799	31.8907	27.5317	21.1996	17.2641	15.0874	13.839
0.0236982	-2.51327	22.6772	19.9241	15.988	13.5548	12.215	11.4488
0.0236982	-2.40855	15.7204	14.1552	11.9236	10.551	9.79826	9.36898
0.0236982	-2.30383	10.7437	9.96685	8.86203	8.18562	7.8161	7.60588
0.0236982	-2.19911	7.39759	7.09047	6.6547	6.389	6.24434	6.16221
0.0236982	-2.0944	5.33511	5.2606	5.15506	5.09095	5.05614	5.03642
0.0236982	-1.98968	4.22941	4.22774	4.22538	4.22395	4.22317	4.22272
0.0236982	-1.88496	3.78993	3.77041	3.74285	3.7262	3.71719	3.7121
0.0236982	-1.78024	3.32979	3.2585	3.15792	3.09723	3.06448	3.04599
0.0236982	-1.67552	3.09783	2.9823	2.81938	2.72119	2.66823	2.63835
0.0236982	-1.5708	3.0038	2.87631	2.69654	2.58821	2.5298	2.49685
0.0236982	-1.46608	3.02425	2.92293	2.78001	2.69385	2.64737	2.62114
0.0236982	-1.36136	3.21515	3.16494	3.09407	3.05128	3.02818	3.01513
0.0236982	-1.25664	3.70982	3.70414	3.6961	3.69124	3.68861	3.68712
0.0236982	-1.15192	4.44838	4.43345	4.41232	4.39951	4.39256	4.38862
0.0236982	-1.0472	5.79283	5.65299	5.45478	5.33421	5.26868	5.23152
0.0236982	-0.942478	8.25057	7.79658	7.15188	6.75818	6.54357	6.42164
0.0236982	-0.837758	12.1754	11.1383	9.66203	8.75664	8.26133	7.97928
0.0236982	-0.733038	17.9366	15.9654	13.152	11.4183	10.4661	9.92248
0.0236982	-0.628319	25.8997	22.5637	17.7889	14.8312	13.1998	12.2658
0.0236982	-0.523599	36.4062	31.2023	23.7316	19.0783	16.5	14.9322
0.0236982	-0.418879	49.4422	42.1178	31.1215	24.233	20.3982	18.0677
0.0236982	-0.314159	65.0017	55.2626	40.0739	30.3546	24.9177	21.6867
0.0236982	-0.20944	83.2269	70.4706	50.6688	37.4839	30.0726	25.7771
0.0236982	-0.10472	103.783	88.076	62.8785	45.6149	35.8645	30.1826
0.0236982	1.11022e-16	126.757	107.445	76.2745	54.7361	42.2365	34.9476
0.0236982	0.10472	151.863	128.503	91.1353	64.8745	49.2513	40.1147
0.0236982	0.20944	179.448	150.838	107.026	75.708	56.8522	45.6442
0.0236982	0.314159	208.018	174.72	123.382	86.9459	64.8798	51.436
0.0236982	0.418879	237.993	199.299	140.174	98.7118	73.0977	57.4556
0.0236982	0.523599	268.863	224.058	156.518	110.193	81.2124	63.6186
0.0236982	0.628319	299.945	248.996	172.941	120.978	89.2042	69.2424
0.0236982	0.733038	329.906	273.517	189.036	131.138	96.3968	74.6834
0.0236982	0.837758	358.182	296.99	203.776	140.486	102.698	79.4613
0.0236982	0.942478	384.383	318.761	217.448	149.129	108.467	83.4917
0.0236982	1.0472	407.377	337.096	229.654	156.813	113.176	86.7337
0.0236982	1.15192	426.871	352.619	239.9	163.3	117.06	89.4134
0.0236982	1.25664	442.269	364.849	247.605	167.852	120.057	91.3697
0.0236982	1.36136	453.095	373.402	252.87	170.669	121.628	92.0744
0.0236982	1.46608	459.011	378.007	255.524	171.909	122.073	92.002
0.0236982	1.5708	459.522	378.325	255.485	171.536	121.442	91.248
0.0236982	1.67552	454.689	374.204	252.767	169.573	119.766	89.8482
0.0236982	1.78024	444.93	366.145	247.169	165.945	117.119	87.8672
0.0236982	1.88496	430.565	354.416	238.997	160.609	113.61	85.3795
0.0236982	1.98968	412.052	339.399	228.738	154.07	108.912	82.05
0.0236982	2.0944	389.964	321.565	216.723	146.049	103.663	78.0128
0.0236982	2.19911	364.636	301.283	203.319	137.243	97.9145	73.7873
0.0236982	2.30383	337.072	278.558	188.909	127.901	91.4834	69.0556
0.0236982	2.40855	308.101	254.573	173.618	118.262	84.8103	64.0088
0.0236982	2.51327	278.161	229.856	157.531	107.982	77.7267	58.7693
0.0236982	2.61799	247.406	205.222	141.545	97.6611	70.2507	53.7032
0.0236982	2.72271	217.352	181.198	125.97	87.1071	63.0366	48.5239
0.0236982	2.82743	188.592	157.872	110.359	76.4894	55.9732	43.4848
0.0236982	2.93215	161.629	135.464	95.4265	66.4999	48.9773	38.6488
0.0236982	3.03687	136.058	114.87	81.0924	56.8359	42.5237	34.1634
0.0236982	3.14159	112.869	95.7916	67.6887	47.9776	36.6314	30.0231
0.0243516	-3.14159	115.551	97.514	69.3231	51.2372	40.3482	33.9738
0.0243516	-3.03687	93.8086	79.3364	57.5943	43.4931	35.1069	30.2399
0.0243516	-2.93215	74.6382	63.4939	47.3845	36.6112	30.3932	26.796
0.0243516	-2.82743	58.0595	50.1171	38.5915	30.6372	26.2005	23.642
0.0243516	-2.72271	44.3546	38.954	30.9832	25.5409	22.5199	20.7834
0.0243516	-2.61799	33.3523	29.9427	24.7882	21.2795	19.341	18.2301
0.0243516	-2.51327	24.8844	22.928	19.8281	17.7239	16.5666	15.9053
0.0243516	-2.40855	18.6487	17.614	15.7904	14.6705	14.0571	13.7075
0.0243516	-2.30383	14.1242	13.5511	12.7367	12.2388	11.9672	11.8127
0.0243516	-2.19911	10.9572	10.776	10.519	10.3625	10.2774	10.2292
0.0243516	-2.0944	9.04008	9.02018	8.99203	8.97495	8.96568	8.96042
0.0243516	-1.98968	8.04064	8.03182	8.01933	8.01178	8.00769	8.00537
0.0243516	-1.88496	7.66397	7.58737	7.4793	7.41411	7.37892	7.35904
0.0243516	-1.78024	7.66693	7.5026	7.27101	7.13153	7.05636	7.01396
0.0243516	-1.67552	7.62418	7.39427	7.07041	6.87557	6.77064	6.71148
0.0243516	-1.5708	7.45296	7.2061	6.85838	6.64923	6.53662	6.47314
0.0243516	-1.46608	7.34693	7.13751	6.84246	6.66489	6.56925	6.51531
0.0243516	-1.36136	7.36387	7.23269	7.04772	6.93627	6.87617	6.84226
0.0243516	-1.25664	7.64036	7.59558	7.53237	7.4942	7.47357	7.46191
0.0243516	-1.15192	8.38574	8.38568	8.38559	8.38553	8.38548	8.38544
0.0243516	-1.0472	9.86871	9.80949	9.72402	9.67116	9.64245	9.62618
0.0243516	-0.942478	12.0117	11.7126	11.2882	11.0294	10.8885	10.8085
0.0243516	-0.837758	15.6015	14.799	13.6577	12.9587	12.5768	12.3595
0.0243516	-0.733038	21.0156	19.3611	17.0017	15.5498	14.7533	14.299
0.0243516	-0.628319	28.3163	25.69	21.4881	18.8889	17.4568	16.6375
0.0243516	-0.523599	38.0144	33.8985	27.2768	23.0571	20.7216	19.3814
0.0243516	-0.418879	50.468	44.133	34.5104	28.1265	24.576	22.5325
0.0243516	-0.314159	65.9139	56.7484	43.3056	34.1551	29.041	26.0879
0.0243516	-0.20944	84.5076	71.8713	53.5797	41.1829	34.1279	30.0411
0.0243516	-0.10472	105.357	89.5026	65.2203	49.227	39.8373	34.3808
0.0243516	1.11022e-16	129.108	109.173	78.3913	58.2767	46.1565	39.0916
0.0243516	0.10472	154.627	130.893	93.1033	67.9029	53.0564	44.1513
0.0243516	0.20944	181.799	154.04	109.216	78.2142	60.488	49.5291
0.0243516	0.314159	210.201	177.887	125.887	89.2056	67.8298	55.1819
0.0243516	0.418879	239.84	202.246	143.319	100.721	75.4545	60.5809
0.0243516	0.523599	269.461	226.829	160.577	112.562	83.2527	65.9639
0.0243516	0.628319	299.329	251.2	177.013	123.832	91.0808	71.3382
0.0243516	0.733038	328.719	274.647	192.52	134.797	98.7689	76.5976
0.0243516	0.837758	356.865	297.106	207.049	144.655	105.447	81.6172
0.0243516	0.942478	382.533	317.956	220.515	153.246	111.606	85.8769
0.0243516	1.0472	404.665	336.593	232.525	160.724	116.787	89.4207
0.0243516	1.15192	423.429	352.253	242.31	166.815	120.885	92.3636
0.0243516	1.25664	438.247	363.981	249.496	171.396	123.876	94.4754
0.0243516	1.36136	448.653	372.131	254.383	174.056	125.623	95.6415
0.0243516	1.46608	454.319	376.497	256.81	175.146	125.948	95.5769
0.0243516	1.5708	454.798	376.785	256.703	174.652	125.234	94.7596
0.0243516	1.67552	450.073	372.767	254.075	172.602	123.514	93.234
0.0243516	1.78024	440.595	364.975	248.767	169.08	120.863	91.0698
0.0243516	1.88496	426.675	353.671	240.991	164.17	117.389	88.357
0.0243516	1.98968	408.761	338.737	231.26	157.682	112.862	84.7272
0.0243516	2.0944	387.412	320.816	219.773	150.045	107.266	80.4381
0.0243516	2.19911	363.019	300.64	206.398	141.345	100.794	75.9379
0.0243516	2.30383	336.227	278.791	192.044	131.824	94.0124	70.9706
0.0243516	2.40855	307.361	255.862	177.092	121.526	87.0775	65.8955
0.0243516	2.51327	277.711	232.185	161.333	110.687	79.6608	60.9176
0.0243516	2.61799	248.139	208.039	145.268	99.9961	72.4077	56.1033
0.0243516	2.72271	219.297	184.2	128.906	89.0982	65.4188	51.4919
0.0243516	2.82743	190.924	161.182	112.73	78.5512	58.7414	46.9845
0.0243516	2.93215	164.135	138.88	97.1912	68.6537	52.3727	42.3371
0.0243516	3.03687	139.092	117.437	82.5467	59.531	46.1196	38.0032
0.0243516	3.14159	115.551	97.514	69.3231	51.2372	40.3482	33.9738
0.025005	-3.14159	117.231	99.6718	73.6144	56.1434	46.2737	40.5349
0.025005	-3.03687	95.5504	82.28	62.0079	48.7931	41.3646	37.0591
0.025005	-2.93215	76.9298	67.1846	51.9034	42.2762	36.8915	33.7807
0.025005	-2.82743	61.3554	53.9784	43.2803	36.5816	32.8537	30.7071
0.025005	-2.72271	48.0678	43.1455	36.0818	31.6854	29.2509	27.8535
0.025005	-2.61799	37.5476	34.5333	30.2216	27.5537	26.0833	25.2421
0.025005	-2.51327	29.5627	27.9011	25.5315	24.0733	23.2733	22.8169
0.025005	-2.40855	23.5398	22.7818	21.7038	21.0439	20.6834	20.4783
0.025005	-2.30383	19.3937	19.1519	18.809	18.6	18.4863	18.4217
0.025005	-2.19911	16.7677	16.7433	16.7087	16.6877	16.6763	16.6697
0.025005	-2.0944	15.3087	15.2913	15.2667	15.2518	15.2437	15.2391
0.025005	-1.98968	14.6846	14.5478	14.3549	14.2387	14.176	14.1406
0.025005	-1.88496	14.6008	14.2929	13.8593	13.5987	13.4585	13.3794
0.025005	-1.78024	14.8146	14.3452	13.685	13.2889	13.076	12.9561
0.025005	-1.67552	14.9319	14.3541	13.5419	13.055	12.7936	12.6464
0.025005	-1.5708	14.8132	14.2084	13.3582	12.8487	12.5752	12.4213
0.025005	-1.46608	14.6776	14.1331	13.3673	12.9082	12.6616	12.5228
0.025005	-1.36136	14.5825	14.1712	13.5924	13.245	13.0581	12.9529
0.025005	-1.25664	14.6637	14.4246	14.0879	13.8854	13.7763	13.7147
0.025005	-1.15192	15.1294	15.0497	14.9373	14.8694	14.8328	14.8121
0.025005	-1.0472	16.2511	16.2506	16.2497	16.2492	16.2489	16.2487
0.025005	-0.942478	18.0023	17.9244	17.8141	17.747	17.7106	17.6898
0.025005	-0.837758	21.0582	20.6584	20.0908	19.7443	19.5555	19.4482
0.025005	-0.733038	25.8509	24.795	23.2917	22.3696	21.8651	21.5777
0.025005	-0.628319	32.7548	30.6212	27.575	25.6964	24.664	24.0743
0.025005	-0.523599	42.121	38.4084	33.0911	29.7931	27.9722	26.929
0.025005	-0.418879	54.2575	48.3965	39.9746	34.7201	31.8045	30.129
0.025005	-0.314159	69.3618	60.7787	48.3358	40.5251	36.1696	33.6582
0.025005	-0.20944	86.9261	75.6865	58.2518	47.2403	41.0686	37.4984
0.025005	-0.10472	107.612	92.6732	69.7587	54.8771	46.4945	41.6295
0.025005	1.11022e-16	131.355	111.882	82.8427	63.4229	52.4303	46.0302
0.025005	0.10472	157.286	133.451	97.4337	72.8357	58.8461	50.6764
0.025005	0.20944	185.41	156.894	112.686	83.0401	65.6967	55.5398
0.025005	0.314159	214.396	181.441	129.016	93.9232	72.9178	60.5841
0.025005	0.418879	243.92	206.729	146.189	104.925	80.4223	65.7617
0.025005	0.523599	273.412	231.735	163.888	115.907	88.0977	71.0101
0.025005	0.628319	302.784	255.697	180.901	126.949	95.2216	76.2479
0.025005	0.733038	331.04	279.012	197.45	137.8	102.079	80.9517
0.025005	0.837758	358.125	301.276	212.486	148.125	108.616	85.1824
0.025005	0.942478	383.286	321.22	225.802	157.043	114.655	89.0673
0.025005	1.0472	405.789	339.052	237.423	164.972	120.014	92.4896
0.025005	1.15192	424.201	354.034	246.972	171.455	124.227	95.3349
0.025005	1.25664	438.451	365.565	254.443	176.255	127.284	97.3673
0.025005	1.36136	448.447	373.569	259.185	179.435	129.087	98.2898
0.025005	1.46608	453.869	377.788	261.481	180.492	129.519	98.3941
0.025005	1.5708	454.317	378.089	261.259	179.92	128.83	97.6776
0.025005	1.67552	449.697	374.473	258.534	177.82	127.055	96.1774
0.025005	1.78024	440.491	366.639	253.412	174.074	124.272	93.9672
0.025005	1.88496	427.005	355.206	245.908	168.901	120.6	91.0315
0.025005	1.98968	409.675	340.643	236.147	162.289	115.768	87.2733
0.025005	2.0944	388.218	323.409	224.767	153.967	109.919	83.1913
0.025005	2.19911	363.954	304.029	211.635	144.843	103.624	78.918
0.025005	2.30383	337.621	282.845	197.262	135.061	97.0633	74.5715
0.025005	2.40855	309.863	259.913	181.632	124.491	90.3987	70.2472
0.025005	2.51327	281.321	236.52	165.009	113.851	83.7665	65.9158
0.025005	2.61799	252.168	212.611	148.518	103.356	77.1576	61.1127
0.025005	2.72271	223.398	188.532	131.737	93.1866	70.1986	56.5365
0.025005	2.82743	195.292	164.503	115.599	83.0337	63.598	52.1981
0.025005	2.93215	167.919	141.371	100.515	73.3024	57.3971	48.0932
0.025005	3.03687	141.555	119.418	86.6589	64.3218	51.6189	44.2099
0.025005	3.14159	117.231	99.6718	73.6144	56.1434	46.2737	40.5349
0.0256584	-3.14159	120.969	104.632	79.9514	64.2491	55.3957	50.2542
0.0256584	-3.03687	100.118	87.3895	68.9628	57.3118	50.7759	46.9927
0.0256584	-2.93215	81.6924	72.564	59.3954	51.1212	46.5033	43.8393
0.0256584	-2.82743	66.3248	60.1319	51.2289	45.6698	42.5832	40.8085
0.0256584	-2.72271	53.9011	49.9995	44.4096	40.9406	39.0242	37.926
0.0256584	-2.61799	44.2248	42.0137	38.8562	36.9083	35.8375	35.2257
0.0256584	-2.51327	37.0054	35.9352	34.4117	33.4771	32.9657	32.6743
0.0256584	-2.40855	31.6744	31.301	30.771	30.4475	30.2712	30.171
0.0256584	-2.30383	28.1401	28.0883	28.0149	27.9703	27.9461	27.9322
0.0256584	-2.19911	26.0448	26.0323	26.0145	26.0037	25.9978	25.9944
0.0256584	-2.0944	25.0352	24.8723	24.6426	24.5043	24.4297	24.3875
0.0256584	-1.98968	24.7792	24.364	23.7798	23.429	23.2403	23.1341
0.0256584	-1.88496	24.9827	24.2911	23.3192	22.7372	22.4249	22.2492
0.0256584	-1.78024	25.4031	24.475	23.1722	22.3933	21.9759	21.7414
0.0256584	-1.67552	25.6781	24.5981	23.0827	22.1778	21.6933	21.4212
0.0256584	-1.5708	25.6108	24.4934	22.926	21.9901	21.4891	21.2078
0.0256584	-1.46608	25.4461	24.4121	22.9612	22.0945	21.6303	21.3696
0.0256584	-1.36136	25.2408	24.3962	23.21	22.5005	22.1202	21.9063
0.0256584	-1.25664	25.13	24.5451	23.7229	23.23	22.9654	22.8164
0.0256584	-1.15192	25.3211	25.0123	24.5776	24.3163	24.1756	24.0963
0.0256584	-1.0472	26.0846	25.9982	25.8762	25.8027	25.7629	25.7403
0.0256584	-0.942478	27.4559	27.4557	27.4554	27.4552	27.4549	27.4547
0.0256584	-0.837758	29.9879	29.851	29.657	29.5389	29.4746	29.438
0.0256584	-0.733038	34.1711	33.5781	32.7354	32.2201	31.9388	31.7788
0.0256584	-0.628319	40.3801	38.92	36.8388	35.5593	34.8579	34.4578
0.0256584	-0.523599	48.9675	46.1447	42.1085	39.6126	38.2378	37.4514
0.0256584	-0.418879	60.2436	55.4902	48.6708	44.4283	42.0798	40.7321
0.0256584	-0.314159	74.4563	67.149	56.6294	50.0442	46.3801	44.2705
0.0256584	-0.20944	91.7734	81.254	66.0571	56.4838	51.1297	48.0367
0.0256584	-0.10472	112.265	97.8648	76.9876	63.7534	56.3137	52.0014
0.0256584	1.11022e-16	135.226	116.956	89.4085	71.8375	61.9102	56.1373
0.0256584	0.10472	160.77	138.163	103.254	80.6955	67.8886	60.418
0.0256584	0.20944	188.914	160.785	118.398	90.257	74.2067	64.8168
0.0256584	0.314159	218.43	185.151	134.654	100.418	80.8077	69.304
0.0256584	0.418879	249.036	210.851	151.345	111.038	87.6164	73.843
0.0256584	0.523599	279.34	236.421	168.098	121.94	94.5366	78.3867
0.0256584	0.628319	308.409	261.702	184.991	132.909	101.449	82.8741
0.0256584	0.733038	336.594	285.367	201.624	142.967	108.213	87.228
0.0256584	0.837758	363.351	307.264	217.095	152.525	114.667	91.3555
0.0256584	0.942478	387.567	327.107	231.08	161.372	120.005	95.1513
0.0256584	1.0472	409.235	344.84	243.362	169.245	124.684	98.2567
0.0256584	1.15192	427.451	359.782	253.34	175.896	128.596	100.525
0.0256584	1.25664	441.599	370.783	260.993	180.83	131.411	102.051
0.0256584	1.36136	451.479	378.403	265.894	183.761	132.936	102.633
0.0256584	1.46608	456.774	382.392	268.106	184.88	133.383	102.534
0.0256584	1.5708	457.314	382.623	267.811	184.343	132.738	101.76
0.0256584	1.67552	453.091	379.098	265.027	182.178	131.037	100.35
0.0256584	1.78024	443.728	371.557	259.861	178.476	128.357	98.3726
0.0256584	1.88496	430.079	360.529	252.498	173.205	124.635	95.8013
0.0256584	1.98968	412.588	346.508	242.516	166.076	119.914	92.5261
0.0256584	2.0944	391.808	329.307	230.46	157.903	114.658	88.7557
0.0256584	2.19911	368.373	309.86	216.545	148.943	109.031	84.7206
0.0256584	2.30383	342.89	288.85	201.627	139.452	102.982	80.6212
0.0256584	2.40855	315.149	266.015	185.629	129.678	96.5468	76.5457
0.0256584	2.51327	286.824	241.991	169.14	119.757	90.0468	72.5178
0.0256584	2.61799	257.723	217.047	152.787	109.229	83.5382	68.4112
0.0256584	2.72271	228.332	192.3	136.843	99.0605	77.2764	64.479
0.0256584	2.82743	199.006	167.816	121.012	89.3907	71.3099	60.7151
0.0256584	2.93215	170.708	144.944	106.067	80.3223	65.6665	57.1025
0.0256584	3.03687	144.474	124.002	92.3414	71.9269	60.3599	53.6213
0.0256584	3.14159	120.969	104.632	79.9514	64.2491	55.3957	50.2542
