#x	y	new0_fix	new11a	new11b
0.426	-3.14159	166.213	165.889	166.241
0.426	-3.03687	154.904	154.598	154.879
0.426	-2.93215	144.856	144.551	145.111
0.426	-2.82743	136.185	135.954	136.44
0.426	-2.72271	128.918	128.689	129.169
0.426	-2.61799	123.087	122.859	123.329
0.426	-2.51327	118.542	118.325	118.778
0.426	-2.40855	115.139	114.931	115.366
0.426	-2.30383	112.711	112.514	112.928
0.426	-2.19911	111.027	110.836	111.226
0.426	-2.0944	109.996	109.822	110.187
0.426	-1.98968	109.476	109.278	109.652
0.426	-1.88496	109.262	109.076	109.469
0.426	-1.78024	109.288	109.117	109.476
0.426	-1.67552	109.476	109.273	109.358
0.426	-1.5708	109.614	109.636	109.521
0.426	-1.46608	109.291	110.053	110.324
0.426	-1.36136	110.11	109.917	110.841
0.426	-1.25664	110.618	110.766	110.809
0.426	-1.15192	111.756	111.298	111.599
0.426	-1.0472	111.684	111.522	113.165
0.426	-0.942478	114.379	113.646	113.57
0.426	-0.837758	116.395	116.227	116.932
0.426	-0.733038	119.781	119.628	119.948
0.426	-0.628319	124.308	124.168	124.459
0.426	-0.523599	130.099	130.018	130.236
0.426	-0.418879	137.166	137.33	137.292
0.426	-0.314159	145.762	145.655	145.877
0.426	-0.20944	155.969	155.87	156.076
0.426	-0.10472	167.581	167.48	167.68
0.426	-2.66454e-15	180.611	180.524	180.703
0.426	0.10472	196.188	195.114	195.229
0.426	0.20944	211.04	210.962	211.124
0.426	0.314159	228.12	228.044	228.652
0.426	0.418879	246.124	246.935	247.204
0.426	0.523599	264.908	264.809	265.749
0.426	0.628319	284.338	284.206	283.303
0.426	0.733038	302.793	302.658	302.117
0.426	0.837758	319.34	319.518	319.385
0.426	0.942478	335.957	335.146	335.282
0.426	1.0472	349.822	349.473	350.615
0.426	1.15192	362.736	362.605	362.007
0.426	1.25664	371.386	371.276	371.504
0.426	1.36136	377.773	377.651	376.944
0.426	1.46608	379.716	380.007	379.792
0.426	1.5708	379.178	378.982	379.12
0.426	1.67552	376.927	376.755	375.122
0.426	1.78024	367.844	367.753	367.943
0.426	1.88496	359.45	358.96	359.555
0.426	1.98968	345.675	346.469	346.993
0.426	2.0944	332.004	331.851	332.178
0.426	2.19911	315.182	313.705	315.719
0.426	2.30383	296.293	297.347	297.646
0.426	2.40855	279.187	279.403	280.407
0.426	2.51327	260.523	260.922	261.168
0.426	2.61799	242.938	242.683	243.215
0.426	2.72271	225.33	223.745	225.626
0.426	2.82743	207.356	208.353	208.66
0.426	2.93215	193.118	192.815	193.447
0.426	3.03687	178.936	178.621	178.716
0.426	3.14159	166.213	165.889	166.235
0.4345	-3.14159	132.249	132.108	132.464
0.4345	-3.03687	121.233	121.293	121.621
0.4345	-2.93215	111.746	111.589	111.918
0.4345	-2.82743	103.367	103.21	103.539
0.4345	-2.72271	96.4336	96.295	96.6184
0.4345	-2.61799	90.8862	90.7362	91.0508
0.4345	-2.51327	86.4859	86.3424	86.6435
0.4345	-2.40855	83.095	82.9588	83.2446
0.4345	-2.30383	80.6598	80.5318	80.8002
0.4345	-2.19911	79.0127	78.894	79.1429
0.4345	-2.0944	77.9916	77.8828	78.1108
0.4345	-1.98968	77.4452	77.3469	77.5529
0.4345	-1.88496	77.2403	77.1526	77.3363
0.4345	-1.78024	77.2641	77.1562	77.3533
0.4345	-1.67552	77.3767	77.2806	77.4815
0.4345	-1.5708	77.5942	77.5097	77.6862
0.4345	-1.46608	77.9089	77.7466	77.9887
0.4345	-1.36136	78.3512	78.2881	78.4197
0.4345	-1.25664	78.9504	78.8349	79.0465
0.4345	-1.15192	79.6548	79.553	79.7655
0.4345	-1.0472	80.7874	81.0747	80.8842
0.4345	-0.942478	82.8622	82.7566	82.5899
0.4345	-0.837758	85.2057	85.1124	85.3063
0.4345	-0.733038	88.4037	88.3458	88.4659
0.4345	-0.628319	92.7943	92.7217	92.872
0.4345	-0.523599	98.3783	98.3143	98.4465
0.4345	-0.418879	105.357	105.3	105.417
0.4345	-0.314159	113.798	113.749	113.841
0.4345	-0.20944	123.536	123.492	123.582
0.4345	-0.10472	134.845	134.805	134.886
0.4345	-2.66454e-15	147.53	147.494	147.567
0.4345	0.10472	161.37	161.337	161.404
0.4345	0.20944	176.508	176.477	176.54
0.4345	0.314159	192.749	192.72	192.78
0.4345	0.418879	209.833	209.804	209.862
0.4345	0.523599	227.433	227.404	227.463
0.4345	0.628319	245.164	245.134	245.195
0.4345	0.733038	262.592	262.56	262.624
0.4345	0.837758	279.245	279.211	279.28
0.4345	0.942478	294.637	294.599	294.675
0.4345	1.0472	308.217	308.192	308.242
0.4345	1.15192	319.565	319.535	319.595
0.4345	1.25664	328.317	328.281	328.353
0.4345	1.36136	334.157	334.12	334.183
0.4345	1.46608	336.756	336.724	336.788
0.4345	1.5708	336.147	336.107	336.188
0.4345	1.67552	332.362	332.313	332.412
0.4345	1.78024	325.456	325.417	325.497
0.4345	1.88496	315.759	315.71	315.809
0.4345	1.98968	303.646	303.586	303.708
0.4345	2.0944	289.531	289.459	289.607
0.4345	2.19911	273.869	273.784	273.96
0.4345	2.30383	257.629	257.035	257.241
0.4345	2.40855	240.881	240.175	240.481
0.4345	2.51327	222.839	223.171	223.016
0.4345	2.61799	205.582	205.402	205.776
0.4345	2.72271	188.901	188.706	188.51
0.4345	2.82743	173.09	172.881	172.719
0.4345	2.93215	157.837	158.158	158.032
0.4345	3.03687	144.411	144.706	144.617
0.4345	3.14159	132.249	132.349	132.464
0.443	-3.14159	104.804	104.478	104.953
0.443	-3.03687	94.3436	94.207	94.4537
0.443	-2.93215	84.9222	84.8203	85.0339
0.443	-2.82743	76.9558	76.8542	77.0671
0.443	-2.72271	70.3728	70.2731	70.4822
0.443	-2.61799	64.906	64.8108	65.0015
0.443	-2.51327	60.598	60.5074	60.6977
0.443	-2.40855	57.3498	57.265	57.4432
0.443	-2.30383	55.0057	54.9274	55.0917
0.443	-2.19911	53.4063	53.3353	53.4843
0.443	-2.0944	52.3977	52.3344	52.4672
0.443	-1.98968	51.8356	51.7803	51.8963
0.443	-1.88496	51.5945	51.5471	51.6464
0.443	-1.78024	51.62	51.5563	51.6895
0.443	-1.67552	51.6725	51.6181	51.7318
0.443	-1.5708	51.8214	51.7758	51.871
0.443	-1.46608	52.0602	52.0227	52.1008
0.443	-1.36136	52.4185	52.3881	52.5195
0.443	-1.25664	53.0314	53.0043	53.0576
0.443	-1.15192	53.7924	53.7574	53.8299
0.443	-1.0472	54.8619	54.812	54.9158
0.443	-0.942478	56.443	56.4018	56.4874
0.443	-0.837758	58.6392	58.6216	58.6579
0.443	-0.733038	61.9145	61.9014	61.9281
0.443	-0.628319	66.2095	66.1882	66.2319
0.443	-0.523599	71.5408	71.5241	71.5582
0.443	-0.418879	78.201	78.188	78.2143
0.443	-0.314159	86.3037	86.2937	86.3137
0.443	-0.20944	95.9217	95.9141	95.9292
0.443	-0.10472	106.7	106.694	106.706
0.443	-2.66454e-15	118.939	118.926	118.953
0.443	0.10472	132.257	132.245	132.269
0.443	0.20944	146.637	146.626	146.647
0.443	0.314159	162.068	162.059	162.078
0.443	0.418879	178.304	178.294	178.313
0.443	0.523599	195.032	195.023	195.041
0.443	0.628319	211.887	211.877	211.897
0.443	0.733038	228.456	228.444	228.466
0.443	0.837758	244.282	244.277	244.286
0.443	0.942478	258.844	258.839	258.849
0.443	1.0472	271.737	271.73	271.744
0.443	1.15192	282.536	282.526	282.545
0.443	1.25664	290.871	290.858	290.883
0.443	1.36136	296.364	296.357	296.37
0.443	1.46608	298.86	298.85	298.87
0.443	1.5708	298.313	298.298	298.328
0.443	1.67552	294.731	294.722	294.74
0.443	1.78024	288.182	288.168	288.196
0.443	1.88496	279.012	278.992	279.032
0.443	1.98968	267.551	267.523	267.579
0.443	2.0944	254.189	254.153	254.227
0.443	2.19911	239.321	239.293	239.349
0.443	2.30383	223.421	223.386	223.459
0.443	2.40855	206.959	206.914	207.006
0.443	2.51327	190.502	190.423	190.587
0.443	2.61799	174.733	174.61	174.846
0.443	2.72271	158.902	158.791	158.984
0.443	2.82743	143.354	143.242	143.476
0.443	2.93215	129.421	129.3	129.553
0.443	3.03687	116.544	116.549	116.819
0.443	3.14159	104.804	104.478	104.953
0.4515	-3.14159	83.5736	83.4829	83.6745
0.4515	-3.03687	73.3046	73.2427	73.3724
0.4515	-2.93215	64.3508	64.2878	64.4199
0.4515	-2.82743	56.776	56.7132	56.845
0.4515	-2.72271	50.2876	50.2275	50.3538
0.4515	-2.61799	45.032	44.9744	45.0954
0.4515	-2.51327	40.9195	40.8655	40.9791
0.4515	-2.40855	37.8114	37.7618	37.8661
0.4515	-2.30383	35.5593	35.5148	35.6084
0.4515	-2.19911	34.0122	33.9731	34.0552
0.4515	-2.0944	33.0231	32.9897	33.0597
0.4515	-1.98968	32.4556	32.4281	32.4859
0.4515	-1.88496	32.1901	32.168	32.2142
0.4515	-1.78024	32.1287	32.1118	32.1471
0.4515	-1.67552	32.2168	32.1888	32.2473
0.4515	-1.5708	32.3108	32.2891	32.3344
0.4515	-1.46608	32.4902	32.474	32.5077
0.4515	-1.36136	32.783	32.7716	32.7953
0.4515	-1.25664	33.2517	33.2441	33.2597
0.4515	-1.15192	33.989	33.9785	33.9937
0.4515	-1.0472	34.781	34.7702	34.7925
0.4515	-0.942478	36.3172	36.3102	36.3245
0.4515	-0.837758	38.5443	38.5402	38.5485
0.4515	-0.733038	41.6287	41.6266	41.6306
0.4515	-0.628319	45.7358	45.735	45.7365
0.4515	-0.523599	50.9777	50.9738	50.9816
0.4515	-0.418879	57.4061	57.4039	57.4082
0.4515	-0.314159	65.098	65.0969	65.0989
0.4515	-0.20944	74.2425	74.2421	74.2427
0.4515	-0.10472	84.8109	84.8108	84.8109
0.4515	-2.66454e-15	96.4636	96.4636	96.4636
0.4515	0.10472	109.463	109.462	109.463
0.4515	0.20944	123.157	123.155	123.158
0.4515	0.314159	137.821	137.82	137.822
0.4515	0.418879	153.25	153.249	153.251
0.4515	0.523599	169.149	169.147	169.149
0.4515	0.628319	185.168	185.167	185.169
0.4515	0.733038	200.915	200.914	200.916
0.4515	0.837758	215.914	215.914	215.914
0.4515	0.942478	229.754	229.754	229.754
0.4515	1.0472	242.01	242.01	242.01
0.4515	1.15192	252.278	252.277	252.279
0.4515	1.25664	260.206	260.204	260.208
0.4515	1.36136	265.42	265.42	265.42
0.4515	1.46608	267.807	267.806	267.808
0.4515	1.5708	267.308	267.305	267.311
0.4515	1.67552	263.938	263.937	263.938
0.4515	1.78024	257.742	257.74	257.745
0.4515	1.88496	249.062	249.056	249.067
0.4515	1.98968	238.207	238.197	238.216
0.4515	2.0944	225.55	225.535	225.565
0.4515	2.19911	211.494	211.478	211.503
0.4515	2.30383	196.425	196.411	196.44
0.4515	2.40855	180.821	180.801	180.842
0.4515	2.51327	165.077	165.051	165.105
0.4515	2.61799	149.553	149.52	149.588
0.4515	2.72271	134.56	134.52	134.603
0.4515	2.82743	120.491	120.42	120.569
0.4515	2.93215	107.277	107.198	107.363
0.4515	3.03687	94.848	94.7625	94.9413
0.4515	3.14159	83.5736	83.4829	83.6736
0.46	-3.14159	67.9206	67.8864	67.9581
0.46	-3.03687	58.0678	58.0318	58.1074
0.46	-2.93215	49.5546	49.5178	49.5952
0.46	-2.82743	42.1061	42.0706	42.1454
0.46	-2.72271	35.8938	35.8592	35.9319
0.46	-2.61799	30.8837	30.851	30.9198
0.46	-2.51327	26.9588	26.9288	26.9919
0.46	-2.40855	23.9868	23.9601	24.0164
0.46	-2.30383	21.8032	21.781	21.8278
0.46	-2.19911	20.248	20.2296	20.2684
0.46	-2.0944	19.2429	19.2283	19.2589
0.46	-1.98968	18.6522	18.6415	18.6641
0.46	-1.88496	18.3569	18.3494	18.3651
0.46	-1.78024	18.2601	18.2555	18.2651
0.46	-1.67552	18.2919	18.2895	18.2944
0.46	-1.5708	18.3584	18.351	18.3665
0.46	-1.46608	18.5929	18.5872	18.5992
0.46	-1.36136	18.7976	18.7947	18.8008
0.46	-1.25664	19.1717	19.1706	19.1728
0.46	-1.15192	19.7525	19.7482	19.757
0.46	-1.0472	20.6834	20.6814	20.6854
0.46	-0.942478	22.1227	22.1221	22.1232
0.46	-0.837758	24.222	24.222	24.222
0.46	-0.733038	27.1403	27.1401	27.1406
0.46	-0.628319	31.0349	31.0345	31.0353
0.46	-0.523599	35.9955	35.9955	35.9955
0.46	-0.418879	42.2185	42.2184	42.2188
0.46	-0.314159	49.7389	49.7383	49.7398
0.46	-0.20944	58.4386	58.4373	58.4405
0.46	-0.10472	68.5569	68.5547	68.56
0.46	-2.66454e-15	79.9154	79.9123	79.9195
0.46	0.10472	92.2727	92.2726	92.2731
0.46	0.20944	105.634	105.634	105.635
0.46	0.314159	119.573	119.573	119.574
0.46	0.418879	134.238	134.238	134.239
0.46	0.523599	149.35	149.349	149.35
0.46	0.628319	164.574	164.574	164.575
0.46	0.733038	179.539	179.539	179.54
0.46	0.837758	193.806	193.803	193.811
0.46	0.942478	206.957	206.954	206.96
0.46	1.0472	218.6	218.599	218.603
0.46	1.15192	228.355	228.355	228.356
0.46	1.25664	235.889	235.889	235.889
0.46	1.36136	240.885	240.884	240.888
0.46	1.46608	243.157	243.157	243.158
0.46	1.5708	242.691	242.691	242.691
0.46	1.67552	239.512	239.512	239.512
0.46	1.78024	233.694	233.694	233.694
0.46	1.88496	225.464	225.463	225.464
0.46	1.98968	215.171	215.169	215.172
0.46	2.0944	203.168	203.164	203.172
0.46	2.19911	189.843	189.835	189.85
0.46	2.30383	175.598	175.585	175.61
0.46	2.40855	160.829	160.813	160.835
0.46	2.51327	145.892	145.882	145.903
0.46	2.61799	131.163	131.148	131.178
0.46	2.72271	116.936	116.916	116.957
0.46	2.82743	103.457	103.433	103.483
0.46	2.93215	90.777	90.7119	90.8372
0.46	3.03687	78.8518	78.7751	78.9155
0.46	3.14159	67.9206	67.8864	67.9581
0.4685	-3.14159	57.183	57.233	57.2033
0.4685	-3.03687	47.8783	47.8586	47.8999
0.4685	-2.93215	39.5472	39.5279	39.5685
0.4685	-2.82743	32.392	32.3728	32.4134
0.4685	-2.72271	26.4705	26.452	26.491
0.4685	-2.61799	21.6918	21.6747	21.7108
0.4685	-2.51327	17.8567	17.8423	17.8728
0.4685	-2.40855	14.8927	14.8806	14.9064
0.4685	-2.30383	12.7339	12.7241	12.7448
0.4685	-2.19911	11.2371	11.2298	11.2453
0.4685	-2.0944	10.2633	10.2584	10.2688
0.4685	-1.98968	9.68336	9.68046	9.68658
0.4685	-1.88496	9.38357	9.37473	9.3854
0.4685	-1.78024	9.2143	9.20864	9.22055
0.4685	-1.67552	9.16153	9.15841	9.16494
0.4685	-1.5708	9.18875	9.18746	9.19013
0.4685	-1.46608	9.38282	9.38223	9.38345
0.4685	-1.36136	9.56454	9.56453	9.56455
0.4685	-1.25664	9.89272	9.89134	9.89417
0.4685	-1.15192	10.4148	10.4146	10.4151
0.4685	-1.0472	11.3054	11.3054	11.3055
0.4685	-0.942478	12.7018	12.7012	12.7026
0.4685	-0.837758	14.7554	14.7534	14.7579
0.4685	-0.733038	17.6248	17.6208	17.6296
0.4685	-0.628319	21.3305	21.3298	21.3315
0.4685	-0.523599	26.0559	26.054	26.0583
0.4685	-0.418879	31.987	31.9836	31.9913
0.4685	-0.314159	39.2268	39.2216	39.2333
0.4685	-0.20944	47.7758	47.7688	47.7845
0.4685	-0.10472	57.4182	57.4093	57.4292
0.4685	-2.66454e-15	68.3999	68.3894	68.4131
0.4685	0.10472	80.2855	80.2822	80.29
0.4685	0.20944	93.1455	93.1416	93.1509
0.4685	0.314159	106.612	106.608	106.618
0.4685	0.418879	120.557	120.553	120.563
0.4685	0.523599	134.923	134.919	134.929
0.4685	0.628319	149.395	149.391	149.401
0.4685	0.733038	163.616	163.613	163.621
0.4685	0.837758	177.204	177.201	177.208
0.4685	0.942478	189.731	189.723	189.743
0.4685	1.0472	200.789	200.782	200.798
0.4685	1.15192	210.05	210.045	210.057
0.4685	1.25664	217.201	217.198	217.206
0.4685	1.36136	221.993	221.992	221.995
0.4685	1.46608	224.186	224.181	224.192
0.4685	1.5708	223.738	223.736	223.742
0.4685	1.67552	220.717	220.717	220.719
0.4685	1.78024	215.244	215.244	215.244
0.4685	1.88496	207.488	207.487	207.49
0.4685	1.98968	197.714	197.714	197.715
0.4685	2.0944	186.318	186.317	186.318
0.4685	2.19911	173.666	173.664	173.667
0.4685	2.30383	160.14	160.137	160.144
0.4685	2.40855	146.12	146.112	146.127
0.4685	2.51327	131.968	131.953	131.982
0.4685	2.61799	118.014	117.992	118.038
0.4685	2.72271	104.535	104.507	104.569
0.4685	2.82743	91.6126	91.602	91.624
0.4685	2.93215	79.1958	79.1821	79.2106
0.4685	3.03687	67.7988	67.7827	67.8164
0.4685	3.14159	57.183	57.233	57.2033
0.477	-3.14159	50.646	50.6372	50.6556
0.477	-3.03687	41.5731	41.5639	41.589
0.477	-2.93215	33.5126	33.5029	33.5234
0.477	-2.82743	26.6871	26.6774	26.6979
0.477	-2.72271	21.0142	21.0058	21.0237
0.477	-2.61799	16.2481	16.2405	16.2566
0.477	-2.51327	12.5087	12.5024	12.5158
0.477	-2.40855	9.67061	9.66575	9.67614
0.477	-2.30383	7.59997	7.59659	7.60383
0.477	-2.19911	6.16061	6.15861	6.1629
0.477	-2.0944	5.17165	5.16379	5.18047
0.477	-1.98968	4.56175	4.55656	4.56758
0.477	-1.88496	4.21387	4.21092	4.21717
0.477	-1.78024	4.04043	4.03917	4.04185
0.477	-1.67552	3.97868	3.97842	3.97897
0.477	-1.5708	4.06152	4.0615	4.06153
0.477	-1.46608	4.13468	4.13438	4.13503
0.477	-1.36136	4.24779	4.24748	4.24812
0.477	-1.25664	4.50438	4.50437	4.50441
0.477	-1.15192	5.00308	5.00247	5.00384
0.477	-1.0472	5.85543	5.85338	5.85789
0.477	-0.942478	7.1925	7.18826	7.19754
0.477	-0.837758	9.15891	9.15182	9.16728
0.477	-0.733038	11.8574	11.8551	11.8603
0.477	-0.628319	15.4714	15.467	15.4767
0.477	-0.523599	20.1616	20.1548	20.1698
0.477	-0.418879	25.8635	25.8541	25.8747
0.477	-0.314159	32.7819	32.7698	32.7965
0.477	-0.20944	41.0176	41.0028	41.0355
0.477	-0.10472	50.4442	50.4379	50.4521
0.477	-2.66454e-15	60.8868	60.879	60.8967
0.477	0.10472	72.551	72.5418	72.5625
0.477	0.20944	84.8356	84.8256	84.8281
0.477	0.314159	97.9906	97.9799	97.982
0.477	0.418879	111.298	111.287	111.312
0.477	0.523599	124.965	124.954	124.979
0.477	0.628319	138.782	138.766	138.795
0.477	0.733038	152.267	152.252	152.289
0.477	0.837758	165.135	165.12	165.155
0.477	0.942478	177.01	176.998	177.028
0.477	1.0472	187.528	187.517	187.542
0.477	1.15192	196.345	196.337	196.357
0.477	1.25664	203.167	203.161	203.175
0.477	1.36136	207.729	207.717	207.746
0.477	1.46608	209.81	209.802	209.822
0.477	1.5708	209.432	209.428	209.439
0.477	1.67552	206.621	206.619	206.624
0.477	1.78024	201.424	201.419	201.432
0.477	1.88496	194.047	194.045	194.05
0.477	1.98968	184.818	184.818	184.819
0.477	2.0944	174.054	174.054	174.055
0.477	2.19911	162.069	162.068	162.069
0.477	2.30383	149.204	149.204	149.204
0.477	2.40855	135.881	135.879	135.883
0.477	2.51327	122.436	122.431	122.442
0.477	2.61799	109.175	109.166	109.185
0.477	2.72271	96.3621	96.3477	96.3787
0.477	2.82743	83.7798	83.7614	83.8013
0.477	2.93215	71.983	71.9589	72.0112
0.477	3.03687	60.7653	60.7581	60.7732
0.477	3.14159	50.646	50.6372	50.6556
0.4855	-3.14159	46.9416	46.9279	46.9578
0.4855	-3.03687	38.0574	38.0415	38.0764
0.4855	-2.93215	30.3704	30.3529	30.3914
0.4855	-2.82743	23.8034	23.7901	23.8083
0.4855	-2.72271	18.1539	18.1396	18.1581
0.4855	-2.61799	13.581	13.5656	13.5939
0.4855	-2.51327	9.97634	9.96225	9.99326
0.4855	-2.40855	7.22204	7.20976	7.23678
0.4855	-2.30383	5.19102	5.18093	5.2031
0.4855	-2.19911	3.75495	3.74818	3.76357
0.4855	-2.0944	2.79743	2.79654	2.80172
0.4855	-1.98968	2.20434	2.20261	2.20633
0.4855	-1.88496	1.86411	1.86354	1.86477
0.4855	-1.78024	1.69228	1.69225	1.69231
0.4855	-1.67552	1.62912	1.62892	1.62933
0.4855	-1.5708	1.61708	1.61625	1.61801
0.4855	-1.46608	1.62605	1.626	1.62611
0.4855	-1.36136	1.73007	1.72988	1.7303
0.4855	-1.25664	1.98479	1.98355	1.98623
0.4855	-1.15192	2.4738	2.47066	2.47744
0.4855	-1.0472	3.30332	3.2975	3.31008
0.4855	-0.942478	4.56245	4.56079	4.56447
0.4855	-0.837758	6.3932	6.38958	6.39755
0.4855	-0.733038	8.97336	8.96719	8.98073
0.4855	-0.628319	12.447	12.4379	12.458
0.4855	-0.523599	16.9503	16.9379	16.9652
0.4855	-0.418879	22.6039	22.588	22.6229
0.4855	-0.314159	29.3714	29.3743	29.3806
0.4855	-0.20944	37.2788	37.2565	37.2219
0.4855	-0.10472	46.432	46.4127	46.3532
0.4855	-2.66454e-15	56.5909	56.582	56.5389
0.4855	0.10472	67.6731	67.662	67.6876
0.4855	0.20944	79.6557	79.6435	79.6714
0.4855	0.314159	92.14	92.1263	92.1579
0.4855	0.418879	105.113	105.099	105.13
0.4855	0.523599	118.067	118.053	118.086
0.4855	0.628319	131.109	131.095	131.128
0.4855	0.733038	143.918	143.904	143.936
0.4855	0.837758	156.151	156.138	156.168
0.4855	0.942478	167.453	167.442	167.468
0.4855	1.0472	177.476	177.467	177.488
0.4855	1.15192	185.876	185.858	185.9
0.4855	1.25664	192.309	192.294	192.328
0.4855	1.36136	196.623	196.612	196.637
0.4855	1.46608	198.672	198.665	198.681
0.4855	1.5708	198.388	198.375	198.397
0.4855	1.67552	195.671	195.663	195.682
0.4855	1.78024	190.756	190.752	190.762
0.4855	1.88496	183.829	183.828	183.831
0.4855	1.98968	175.126	175.122	175.132
0.4855	2.0944	164.866	164.865	164.868
0.4855	2.19911	153.484	153.484	153.484
0.4855	2.30383	141.32	141.319	141.32
0.4855	2.40855	128.713	128.711	128.716
0.4855	2.51327	115.984	115.978	115.991
0.4855	2.61799	103.398	103.396	103.4
0.4855	2.72271	90.9086	90.9048	90.913
0.4855	2.82743	78.8393	78.8324	78.8475
0.4855	2.93215	67.3662	67.3568	67.3772
0.4855	3.03687	56.6378	56.625	56.6531
0.4855	3.14159	46.9416	46.9279	46.9578
0.494	-3.14159	44.7179	44.7112	44.7261
0.494	-3.03687	36.2305	36.2222	36.2406
0.494	-2.93215	28.7916	28.7836	28.8014
0.494	-2.82743	22.2742	22.2656	22.2848
0.494	-2.72271	16.8679	16.8592	16.8786
0.494	-2.61799	12.4902	12.482	12.5004
0.494	-2.51327	9.04021	9.03291	9.04925
0.494	-2.40855	6.3725	6.36796	6.37808
0.494	-2.30383	4.34501	4.34174	4.34903
0.494	-2.19911	2.91449	2.91248	2.91695
0.494	-2.0944	1.95572	1.95479	1.95683
0.494	-1.98968	1.35167	1.35139	1.35202
0.494	-1.88496	0.998128	0.998131	0.998123
0.494	-1.78024	0.814619	0.814254	0.815011
0.494	-1.67552	0.709566	0.709291	0.709906
0.494	-1.5708	0.654873	0.654851	0.654901
0.494	-1.46608	0.664069	0.6637	0.664487
0.494	-1.36136	0.768561	0.767009	0.770329
0.494	-1.25664	1.02474	1.02111	1.02865
0.494	-1.15192	1.51491	1.50877	1.5229
0.494	-1.0472	2.3451	2.33641	2.34941
0.494	-0.942478	3.56495	3.56109	3.56962
0.494	-0.837758	5.40156	5.3948	5.4095
0.494	-0.733038	7.96121	7.95124	7.97293
0.494	-0.628319	11.3165	11.3028	11.3325
0.494	-0.523599	15.6432	15.6315	15.6579
0.494	-0.418879	21.049	21.0329	21.0694
0.494	-0.314159	27.651	27.6304	27.6775
0.494	-0.20944	35.3134	35.303	35.3265
0.494	-0.10472	43.9952	43.9815	44.0125
0.494	-2.66454e-15	53.8925	53.8756	53.914
0.494	0.10472	64.5982	64.5796	64.6219
0.494	0.20944	76.1832	76.1621	76.2101
0.494	0.314159	88.3161	88.2944	88.3438
0.494	0.418879	100.824	100.801	100.854
0.494	0.523599	113.386	113.364	113.41
0.494	0.628319	125.781	125.759	125.807
0.494	0.733038	137.946	137.925	137.974
0.494	0.837758	149.556	149.535	149.582
0.494	0.942478	160.273	160.255	160.296
0.494	1.0472	169.769	169.753	169.789
0.494	1.15192	177.736	177.724	177.753
0.494	1.25664	183.91	183.9	183.922
0.494	1.36136	188.069	188.051	188.086
0.494	1.46608	189.971	189.958	189.988
0.494	1.5708	189.661	189.653	189.672
0.494	1.67552	187.161	187.156	187.167
0.494	1.78024	182.553	182.543	182.565
0.494	1.88496	175.928	175.923	175.935
0.494	1.98968	167.633	167.631	167.635
0.494	2.0944	157.949	157.949	157.95
0.494	2.19911	147.191	147.191	147.191
0.494	2.30383	135.626	135.626	135.626
0.494	2.40855	123.612	123.611	123.612
0.494	2.51327	111.483	111.481	111.485
0.494	2.61799	99.414	99.4103	99.4186
0.494	2.72271	87.3184	87.3112	87.3274
0.494	2.82743	75.7858	75.7755	75.7957
0.494	2.93215	64.5894	64.5859	64.5937
0.494	3.03687	54.3419	54.337	54.3478
0.494	3.14159	44.7179	44.7112	44.7261
0.5025	-3.14159	43.5315	43.5167	43.5502
0.5025	-3.03687	35.3227	35.319	35.3275
0.5025	-2.93215	27.9484	27.9438	27.9543
0.5025	-2.82743	21.6925	21.6874	21.6989
0.5025	-2.72271	16.4997	16.4945	16.5062
0.5025	-2.61799	12.1905	12.1867	12.1954
0.5025	-2.51327	8.71739	8.71417	8.72149
0.5025	-2.40855	6.06315	6.06082	6.06614
0.5025	-2.30383	4.10627	4.10479	4.10817
0.5025	-2.19911	2.72398	2.72329	2.72488
0.5025	-2.0944	1.79719	1.797	1.79733
0.5025	-1.98968	1.19538	1.19225	1.19944
0.5025	-1.88496	0.805234	0.803788	0.807141
0.5025	-1.78024	0.577809	0.577486	0.578305
0.5025	-1.67552	0.458658	0.458657	0.458658
0.5025	-1.5708	0.419057	0.418553	0.41943
0.5025	-1.46608	0.457092	0.455174	0.459312
0.5025	-1.36136	0.563269	0.560646	0.566473
0.5025	-1.25664	0.800761	0.799705	0.801589
0.5025	-1.15192	1.2444	1.24173	1.24787
0.5025	-1.0472	2.03091	2.02509	2.03817
0.5025	-0.942478	3.27976	3.26975	3.34104
0.5025	-0.837758	5.05937	5.05032	5.07009
0.5025	-0.733038	7.54641	7.53861	7.55621
0.5025	-0.628319	10.8847	10.8725	10.8999
0.5025	-0.523599	15.1829	15.1668	15.2031
0.5025	-0.418879	20.3968	20.3803	20.4067
0.5025	-0.314159	26.6682	26.6565	26.6827
0.5025	-0.20944	34.1443	34.1288	34.1636
0.5025	-0.10472	42.6752	42.6569	42.6981
0.5025	-2.66454e-15	52.1677	52.146	52.1952
0.5025	0.10472	62.76	62.7351	62.7916
0.5025	0.20944	73.8555	73.8435	73.8703
0.5025	0.314159	85.6977	85.684	85.7145
0.5025	0.418879	97.6777	97.664	97.6945
0.5025	0.523599	109.945	109.931	109.962
0.5025	0.628319	121.818	121.805	121.834
0.5025	0.733038	133.412	133.4	133.428
0.5025	0.837758	144.486	144.475	144.5
0.5025	0.942478	154.721	154.711	154.733
0.5025	1.0472	163.763	163.742	163.788
0.5025	1.15192	171.316	171.299	171.337
0.5025	1.25664	177.158	177.144	177.174
0.5025	1.36136	181.09	181.081	181.102
0.5025	1.46608	182.981	182.975	182.988
0.5025	1.5708	182.686	182.674	182.701
0.5025	1.67552	180.27	180.263	180.279
0.5025	1.78024	175.869	175.865	175.873
0.5025	1.88496	169.649	169.648	169.65
0.5025	1.98968	161.759	161.755	161.764
0.5025	2.0944	152.513	152.511	152.514
0.5025	2.19911	142.244	142.244	142.244
0.5025	2.30383	131.263	131.263	131.264
0.5025	2.40855	119.874	119.871	119.878
0.5025	2.51327	108.35	108.35	108.351
0.5025	2.61799	96.4324	96.4309	96.4344
0.5025	2.72271	84.879	84.875	84.8841
0.5025	2.82743	73.4775	73.4713	73.4855
0.5025	2.93215	62.7973	62.7876	62.8096
0.5025	3.03687	52.7235	52.7115	52.7387
0.5025	3.14159	43.5315	43.5167	43.5502
0.511	-3.14159	42.7251	42.7122	42.7424
0.511	-3.03687	34.5585	34.5448	34.5759
0.511	-2.93215	27.4743	27.4591	27.49
0.511	-2.82743	21.4557	21.4396	21.4629
0.511	-2.72271	16.2126	16.2092	16.217
0.511	-2.61799	11.9518	11.9486	11.9558
0.511	-2.51327	8.58641	8.58383	8.58976
0.511	-2.40855	6.00814	6.00628	6.01061
0.511	-2.30383	4.10169	4.10059	4.10315
0.511	-2.19911	2.73786	2.73122	2.74644
0.511	-2.0944	1.78757	1.78308	1.79346
0.511	-1.98968	1.16474	1.16216	1.16815
0.511	-1.88496	0.777566	0.77648	0.77905
0.511	-1.78024	0.552572	0.552382	0.552864
0.511	-1.67552	0.437972	0.437935	0.438002
0.511	-1.5708	0.406222	0.405493	0.407051
0.511	-1.46608	0.452076	0.450686	0.453486
0.511	-1.36136	0.532182	0.532051	0.532304
0.511	-1.25664	0.756574	0.755289	0.758078
0.511	-1.15192	1.21768	1.21402	1.22213
0.511	-1.0472	2.01284	2.00773	2.02164
0.511	-0.942478	3.23947	3.23743	3.24531
0.511	-0.837758	4.95811	4.9504	4.96159
0.511	-0.733038	7.37323	7.36408	7.38456
0.511	-0.628319	10.6275	10.6139	10.6443
0.511	-0.523599	14.838	14.8195	14.8611
0.511	-0.418879	20.0704	20.0605	20.0825
0.511	-0.314159	26.1741	26.1611	26.1901
0.511	-0.20944	33.3868	33.3698	33.4079
0.511	-0.10472	41.7743	41.7535	41.8004
0.511	-2.66454e-15	51.0729	51.0495	51.1022
0.511	0.10472	61.2393	61.2226	61.2541
0.511	0.20944	72.1708	72.1576	72.187
0.511	0.314159	83.518	83.503	83.5362
0.511	0.418879	95.3435	95.3285	95.3617
0.511	0.523599	107.07	107.055	107.089
0.511	0.628319	118.784	118.769	118.801
0.511	0.733038	129.842	129.828	129.858
0.511	0.837758	140.396	140.383	140.411
0.511	0.942478	150.144	150.133	150.157
0.511	1.0472	158.787	158.778	158.797
0.511	1.15192	166.005	165.987	166.028
0.511	1.25664	171.55	171.535	171.568
0.511	1.36136	175.273	175.262	175.286
0.511	1.46608	177.05	177.043	177.058
0.511	1.5708	176.825	176.818	176.829
0.511	1.67552	174.503	174.494	174.513
0.511	1.78024	170.283	170.278	170.288
0.511	1.88496	164.331	164.33	164.333
0.511	1.98968	156.861	156.861	156.861
0.511	2.0944	148.049	148.048	148.051
0.511	2.19911	138.238	138.238	138.238
0.511	2.30383	127.747	127.746	127.747
0.511	2.40855	116.866	116.863	116.868
0.511	2.51327	105.576	105.572	105.582
0.511	2.61799	94.1649	94.1639	94.1663
0.511	2.72271	82.8016	82.7991	82.8049
0.511	2.82743	71.8129	71.8078	71.8192
0.511	2.93215	61.3681	61.3608	61.3776
0.511	3.03687	51.5509	51.5405	51.5648
0.511	3.14159	42.7251	42.7122	42.7424
0.5195	-3.14159	41.8576	41.8437	41.875
0.5195	-3.03687	33.9715	33.9553	33.9919
0.5195	-2.93215	27.1274	27.1098	27.1327
0.5195	-2.82743	21.0059	21.0013	21.0117
0.5195	-2.72271	15.9101	15.9055	15.916
0.5195	-2.61799	11.7662	11.7619	11.7717
0.5195	-2.51327	8.48302	8.47935	8.48771
0.5195	-2.40855	5.95763	5.95484	5.96123
0.5195	-2.30383	4.04611	4.04483	4.04775
0.5195	-2.19911	2.64342	2.64287	2.64414
0.5195	-2.0944	1.69039	1.69031	1.69052
0.5195	-1.98968	1.0468	1.04395	1.05049
0.5195	-1.88496	0.632043	0.630772	0.633725
0.5195	-1.78024	0.386931	0.386658	0.38732
0.5195	-1.67552	0.259451	0.259444	0.259459
0.5195	-1.5708	0.222243	0.22161	0.222971
0.5195	-1.46608	0.2739	0.271795	0.276417
0.5195	-1.36136	0.402839	0.400027	0.406138
0.5195	-1.25664	0.656641	0.653515	0.65566
0.5195	-1.15192	1.13599	1.22658	1.13979
0.5195	-1.0472	1.96869	2.03052	1.96883
0.5195	-0.942478	3.24276	3.2321	3.25595
0.5195	-0.837758	4.96415	4.95968	4.96953
0.5195	-0.733038	7.34414	7.33622	7.35387
0.5195	-0.628319	10.5293	10.5172	10.5443
0.5195	-0.523599	14.6352	14.6185	14.6562
0.5195	-0.418879	19.7333	19.7247	19.7437
0.5195	-0.314159	25.874	25.8618	25.889
0.5195	-0.20944	32.9315	32.9163	32.9504
0.5195	-0.10472	41.0369	41.018	41.0606
0.5195	-2.66454e-15	50.2503	50.2279	50.2785
0.5195	0.10472	60.1218	60.0974	60.1356
0.5195	0.20944	70.7761	70.7635	70.7915
0.5195	0.314159	81.8633	81.85	81.8795
0.5195	0.418879	93.3153	93.301	93.3329
0.5195	0.523599	104.791	104.777	104.808
0.5195	0.628319	116.095	116.081	116.112
0.5195	0.733038	126.937	126.925	126.952
0.5195	0.837758	137.024	137.013	137.037
0.5195	0.942478	146.335	146.325	146.346
0.5195	1.0472	154.585	154.578	154.594
0.5195	1.15192	161.467	161.451	161.488
0.5195	1.25664	166.749	166.736	166.765
0.5195	1.36136	170.29	170.281	170.301
0.5195	1.46608	171.973	171.967	171.979
0.5195	1.5708	171.745	171.743	171.748
0.5195	1.67552	169.52	169.513	169.529
0.5195	1.78024	165.478	165.474	165.482
0.5195	1.88496	159.783	159.782	159.784
0.5195	1.98968	152.639	152.638	152.639
0.5195	2.0944	144.226	144.224	144.227
0.5195	2.19911	134.841	134.841	134.841
0.5195	2.30383	124.806	124.805	124.806
0.5195	2.40855	114.249	114.247	114.252
0.5195	2.51327	103.221	103.216	103.228
0.5195	2.61799	92.1625	92.1614	92.164
0.5195	2.72271	81.0479	81.0447	81.0522
0.5195	2.82743	70.4379	70.4325	70.4448
0.5195	2.93215	60.121	60.1124	60.132
0.5195	3.03687	50.6724	50.6605	50.6945
0.5195	3.14159	41.8576	41.8437	41.875
0.528	-3.14159	41.3274	41.3214	41.3347
0.528	-3.03687	33.6706	33.663	33.68
0.528	-2.93215	26.735	26.727	26.7448
0.528	-2.82743	20.7816	20.773	20.7922
0.528	-2.72271	15.8125	15.8039	15.8232
0.528	-2.61799	11.758	11.7499	11.7681
0.528	-2.51327	8.44591	8.43971	8.45377
0.528	-2.40855	5.83083	5.8257	5.83721
0.528	-2.30383	3.8747	3.87093	3.87938
0.528	-2.19911	2.46578	2.46339	2.46897
0.528	-2.0944	1.49585	1.49444	1.49726
0.528	-1.98968	0.865417	0.865189	0.865659
0.528	-1.88496	0.470199	0.466549	0.474787
0.528	-1.78024	0.2044	0.202704	0.206534
0.528	-1.67552	0.0615279	0.0610895	0.0620811
0.528	-1.5708	0.0155386	0.0155386	0.0155386
0.528	-1.46608	0.0626925	0.062256	0.0631903
0.528	-1.36136	0.22432	0.222572	0.226311
0.528	-1.25664	0.546705	0.545553	0.54686
0.528	-1.15192	1.0447	1.0434	1.04631
0.528	-1.0472	1.88112	1.87753	1.88566
0.528	-0.942478	3.13145	3.12697	3.13673
0.528	-0.837758	4.94756	4.94022	4.9562
0.528	-0.733038	7.44763	7.43694	7.46021
0.528	-0.628319	10.6909	10.6828	10.7011
0.528	-0.523599	14.7095	14.6974	14.7248
0.528	-0.418879	19.713	19.6966	19.7339
0.528	-0.314159	25.7474	25.7393	25.7575
0.528	-0.20944	32.8399	32.8286	32.8542
0.528	-0.10472	40.7114	40.6973	40.729
0.528	-2.66454e-15	49.6296	49.6125	49.6512
0.528	0.10472	59.4343	59.415	59.4584
0.528	0.20944	69.764	69.7426	69.791
0.528	0.314159	80.7668	80.7577	80.778
0.528	0.418879	91.7923	91.7823	91.8048
0.528	0.523599	103.12	103.11	103.132
0.528	0.628319	113.978	113.969	113.99
0.528	0.733038	124.626	124.617	124.637
0.528	0.837758	134.365	134.358	134.374
0.528	0.942478	143.288	143.28	143.293
0.528	1.0472	151.141	151.126	151.16
0.528	1.15192	157.692	157.68	157.707
0.528	1.25664	162.745	162.736	162.755
0.528	1.36136	166.132	166.127	166.139
0.528	1.46608	167.74	167.737	167.744
0.528	1.5708	167.46	167.453	167.47
0.528	1.67552	165.316	165.312	165.322
0.528	1.78024	161.448	161.447	161.45
0.528	1.88496	156	156	156
0.528	1.98968	149.134	149.133	149.136
0.528	2.0944	141.042	141.042	141.042
0.528	2.19911	132.057	132.057	132.058
0.528	2.30383	122.445	122.443	122.448
0.528	2.40855	112.003	111.998	112.008
0.528	2.51327	101.389	101.388	101.39
0.528	2.61799	90.422	90.419	90.4255
0.528	2.72271	79.7345	79.7285	79.7422
0.528	2.82743	69.2275	69.2185	69.2389
0.528	2.93215	59.2833	59.2704	59.2994
0.528	3.03687	49.9793	49.9675	49.9844
0.528	3.14159	41.3274	41.3214	41.3347
0.5365	-3.14159	41.4736	41.461	41.4891
0.5365	-3.03687	33.8663	33.8519	33.884
0.5365	-2.93215	27.0608	27.0447	27.0804
0.5365	-2.82743	21.2458	21.2287	21.2667
0.5365	-2.72271	16.3761	16.3588	16.3971
0.5365	-2.61799	12.2674	12.2523	12.2856
0.5365	-2.51327	8.92015	8.9063	8.93683
0.5365	-2.40855	6.31643	6.30435	6.33096
0.5365	-2.30383	4.35183	4.34189	4.36376
0.5365	-2.19911	2.92244	2.91333	2.92716
0.5365	-2.0944	1.93283	1.92969	1.93693
0.5365	-1.98968	1.29194	1.29061	1.29345
0.5365	-1.88496	0.904836	0.904458	0.905266
0.5365	-1.78024	0.651571	0.645991	0.658835
0.5365	-1.67552	0.495097	0.492135	0.49804
0.5365	-1.5708	0.456073	0.455693	0.456483
0.5365	-1.46608	0.521734	0.521732	0.521738
0.5365	-1.36136	0.708869	0.708377	0.709463
0.5365	-1.25664	1.06424	1.06239	1.06641
0.5365	-1.15192	1.62307	1.62302	1.62316
0.5365	-1.0472	2.47144	2.47168	2.47241
0.5365	-0.942478	3.75066	3.74842	3.7534
0.5365	-0.837758	5.57446	5.57006	5.57974
0.5365	-0.733038	8.06246	8.05538	8.07093
0.5365	-0.628319	11.3333	11.3231	11.3454
0.5365	-0.523599	15.4934	15.4846	15.5011
0.5365	-0.418879	20.37	20.3836	20.378
0.5365	-0.314159	26.2743	26.2655	26.2852
0.5365	-0.20944	33.2476	33.2364	33.2612
0.5365	-0.10472	41.1982	41.1908	41.2076
0.5365	-2.66454e-15	49.8569	49.8471	49.8693
0.5365	0.10472	59.4769	59.465	59.4923
0.5365	0.20944	69.5668	69.5545	69.5838
0.5365	0.314159	80.2493	80.2345	80.2682
0.5365	0.418879	91.1257	91.1106	91.145
0.5365	0.523599	102.066	102.051	102.086
0.5365	0.628319	112.852	112.779	112.811
0.5365	0.733038	123.022	123.008	123.04
0.5365	0.837758	132.65	132.639	132.665
0.5365	0.942478	141.173	141.164	141.186
0.5365	1.0472	148.7	148.692	148.71
0.5365	1.15192	154.992	154.987	155
0.5365	1.25664	159.847	159.844	159.852
0.5365	1.36136	163.104	163.102	163.106
0.5365	1.46608	164.56	164.554	164.567
0.5365	1.5708	164.249	164.246	164.253
0.5365	1.67552	162.204	162.203	162.205
0.5365	1.78024	158.507	158.507	158.507
0.5365	1.88496	153.228	153.294	153.23
0.5365	1.98968	146.58	146.579	146.65
0.5365	2.0944	138.827	138.826	138.828
0.5365	2.19911	130.214	130.212	130.218
0.5365	2.30383	120.702	120.702	120.702
0.5365	2.40855	110.584	110.582	110.586
0.5365	2.51327	100.157	100.153	100.191
0.5365	2.61799	89.533	89.5249	89.5428
0.5365	2.72271	79.14	79.1281	79.1546
0.5365	2.82743	68.8513	68.8364	68.857
0.5365	2.93215	59.1658	59.1587	59.1743
0.5365	3.03687	49.8647	49.8547	49.8768
0.5365	3.14159	41.4736	41.461	41.4891
0.545	-3.14159	43.0182	42.9918	43.0498
0.545	-3.03687	35.4504	35.4213	35.4819
0.545	-2.93215	28.7958	28.7644	28.8333
0.545	-2.82743	23.0918	23.0591	23.1309
0.545	-2.72271	18.2363	18.2036	18.2751
0.545	-2.61799	14.0963	14.0696	14.1373
0.545	-2.51327	10.804	10.7657	10.817
0.545	-2.40855	8.18433	8.1592	8.21689
0.545	-2.30383	6.21412	6.19914	6.23689
0.545	-2.19911	4.78683	4.78294	4.80116
0.545	-2.0944	3.84437	3.83687	3.80753
0.545	-1.98968	3.19322	3.18879	3.19811
0.545	-1.88496	2.78761	2.78517	2.79837
0.545	-1.78024	2.51706	2.50623	2.52791
0.545	-1.67552	2.37131	2.36676	2.37792
0.545	-1.5708	2.3509	2.34869	2.35329
0.545	-1.46608	2.4385	2.43781	2.43922
0.545	-1.36136	2.65566	2.65564	2.65568
0.545	-1.25664	3.04692	3.04669	3.04724
0.545	-1.15192	3.6735	3.6731	3.67387
0.545	-1.0472	4.56031	4.56032	4.56032
0.545	-0.942478	5.87048	5.87008	5.87104
0.545	-0.837758	7.71323	7.71172	7.71518
0.545	-0.733038	10.2025	10.1992	10.2065
0.545	-0.628319	13.4509	13.4455	13.4576
0.545	-0.523599	17.5641	17.5561	17.5738
0.545	-0.418879	22.5167	22.5138	22.5204
0.545	-0.314159	28.3007	28.2963	28.3064
0.545	-0.20944	35.1122	35.1061	35.1199
0.545	-0.10472	42.9669	42.9591	42.9767
0.545	-2.66454e-15	51.4766	51.4668	51.4889
0.545	0.10472	60.8648	60.8536	60.8788
0.545	0.20944	70.8723	70.8674	70.8789
0.545	0.314159	81.2293	81.2235	81.2371
0.545	0.418879	91.9168	91.9107	91.9248
0.545	0.523599	102.499	102.493	102.507
0.545	0.628319	113.038	113.032	113.046
0.545	0.733038	122.914	122.909	122.921
0.545	0.837758	132.306	132.302	132.312
0.545	0.942478	140.616	140.613	140.62
0.545	1.0472	147.872	147.87	147.874
0.545	1.15192	153.937	153.93	153.94
0.545	1.25664	158.531	158.526	158.537
0.545	1.36136	161.578	161.575	161.581
0.545	1.46608	162.982	162.981	162.983
0.545	1.5708	162.702	162.702	162.702
0.545	1.67552	160.714	160.712	160.716
0.545	1.78024	157.07	157.109	157.07
0.545	1.88496	151.973	151.973	151.974
0.545	1.98968	145.603	145.601	145.605
0.545	2.0944	138.167	138.163	138.173
0.545	2.19911	129.724	129.723	129.726
0.545	2.30383	120.35	120.346	120.355
0.545	2.40855	110.615	110.607	110.625
0.545	2.51327	100.376	100.363	100.391
0.545	2.61799	90.0995	90.0933	90.1067
0.545	2.72271	79.7546	79.745	79.766
0.545	2.82743	69.7608	69.7466	69.7775
0.545	2.93215	60.2116	60.1935	60.2331
0.545	3.03687	51.1813	51.1588	51.2079
0.545	3.14159	43.0182	42.9918	43.0498
0.5535	-3.14159	46.7843	46.7202	46.8315
0.5535	-3.03687	39.357	39.2724	39.3801
0.5535	-2.93215	32.8728	32.7651	32.8936
0.5535	-2.82743	27.2213	27.1802	27.2828
0.5535	-2.72271	22.3772	22.3414	22.4109
0.5535	-2.61799	18.304	18.2557	18.3541
0.5535	-2.51327	15.0221	14.9818	15.0596
0.5535	-2.40855	12.4488	12.4164	12.4819
0.5535	-2.30383	10.4992	10.4773	10.5275
0.5535	-2.19911	9.07978	9.06185	9.39717
0.5535	-2.0944	8.20758	8.19293	8.24857
0.5535	-1.98968	7.54613	7.41323	7.55817
0.5535	-1.88496	7.01817	7.01095	7.02608
0.5535	-1.78024	6.79251	6.77713	6.81059
0.5535	-1.67552	6.66897	6.65839	6.68048
0.5535	-1.5708	6.66591	6.6591	6.67326
0.5535	-1.46608	6.78097	6.77714	6.78503
0.5535	-1.36136	7.03459	7.0329	7.03632
0.5535	-1.25664	7.46911	7.4687	7.46949
0.5535	-1.15192	8.14709	8.14709	8.14709
0.5535	-1.0472	9.09803	9.09682	9.09919
0.5535	-0.942478	10.4499	10.4497	10.4501
0.5535	-0.837758	12.324	12.324	12.324
0.5535	-0.733038	14.8283	14.8278	14.8289
0.5535	-0.628319	18.0697	18.0683	18.0717
0.5535	-0.523599	22.1485	22.1456	22.1522
0.5535	-0.418879	27.1194	27.1191	27.12
0.5535	-0.314159	32.8043	32.8033	32.8057
0.5535	-0.20944	39.477	39.4752	39.4796
0.5535	-0.10472	47.1513	47.1485	47.1551
0.5535	-2.66454e-15	55.5043	55.5002	55.5098
0.5535	0.10472	64.6037	64.6298	64.6413
0.5535	0.20944	74.4444	74.4384	74.4524
0.5535	0.314159	84.5051	84.4987	84.5137
0.5535	0.418879	94.9959	94.9994	94.9907
0.5535	0.523599	105.255	105.248	105.261
0.5535	0.628319	115.502	115.496	115.511
0.5535	0.733038	125.112	125.107	125.12
0.5535	0.837758	134.145	134.141	134.152
0.5535	0.942478	142.287	142.285	142.292
0.5535	1.0472	149.234	149.232	149.236
0.5535	1.15192	155.023	155.022	155.024
0.5535	1.25664	159.469	159.469	159.469
0.5535	1.36136	162.426	162.426	162.426
0.5535	1.46608	163.743	163.743	163.744
0.5535	1.5708	163.389	163.389	163.389
0.5535	1.67552	161.432	161.432	161.433
0.5535	1.78024	157.949	157.947	157.951
0.5535	1.88496	153.044	153.044	153.046
0.5535	1.98968	146.829	146.827	146.832
0.5535	2.0944	139.593	139.588	139.599
0.5535	2.19911	131.321	131.311	131.332
0.5535	2.30383	122.294	122.278	122.312
0.5535	2.40855	112.786	112.779	112.75
0.5535	2.51327	102.716	102.673	102.727
0.5535	2.61799	92.7135	92.7303	92.765
0.5535	2.72271	82.6219	82.5522	82.6024
0.5535	2.82743	72.883	72.8574	72.9777
0.5535	2.93215	63.5119	63.5327	63.5537
0.5535	3.03687	54.729	54.6915	54.7737
0.5535	3.14159	46.8031	46.7542	46.8315
0.562	-3.14159	53.8296	53.7748	53.9164
0.562	-3.03687	46.5519	46.4936	46.6256
0.562	-2.93215	40.1751	40.1147	40.2493
0.562	-2.82743	34.6957	34.6211	34.7585
0.562	-2.72271	29.9531	29.8902	30.0276
0.562	-2.61799	25.9345	25.8801	26.0001
0.562	-2.51327	22.6949	22.6474	22.7503
0.562	-2.40855	20.1521	20.1097	20.2016
0.562	-2.30383	18.2173	18.1811	18.2572
0.562	-2.19911	16.7935	16.762	16.828
0.562	-2.0944	15.7883	15.7619	15.8173
0.562	-1.98968	15.1178	15.0964	15.1412
0.562	-1.88496	14.7081	14.6915	14.7262
0.562	-1.78024	14.4895	14.4622	14.5128
0.562	-1.67552	14.3797	14.3584	14.4027
0.562	-1.5708	14.4009	14.3851	14.4179
0.562	-1.46608	14.551	14.54	14.5629
0.562	-1.36136	14.8495	14.8424	14.8571
0.562	-1.25664	15.3365	15.3324	15.3407
0.562	-1.15192	16.0713	16.0694	16.0731
0.562	-1.0472	17.0767	17.0706	17.0829
0.562	-0.942478	18.482	18.4786	18.4854
0.562	-0.837758	20.4001	20.3985	20.4015
0.562	-0.733038	22.9337	22.9332	22.934
0.562	-0.628319	26.184	26.184	26.184
0.562	-0.523599	30.2457	30.2456	30.2459
0.562	-0.418879	35.1056	35.105	35.1061
0.562	-0.314159	40.7097	40.7095	40.7097
0.562	-0.20944	47.2638	47.2638	47.2638
0.562	-0.10472	54.7788	54.7787	54.779
0.562	-2.66454e-15	62.979	62.9786	62.9797
0.562	0.10472	71.8784	71.8777	71.8797
0.562	0.20944	81.419	81.4178	81.4209
0.562	0.314159	91.1866	91.1852	91.1888
0.562	0.418879	101.375	101.373	101.377
0.562	0.523599	111.241	111.241	111.303
0.562	0.628319	121.171	121.17	121.205
0.562	0.733038	130.514	130.486	130.489
0.562	0.837758	139.219	139.219	139.221
0.562	0.942478	147.115	147.115	147.116
0.562	1.0472	153.78	153.783	153.781
0.562	1.15192	159.284	159.337	159.284
0.562	1.25664	163.622	163.617	163.625
0.562	1.36136	166.459	166.401	166.46
0.562	1.46608	167.582	167.639	167.578
0.562	1.5708	167.597	167.267	167.207
0.562	1.67552	165.381	165.375	165.393
0.562	1.78024	162.005	162.03	161.974
0.562	1.88496	157.244	157.215	157.224
0.562	1.98968	151.129	151.182	151.197
0.562	2.0944	144.143	144.125	144.166
0.562	2.19911	136.076	136.13	136.093
0.562	2.30383	127.42	127.351	127.358
0.562	2.40855	118.038	118.104	118.129
0.562	2.51327	108.358	108.36	108.381
0.562	2.61799	98.6032	98.5734	98.6408
0.562	2.72271	88.8236	88.6898	88.8791
0.562	2.82743	79.4023	79.2682	79.4615
0.562	2.93215	70.2734	70.1256	70.3397
0.562	3.03687	61.7056	61.5604	61.6923
0.562	3.14159	53.8347	53.776	53.92
0.5705	-3.14159	65.2432	65.0946	65.2777
0.5705	-3.03687	58.1117	58.0238	58.1995
0.5705	-2.93215	51.8454	51.765	51.9408
0.5705	-2.82743	46.4495	46.3718	46.5396
0.5705	-2.72271	41.8855	41.8033	41.9749
0.5705	-2.61799	37.9257	37.8539	38.0137
0.5705	-2.51327	34.7216	34.6535	34.7962
0.5705	-2.40855	32.1956	32.1321	32.2651
0.5705	-2.30383	30.2617	30.2037	30.3252
0.5705	-2.19911	28.8318	28.7799	28.8887
0.5705	-2.0944	27.8197	27.7742	27.8695
0.5705	-1.98968	27.1453	27.1064	27.1877
0.5705	-1.88496	26.738	26.6964	26.7733
0.5705	-1.78024	26.4975	26.4513	26.5477
0.5705	-1.67552	26.4091	26.3708	26.4506
0.5705	-1.5708	26.4634	26.4325	26.4968
0.5705	-1.46608	26.6583	26.634	26.6843
0.5705	-1.36136	27.0117	26.9934	27.0312
0.5705	-1.25664	27.5617	27.5485	27.5757
0.5705	-1.15192	28.3369	28.3151	28.36
0.5705	-1.0472	29.3974	29.381	29.4146
0.5705	-0.942478	30.8685	30.8567	30.8808
0.5705	-0.837758	32.844	32.8359	32.8523
0.5705	-0.733038	35.4211	35.4158	35.4263
0.5705	-0.628319	38.6956	38.6924	38.6986
0.5705	-0.523599	42.7567	42.7551	42.7582
0.5705	-0.418879	47.4369	47.4313	47.4423
0.5705	-0.314159	52.9801	52.9763	52.9837
0.5705	-0.20944	59.4371	59.4345	59.4394
0.5705	-0.10472	66.7961	66.7946	66.7973
0.5705	-2.66454e-15	74.6875	74.6866	74.6882
0.5705	0.10472	83.3757	83.3752	83.3761
0.5705	0.20944	92.7093	92.7091	92.7094
0.5705	0.314159	102.208	102.208	102.208
0.5705	0.418879	112.025	112.022	112.028
0.5705	0.523599	121.642	121.639	121.645
0.5705	0.628319	131.244	131.243	131.244
0.5705	0.733038	140.185	140.181	140.189
0.5705	0.837758	148.602	148.545	148.602
0.5705	0.942478	156.145	156.197	156.158
0.5705	1.0472	162.606	162.604	162.607
0.5705	1.15192	167.925	167.922	167.928
0.5705	1.25664	171.883	171.986	172.009
0.5705	1.36136	174.701	174.567	174.717
0.5705	1.46608	175.863	175.783	175.866
0.5705	1.5708	175.452	175.446	175.458
0.5705	1.67552	173.568	173.554	173.575
0.5705	1.78024	170.13	170.105	170.299
0.5705	1.88496	165.682	165.533	165.599
0.5705	1.98968	159.673	159.807	159.687
0.5705	2.0944	152.94	152.837	152.895
0.5705	2.19911	145.17	144.989	145.235
0.5705	2.30383	136.55	136.501	136.761
0.5705	2.40855	127.68	127.618	127.769
0.5705	2.51327	118.148	118.219	118.332
0.5705	2.61799	108.799	108.756	108.79
0.5705	2.72271	99.1719	99.1227	99.246
0.5705	2.82743	90.1407	89.9209	90.0509
0.5705	2.93215	81.3061	81.0741	81.3826
0.5705	3.03687	72.9299	72.6991	72.8668
0.5705	3.14159	65.1792	65.0887	65.2766
0.579	-3.14159	81.503	81.392	81.8369
0.579	-3.03687	74.7087	74.6037	74.8358
0.579	-2.93215	68.5525	68.4458	68.6752
0.579	-2.82743	63.2375	63.1308	63.5671
0.579	-2.72271	58.7344	58.6292	58.8491
0.579	-2.61799	54.9737	54.8684	55.0886
0.579	-2.51327	51.7903	51.6894	51.9005
0.579	-2.40855	49.2731	49.1778	49.3771
0.579	-2.30383	47.3404	47.2517	47.4372
0.579	-2.19911	45.9085	45.8272	45.9971
0.579	-2.0944	44.8951	44.8218	44.975
0.579	-1.98968	44.21	44.1162	44.2945
0.579	-1.88496	43.7607	43.6771	43.8517
0.579	-1.78024	43.527	43.4535	43.6068
0.579	-1.67552	43.4698	43.4061	43.5388
0.579	-1.5708	43.5676	43.5133	43.6262
0.579	-1.46608	43.8179	43.7725	43.8668
0.579	-1.36136	44.2375	44.1956	44.2775
0.579	-1.25664	44.8122	44.7619	44.8661
0.579	-1.15192	45.6272	45.5854	45.6717
0.579	-1.0472	46.7691	46.7349	46.8054
0.579	-0.942478	48.3188	48.2912	48.3479
0.579	-0.837758	50.3649	50.3429	50.3878
0.579	-0.733038	52.9994	52.9822	53.017
0.579	-0.628319	56.2846	56.2574	56.313
0.579	-0.523599	60.1446	60.1235	60.1664
0.579	-0.418879	64.7964	64.7791	64.814
0.579	-0.314159	70.2958	70.2816	70.31
0.579	-0.20944	76.6737	76.662	76.6852
0.579	-0.10472	83.758	83.749	83.7668
0.579	-2.66454e-15	91.4996	91.4919	91.5068
0.579	0.10472	99.9998	99.9882	100.006
0.579	0.20944	108.792	108.776	108.857
0.579	0.314159	118.098	118.022	118.103
0.579	0.418879	127.637	127.624	127.65
0.579	0.523599	136.969	136.955	136.982
0.579	0.628319	146.21	146.197	146.223
0.579	0.733038	154.822	154.807	154.836
0.579	0.837758	162.977	162.96	162.993
0.579	0.942478	169.955	170.201	170.263
0.579	1.0472	176.418	176.155	176.221
0.579	1.15192	181.363	181.51	181.535
0.579	1.25664	185.408	185.391	185.423
0.579	1.36136	187.947	187.925	187.992
0.579	1.46608	188.77	188.735	188.796
0.579	1.5708	188.682	188.396	188.7
0.579	1.67552	186.704	186.643	186.762
0.579	1.78024	183.575	183.368	183.282
0.579	1.88496	178.752	178.97	179.107
0.579	1.98968	173.456	173.078	173.201
0.579	2.0944	166.645	166.776	166.846
0.579	2.19911	159.192	158.956	159.051
0.579	2.30383	151.004	150.915	151.052
0.579	2.40855	142.386	142.066	142.225
0.579	2.51327	133.256	133.159	133.143
0.579	2.61799	123.926	123.965	124.059
0.579	2.72271	114.794	114.565	114.948
0.579	2.82743	105.852	105.727	106.005
0.579	2.93215	97.1431	97.0542	97.2516
0.579	3.03687	89.2448	88.8494	89.3162
0.579	3.14159	81.503	81.392	81.6555
