#x	y	new0_fix	new11a	new11b
0.0178175	0.002464	31.4636	31.3759	31.5703
0.0178175	0.0024715	28.9117	28.8569	28.9785
0.0178175	0.002479	26.7195	26.6813	26.7658
0.0178175	0.0024865	24.8822	24.8642	24.9038
0.0178175	0.002494	23.4533	23.444	23.4641
0.0178175	0.0025015	22.358	22.3695	22.3718
0.0178175	0.002509	21.6254	21.6265	21.6373
0.0178175	0.0025165	21.1698	21.1745	21.1723
0.0178175	0.002524	21.1454	21.1436	21.1527
0.0178175	0.0025315	21.4794	21.4577	21.5032
0.0178175	0.002539	22.3177	22.2706	22.334
0.0178175	0.0025465	23.5248	23.5048	23.5637
0.0178175	0.002554	25.3084	25.2507	25.3865
0.0184709	0.002464	24.0302	23.9618	24.1177
0.0184709	0.0024715	21.6537	21.6137	21.7048
0.0184709	0.002479	19.5845	19.5436	19.6342
0.0184709	0.0024865	17.8029	17.7831	17.8268
0.0184709	0.002494	16.4329	16.4224	16.4453
0.0184709	0.0025015	15.4097	15.4059	15.4093
0.0184709	0.002509	14.7594	14.7556	14.759
0.0184709	0.0025165	14.4177	14.416	14.4206
0.0184709	0.002524	14.4745	14.468	14.4821
0.0184709	0.0025315	14.9521	14.9366	14.9733
0.0184709	0.002539	15.8467	15.8165	15.8804
0.0184709	0.0025465	17.2238	17.1743	17.2809
0.0184709	0.002554	19.0904	19.0279	19.166
0.0191243	0.002464	18.1265	17.9564	18.1222
0.0191243	0.0024715	15.708	15.6642	15.7609
0.0191243	0.002479	13.7896	13.7609	13.8164
0.0191243	0.0024865	12.1907	12.169	12.213
0.0191243	0.002494	10.8818	10.87	10.8933
0.0191243	0.0025015	9.9138	9.91142	9.91652
0.0191243	0.002509	9.33378	9.3335	9.33408
0.0191243	0.0025165	9.10242	9.10067	9.1044
0.0191243	0.002524	9.25618	9.24973	9.26342
0.0191243	0.0025315	9.84658	9.83257	9.86235
0.0191243	0.002539	10.8404	10.811	10.874
0.0191243	0.0025465	12.3596	12.3114	12.3932
0.0191243	0.002554	14.3176	14.2555	14.372
0.0197777	0.002464	13.4116	13.3337	13.5083
0.0197777	0.0024715	11.1339	11.0872	11.1924
0.0197777	0.002479	9.26754	9.24318	9.29601
0.0197777	0.0024865	7.73555	7.72239	7.75115
0.0197777	0.002494	6.62118	6.62089	6.62733
0.0197777	0.0025015	5.78866	5.78558	5.79223
0.0197777	0.002509	5.28146	5.28116	5.28178
0.0197777	0.0025165	5.15916	5.15745	5.16108
0.0197777	0.002524	5.41194	5.40562	5.42017
0.0197777	0.0025315	6.10247	6.08711	6.11717
0.0197777	0.002539	7.21475	7.18558	7.24803
0.0197777	0.0025465	8.82671	8.78001	8.87849
0.0197777	0.002554	10.899	10.8382	10.9711
0.0204311	0.002464	10.0818	9.99939	10.1842
0.0204311	0.0024715	7.85152	7.80141	7.91403
0.0204311	0.002479	6.0332	6.00724	6.0657
0.0204311	0.0024865	4.55774	4.54331	4.57606
0.0204311	0.002494	3.49946	3.49574	3.50413
0.0204311	0.0025015	2.79731	2.79677	2.79793
0.0204311	0.002509	2.48881	2.48859	2.48911
0.0204311	0.0025165	2.48199	2.48156	2.48248
0.0204311	0.002524	2.83784	2.83169	2.84478
0.0204311	0.0025315	3.62415	3.61063	3.63943
0.0204311	0.002539	4.85007	4.82136	4.88288
0.0204311	0.0025465	6.56609	6.52473	6.61382
0.0204311	0.002554	8.75214	8.69267	8.8228
0.0210845	0.002464	7.95106	7.8738	8.04349
0.0210845	0.0024715	5.77779	5.72409	5.84496
0.0210845	0.002479	4.00836	3.97983	4.04419
0.0210845	0.0024865	2.58692	2.57005	2.60814
0.0210845	0.002494	1.58244	1.57776	1.58838
0.0210845	0.0025015	0.93641	0.935489	0.937566
0.0210845	0.002509	0.685658	0.685602	0.685734
0.0210845	0.0025165	0.792826	0.791114	0.794726
0.0210845	0.002524	1.28768	1.2779	1.29868
0.0210845	0.0025315	2.20739	2.18874	2.22845
0.0210845	0.002539	3.59171	3.55162	3.62767
0.0210845	0.0025465	5.45843	5.43914	5.49972
0.0210845	0.002554	7.79754	7.73967	7.86663
0.021738	0.002464	6.72261	6.64432	6.82113
0.021738	0.0024715	4.65585	4.60937	4.71449
0.021738	0.002479	3.0067	2.98349	3.03624
0.021738	0.0024865	1.72416	1.71136	1.74058
0.021738	0.002494	0.80107	0.795206	0.808418
0.021738	0.0025015	0.209913	0.20848	0.211742
0.021738	0.002509	0.0155386	0.0155386	0.0155386
0.021738	0.0025165	0.212233	0.210685	0.214173
0.021738	0.002524	0.814067	0.804681	0.824586
0.021738	0.0025315	1.83039	1.81293	1.8497
0.021738	0.002539	3.32553	3.28819	3.36492
0.021738	0.0025465	5.2832	5.23096	5.33285
0.021738	0.002554	7.76979	7.78122	7.8362
0.0223914	0.002464	6.57178	6.49389	6.66978
0.0223914	0.0024715	4.55061	4.50375	4.60824
0.0223914	0.002479	2.94993	2.92396	2.97868
0.0223914	0.0024865	1.7106	1.69626	1.72904
0.0223914	0.002494	0.885596	0.884128	0.890049
0.0223914	0.0025015	0.428185	0.427816	0.428699
0.0223914	0.002509	0.363066	0.362717	0.363464
0.0223914	0.0025165	0.623497	0.625896	0.626331
0.0223914	0.002524	1.21118	1.19988	1.22153
0.0223914	0.0025315	2.09062	2.07271	2.11082
0.0223914	0.002539	3.44579	3.41118	3.48137
0.0223914	0.0025465	5.24739	5.19976	5.30259
0.0223914	0.002554	7.585	7.53834	7.66235
0.0230448	0.002464	7.17868	7.09591	7.28234
0.0230448	0.0024715	5.19875	5.14873	5.26249
0.0230448	0.002479	3.58311	3.55627	3.61742
0.0230448	0.0024865	2.34936	2.33429	2.3687
0.0230448	0.002494	1.49977	1.49606	1.50466
0.0230448	0.0025015	1.03932	1.0388	1.04006
0.0230448	0.002509	0.862223	0.862202	0.862247
0.0230448	0.0025165	1.02732	1.02609	1.02868
0.0230448	0.002524	1.59054	1.58329	1.59662
0.0230448	0.0025315	2.55901	2.54202	2.57983
0.0230448	0.002539	4.00407	3.97259	4.03934
0.0230448	0.0025465	5.88384	5.84484	5.92872
0.0230448	0.002554	8.14318	8.08593	8.21092
0.0236982	0.002464	8.55571	8.46538	8.65334
0.0236982	0.0024715	6.54498	6.48899	6.61602
0.0236982	0.002479	4.95476	4.92519	4.99286
0.0236982	0.0024865	3.73944	3.71646	3.76844
0.0236982	0.002494	2.78752	2.77976	2.79745
0.0236982	0.0025015	2.23722	2.23484	2.24026
0.0236982	0.002509	2.07096	2.07096	2.07111
0.0236982	0.0025165	2.31472	2.31369	2.31585
0.0236982	0.002524	2.95822	2.95316	2.96383
0.0236982	0.0025315	4.00522	3.99389	4.01799
0.0236982	0.002539	5.37872	5.35809	5.40213
0.0236982	0.0025465	7.20691	7.16929	7.25028
0.0236982	0.002554	9.56345	9.50812	9.62908
0.0243516	0.002464	10.8001	10.7041	10.9076
0.0243516	0.0024715	8.76096	8.69189	8.84984
0.0243516	0.002479	7.07111	7.03236	7.12034
0.0243516	0.0024865	5.7801	5.76108	5.81056
0.0243516	0.002494	4.87377	4.86562	4.88421
0.0243516	0.0025015	4.36209	4.35938	4.36558
0.0243516	0.002509	4.23979	4.23933	4.23984
0.0243516	0.0025165	4.53685	4.53679	4.53691
0.0243516	0.002524	5.11434	5.11219	5.11674
0.0243516	0.0025315	6.11131	6.10086	6.12328
0.0243516	0.002539	7.56843	7.54877	7.59073
0.0243516	0.0025465	9.49043	9.45419	9.53224
0.0243516	0.002554	11.9419	11.8885	12.0054
0.025005	0.002464	13.7273	13.6194	13.8469
0.025005	0.0024715	11.6581	11.5862	11.7324
0.025005	0.002479	9.99472	9.9557	10.0443
0.025005	0.0024865	8.74114	8.71605	8.77311
0.025005	0.002494	7.88023	7.87144	7.89155
0.025005	0.0025015	7.33811	7.3294	7.34881
0.025005	0.002509	7.11813	7.11688	7.11794
0.025005	0.0025165	7.38238	7.38232	7.38245
0.025005	0.002524	8.04346	8.04155	8.04279
0.025005	0.0025315	9.13799	9.12811	9.14914
0.025005	0.002539	10.6774	10.6588	10.6986
0.025005	0.0025465	12.691	12.6562	12.7312
0.025005	0.002554	15.2352	15.1837	15.2965
0.0256584	0.002464	17.4521	17.3404	17.5766
0.0256584	0.0024715	15.4158	15.3443	15.5063
0.0256584	0.002479	13.8063	13.7658	13.8578
0.0256584	0.0024865	12.583	12.5567	12.6166
0.0256584	0.002494	11.5941	11.5759	11.6167
0.0256584	0.0025015	10.9626	10.9532	10.9743
0.0256584	0.002509	10.7882	10.7872	10.7897
0.0256584	0.0025165	11.1237	11.1236	11.1238
0.0256584	0.002524	11.8574	11.8554	11.8596
0.0256584	0.0025315	13.0343	13.0246	13.0452
0.0256584	0.002539	14.6562	14.6384	14.6763
0.0256584	0.0025465	16.7695	16.7361	16.808
0.0256584	0.002554	19.4042	19.3546	19.4633
