#x	y	new0_fix	new11a	new11b
0.0178175	-3.14159	79.0646	79.0643	79.0649
0.0178175	-3.03687	67.9519	67.9517	67.952
0.0178175	-2.93215	58.1221	58.122	58.1222
0.0178175	-2.82743	49.7293	49.7292	49.7293
0.0178175	-2.72271	42.712	42.7119	42.7121
0.0178175	-2.61799	36.9781	36.9778	36.9784
0.0178175	-2.51327	32.4113	32.4107	32.4119
0.0178175	-2.40855	28.8783	28.8772	28.8794
0.0178175	-2.30383	26.237	26.235	26.239
0.0178175	-2.19911	24.3106	24.3106	24.3106
0.0178175	-2.0944	22.9607	22.9605	22.9608
0.0178175	-1.98968	22.0767	22.0698	22.0789
0.0178175	-1.88496	21.5484	21.5465	21.5294
0.0178175	-1.78024	21.2591	21.2283	21.2388
0.0178175	-1.67552	21.1454	21.1436	21.1527
0.0178175	-1.5708	21.1698	21.1599	21.1723
0.0178175	-1.46608	21.3341	21.2672	21.2756
0.0178175	-1.36136	21.517	21.5105	21.5319
0.0178175	-1.25664	21.9976	21.9876	22.0091
0.0178175	-1.15192	22.7916	22.784	22.8143
0.0178175	-1.0472	24.0367	24.018	24.0582
0.0178175	-0.942478	25.7969	25.797	25.8083
0.0178175	-0.837758	28.2716	28.3717	28.2866
0.0178175	-0.733038	31.6115	31.8327	31.8386
0.0178175	-0.628319	36.1701	36.7419	36.1804
0.0178175	-0.523599	41.6492	42.8105	41.7278
0.0178175	-0.418879	48.609	49.6378	48.6649
0.0178175	-0.314159	56.9448	57.8888	56.9657
0.0178175	-0.20944	66.8087	67.5971	66.8337
0.0178175	-0.10472	78.2267	79.6747	78.721
0.0178175	-2.66454e-15	91.1763	92.2193	91.5369
0.0178175	0.10472	105.34	106.939	106.019
0.0178175	0.20944	120.621	122.104	121.399
0.0178175	0.314159	136.959	138.348	136.986
0.0178175	0.418879	154.088	155.409	154.115
0.0178175	0.523599	171.682	172.968	171.71
0.0178175	0.628319	189.363	190.215	189.39
0.0178175	0.733038	206.706	207.069	207.075
0.0178175	0.837758	222.747	223.157	223.162
0.0178175	0.942478	237.533	237.884	237.957
0.0178175	1.0472	250.5	250.641	250.654
0.0178175	1.15192	261.415	261.672	261.682
0.0178175	1.25664	269.879	270.264	270.27
0.0178175	1.36136	275.558	275.606	275.621
0.0178175	1.46608	278.23	278.217	278.43
0.0178175	1.5708	277.894	277.885	278.23
0.0178175	1.67552	274.57	274.562	274.577
0.0178175	1.78024	268.386	268.384	268.39
0.0178175	1.88496	259.32	259.314	259.329
0.0178175	1.98968	248.059	248.055	248.064
0.0178175	2.0944	234.847	234.846	234.849
0.0178175	2.19911	220.048	220.043	220.054
0.0178175	2.30383	204.122	204.12	204.125
0.0178175	2.40855	187.409	187.403	187.415
0.0178175	2.51327	170.045	170.042	170.049
0.0178175	2.61799	152.823	152.821	152.825
0.0178175	2.72271	136.089	136.088	136.089
0.0178175	2.82743	120.138	120.138	120.138
0.0178175	2.93215	105.207	105.207	105.207
0.0178175	3.03687	91.475	91.4749	91.4751
0.0178175	3.14159	79.0646	79.0643	79.0649
0.0184709	-3.14159	69.4485	69.4482	69.4488
0.0184709	-3.03687	58.7559	58.7558	58.756
0.0184709	-2.93215	49.451	49.4509	49.451
0.0184709	-2.82743	41.5105	41.5104	41.5105
0.0184709	-2.72271	34.8756	34.8755	34.8758
0.0184709	-2.61799	29.4439	29.4421	29.4459
0.0184709	-2.51327	25.1053	25.1041	25.1067
0.0184709	-2.40855	21.7427	21.7421	21.7435
0.0184709	-2.30383	19.2193	19.2191	19.2196
0.0184709	-2.19911	17.3954	17.3954	17.3954
0.0184709	-2.0944	16.1355	16.1356	16.1356
0.0184709	-1.98968	15.3113	15.3106	15.3121
0.0184709	-1.88496	14.8131	14.8141	14.8153
0.0184709	-1.78024	14.5513	14.5634	14.5717
0.0184709	-1.67552	14.4535	14.451	14.4547
0.0184709	-1.5708	14.4177	14.416	14.4206
0.0184709	-1.46608	14.5152	14.511	14.5172
0.0184709	-1.36136	14.7468	14.7574	14.7594
0.0184709	-1.25664	15.2264	15.2163	15.2376
0.0184709	-1.15192	15.9902	15.9688	16.0034
0.0184709	-1.0472	17.0933	17.0867	17.0997
0.0184709	-0.942478	18.7252	18.7243	18.7391
0.0184709	-0.837758	21.0693	21.2621	21.0804
0.0184709	-0.733038	24.2587	24.3698	24.2794
0.0184709	-0.628319	28.4466	28.425	28.4719
0.0184709	-0.523599	33.7492	33.7567	33.763
0.0184709	-0.418879	40.2899	40.3472	40.413
0.0184709	-0.314159	48.2092	48.9987	48.4004
0.0184709	-0.20944	57.5789	58.6215	57.8276
0.0184709	-0.10472	68.5157	69.257	68.4538
0.0184709	-2.66454e-15	80.7243	81.2849	80.7569
0.0184709	0.10472	94.3767	94.6286	94.5554
0.0184709	0.20944	108.883	109.155	109.237
0.0184709	0.314159	124.389	124.67	124.755
0.0184709	0.418879	140.644	141.809	141.007
0.0184709	0.523599	157.339	158.469	157.683
0.0184709	0.628319	174.111	175.094	174.421
0.0184709	0.733038	190.558	190.796	190.816
0.0184709	0.837758	205.984	205.975	206.324
0.0184709	0.942478	219.988	219.98	219.999
0.0184709	1.0472	232.338	232.393	232.408
0.0184709	1.15192	242.659	242.646	242.837
0.0184709	1.25664	250.651	250.641	250.664
0.0184709	1.36136	256.049	256.042	256.058
0.0184709	1.46608	258.586	258.572	258.68
0.0184709	1.5708	258.443	258.441	258.234
0.0184709	1.67552	255.024	255.018	255.032
0.0184709	1.78024	249.114	249.113	249.12
0.0184709	1.88496	240.592	240.584	240.601
0.0184709	1.98968	229.873	229.869	229.878
0.0184709	2.0944	217.31	217.309	217.313
0.0184709	2.19911	203.294	203.294	203.295
0.0184709	2.30383	188.234	188.234	188.234
0.0184709	2.40855	172.237	172.232	172.243
0.0184709	2.51327	155.738	155.735	155.742
0.0184709	2.61799	139.401	139.399	139.403
0.0184709	2.72271	123.533	123.532	123.533
0.0184709	2.82743	108.412	108.412	108.412
0.0184709	2.93215	94.263	94.263	94.263
0.0184709	3.03687	81.2545	81.2544	81.2546
0.0184709	3.14159	69.4485	69.4482	69.4488
0.0191243	-3.14159	61.2758	61.2756	61.276
0.0191243	-3.03687	51.1385	51.1379	51.1391
0.0191243	-2.93215	42.3179	42.3169	42.3189
0.0191243	-2.82743	34.7902	34.789	34.7914
0.0191243	-2.72271	28.482	28.4797	28.4846
0.0191243	-2.61799	23.3348	23.3329	23.3369
0.0191243	-2.51327	19.2344	19.2331	19.236
0.0191243	-2.40855	16.0602	16.0594	16.061
0.0191243	-2.30383	13.682	13.6818	13.6823
0.0191243	-2.19911	11.9673	11.9673	11.9673
0.0191243	-2.0944	10.7866	10.7865	10.7867
0.0191243	-1.98968	10.02	10.0192	10.0208
0.0191243	-1.88496	9.56376	9.56176	9.564
0.0191243	-1.78024	9.26545	9.26544	9.26546
0.0191243	-1.67552	9.12203	9.12152	9.12259
0.0191243	-1.5708	9.10242	9.10067	9.1044
0.0191243	-1.46608	9.21103	9.20267	9.20696
0.0191243	-1.36136	9.45777	9.45098	9.46516
0.0191243	-1.25664	9.89732	9.89411	9.89945
0.0191243	-1.15192	10.549	10.5447	10.5476
0.0191243	-1.0472	11.5932	11.5868	11.6007
0.0191243	-0.942478	13.1573	13.1444	13.1687
0.0191243	-0.837758	15.3826	15.3648	15.3983
0.0191243	-0.733038	18.4085	18.3909	18.4288
0.0191243	-0.628319	22.3499	22.341	22.3605
0.0191243	-0.523599	27.3533	27.3411	27.3677
0.0191243	-0.418879	33.5732	33.7105	33.5917
0.0191243	-0.314159	41.1052	41.2971	41.3721
0.0191243	-0.20944	50.0135	50.2561	50.3393
0.0191243	-0.10472	60.3233	60.7615	60.6353
0.0191243	-2.66454e-15	72.0142	72.661	72.3783
0.0191243	0.10472	85.0141	85.2789	85.2851
0.0191243	0.20944	98.968	99.3116	99.0589
0.0191243	0.314159	113.693	114.045	114.132
0.0191243	0.418879	129.125	129.475	129.549
0.0191243	0.523599	144.972	145.304	145.369
0.0191243	0.628319	160.888	161.251	161.154
0.0191243	0.733038	176.491	176.863	176.734
0.0191243	0.837758	191.339	191.329	191.352
0.0191243	0.942478	204.605	204.596	204.616
0.0191243	1.0472	216.356	216.349	216.365
0.0191243	1.15192	226.139	226.125	226.229
0.0191243	1.25664	233.686	233.675	233.7
0.0191243	1.36136	238.768	238.76	238.778
0.0191243	1.46608	241.217	241.212	241.224
0.0191243	1.5708	240.843	240.954	240.856
0.0191243	1.67552	237.766	237.76	237.775
0.0191243	1.78024	232.119	232.115	232.124
0.0191243	1.88496	224.105	224.102	224.107
0.0191243	1.98968	213.904	213.9	213.91
0.0191243	2.0944	201.954	201.952	201.956
0.0191243	2.19911	188.63	188.63	188.631
0.0191243	2.30383	174.273	174.271	174.275
0.0191243	2.40855	158.906	158.906	158.907
0.0191243	2.51327	143.339	143.339	143.339
0.0191243	2.61799	127.863	127.863	127.864
0.0191243	2.72271	112.828	112.827	112.829
0.0191243	2.82743	98.4975	98.4952	98.4999
0.0191243	2.93215	85.0855	85.0819	85.0893
0.0191243	3.03687	72.7144	72.7144	72.7144
0.0191243	3.14159	61.2758	61.2756	61.276
0.0197777	-3.14159	54.6275	54.6269	54.628
0.0197777	-3.03687	45.0137	45.0126	45.0148
0.0197777	-2.93215	36.6497	36.6482	36.6514
0.0197777	-2.82743	29.5126	29.5107	29.5145
0.0197777	-2.72271	23.5405	23.538	23.5433
0.0197777	-2.61799	18.6659	18.6639	18.6682
0.0197777	-2.51327	14.7851	14.7837	14.7868
0.0197777	-2.40855	11.7835	11.7827	11.7844
0.0197777	-2.30383	9.53762	9.53734	9.53797
0.0197777	-2.19911	7.92174	7.92173	7.92176
0.0197777	-2.0944	6.80605	6.80368	6.80876
0.0197777	-1.98968	6.0398	6.03874	6.04101
0.0197777	-1.88496	5.56104	5.56081	5.56131
0.0197777	-1.78024	5.28886	5.28886	5.28887
0.0197777	-1.67552	5.16541	5.16493	5.16595
0.0197777	-1.5708	5.15916	5.15745	5.16108
0.0197777	-1.46608	5.26752	5.26383	5.27173
0.0197777	-1.36136	5.48379	5.4833	5.48441
0.0197777	-1.25664	5.8427	5.84089	5.84481
0.0197777	-1.15192	6.47178	6.46796	6.47624
0.0197777	-1.0472	7.47528	7.46746	7.48283
0.0197777	-0.942478	8.96895	8.96341	8.98345
0.0197777	-0.837758	11.0908	11.0774	11.1064
0.0197777	-0.733038	13.9262	13.9198	13.9338
0.0197777	-0.628319	17.6546	17.6452	17.6657
0.0197777	-0.523599	22.4234	22.4107	22.4384
0.0197777	-0.418879	28.3472	28.3311	28.3663
0.0197777	-0.314159	35.5173	35.7392	35.773
0.0197777	-0.20944	43.9948	44.19	44.233
0.0197777	-0.10472	53.8804	54.1145	54.024
0.0197777	-2.66454e-15	64.9232	65.1334	65.1616
0.0197777	0.10472	77.2853	77.3994	77.4336
0.0197777	0.20944	90.748	90.7446	90.7681
0.0197777	0.314159	104.736	104.725	104.75
0.0197777	0.418879	119.395	119.557	119.413
0.0197777	0.523599	134.442	134.586	134.638
0.0197777	0.628319	149.551	149.676	149.728
0.0197777	0.733038	164.358	164.464	164.515
0.0197777	0.837758	178.472	178.562	178.61
0.0197777	0.942478	191.233	191.224	191.245
0.0197777	1.0472	202.36	202.353	202.369
0.0197777	1.15192	211.694	211.689	211.701
0.0197777	1.25664	218.825	218.814	218.84
0.0197777	1.36136	223.61	223.602	223.621
0.0197777	1.46608	225.894	225.889	225.901
0.0197777	1.5708	225.599	225.588	225.609
0.0197777	1.67552	222.636	222.629	222.645
0.0197777	1.78024	217.235	217.232	217.241
0.0197777	1.88496	209.592	209.59	209.594
0.0197777	1.98968	199.968	199.967	199.968
0.0197777	2.0944	188.623	188.621	188.626
0.0197777	2.19911	175.953	175.952	175.954
0.0197777	2.30383	162.083	162.081	162.085
0.0197777	2.40855	147.477	147.477	147.478
0.0197777	2.51327	132.665	132.665	132.665
0.0197777	2.61799	117.982	117.982	117.982
0.0197777	2.72271	103.724	103.723	103.752
0.0197777	2.82743	90.1549	90.1525	90.1575
0.0197777	2.93215	77.433	77.4293	77.437
0.0197777	3.03687	65.477	65.4768	65.4771
0.0197777	3.14159	54.6275	54.6269	54.628
0.0204311	-3.14159	49.4579	49.4568	49.459
0.0204311	-3.03687	40.3341	40.3323	40.336
0.0204311	-2.93215	32.3966	32.3943	32.3992
0.0204311	-2.82743	25.6233	25.6198	25.6262
0.0204311	-2.72271	19.9617	19.959	19.9647
0.0204311	-2.61799	15.3396	15.3374	15.3421
0.0204311	-2.51327	11.6614	11.6586	11.6632
0.0204311	-2.40855	8.77441	8.77143	8.77804
0.0204311	-2.30383	6.61615	6.61415	6.61857
0.0204311	-2.19911	5.06314	5.06208	5.06441
0.0204311	-2.0944	3.99451	3.99417	3.9949
0.0204311	-1.98968	3.27966	3.27852	3.28096
0.0204311	-1.88496	2.83503	2.83476	2.83534
0.0204311	-1.78024	2.58744	2.58744	2.58745
0.0204311	-1.67552	2.48199	2.48156	2.48248
0.0204311	-1.5708	2.48857	2.48695	2.48911
0.0204311	-1.46608	2.51131	2.51075	2.51196
0.0204311	-1.36136	2.65655	2.65464	2.65874
0.0204311	-1.25664	2.9778	2.97373	2.98237
0.0204311	-1.15192	3.55454	3.5477	3.5624
0.0204311	-1.0472	4.48899	4.47873	4.50079
0.0204311	-0.942478	5.87793	5.87374	5.88288
0.0204311	-0.837758	7.83412	7.82763	7.84236
0.0204311	-0.733038	10.5446	10.5343	10.5568
0.0204311	-0.628319	14.1478	14.1337	14.1643
0.0204311	-0.523599	18.775	18.7556	18.7956
0.0204311	-0.418879	24.5101	24.4936	24.5296
0.0204311	-0.314159	31.3432	31.3234	31.3668
0.0204311	-0.20944	39.4182	39.3951	39.4457
0.0204311	-0.10472	48.7572	48.7313	48.7884
0.0204311	-2.66454e-15	59.3411	59.3126	59.3755
0.0204311	0.10472	71.1096	71.0956	71.1281
0.0204311	0.20944	83.8494	83.8332	83.8709
0.0204311	0.314159	97.3313	97.3199	97.3457
0.0204311	0.418879	111.263	111.252	111.278
0.0204311	0.523599	125.626	125.68	125.73
0.0204311	0.628319	139.974	140.012	140.062
0.0204311	0.733038	154.029	154.007	154.101
0.0204311	0.837758	167.421	167.401	167.477
0.0204311	0.942478	179.735	179.725	179.747
0.0204311	1.0472	190.274	190.266	190.284
0.0204311	1.15192	199.106	199.101	199.114
0.0204311	1.25664	205.928	205.916	205.943
0.0204311	1.36136	210.433	210.424	210.444
0.0204311	1.46608	212.561	212.555	212.568
0.0204311	1.5708	212.246	212.243	212.25
0.0204311	1.67552	209.489	209.482	209.499
0.0204311	1.78024	204.322	204.318	204.328
0.0204311	1.88496	197.028	197.027	197.031
0.0204311	1.98968	187.859	187.858	187.859
0.0204311	2.0944	177.115	177.115	177.115
0.0204311	2.19911	165.053	165.051	165.056
0.0204311	2.30383	151.714	151.712	151.717
0.0204311	2.40855	137.826	137.826	137.827
0.0204311	2.51327	123.747	123.747	123.747
0.0204311	2.61799	109.795	109.795	109.795
0.0204311	2.72271	96.2516	96.2505	96.2526
0.0204311	2.82743	83.3528	83.3505	83.3552
0.0204311	2.93215	71.1566	71.1523	71.1614
0.0204311	3.03687	59.7552	59.7547	59.7556
0.0204311	3.14159	49.4579	49.4568	49.459
0.0210845	-3.14159	45.6328	45.6094	45.6447
0.0210845	-3.03687	36.9718	36.9598	36.986
0.0210845	-2.93215	29.4449	29.4315	29.4608
0.0210845	-2.82743	22.98	22.9739	22.9874
0.0210845	-2.72271	17.4934	17.4872	17.5009
0.0210845	-2.61799	13.0204	13.0147	13.0275
0.0210845	-2.51327	9.46547	9.46046	9.47164
0.0210845	-2.40855	6.71978	6.7158	6.72468
0.0210845	-2.30383	4.66733	4.66452	4.67078
0.0210845	-2.19911	3.19012	3.18847	3.19215
0.0210845	-2.0944	2.17364	2.17294	2.17448
0.0210845	-1.98968	1.51032	1.51015	1.51054
0.0210845	-1.88496	1.10489	1.10487	1.1049
0.0210845	-1.78024	0.883914	0.883414	0.884457
0.0210845	-1.67552	0.736858	0.736682	0.737077
0.0210845	-1.5708	0.685658	0.685602	0.685734
0.0210845	-1.46608	0.720217	0.71965	0.720689
0.0210845	-1.36136	0.871857	0.870051	0.873836
0.0210845	-1.25664	1.19161	1.18779	1.19604
0.0210845	-1.15192	1.7572	1.74959	1.76402
0.0210845	-1.0472	2.63872	2.63488	2.64361
0.0210845	-0.942478	3.92285	3.91851	3.92798
0.0210845	-0.837758	5.80502	5.79782	5.81349
0.0210845	-0.733038	8.40524	8.39469	8.41805
0.0210845	-0.628319	11.8552	11.841	11.8719
0.0210845	-0.523599	16.2777	16.2595	16.3
0.0210845	-0.418879	21.7737	21.7563	21.796
0.0210845	-0.314159	28.4164	28.3945	28.4448
0.0210845	-0.20944	36.1901	36.1668	36.1494
0.0210845	-0.10472	45.0891	45.0629	45.1207
0.0210845	-2.66454e-15	55.1393	55.1284	55.1535
0.0210845	0.10472	66.212	66.2373	66.268
0.0210845	0.20944	78.3747	78.368	78.395
0.0210845	0.314159	91.3604	91.3433	91.3728
0.0210845	0.418879	104.686	104.674	104.701
0.0210845	0.523599	118.395	118.375	118.423
0.0210845	0.628319	132.013	131.992	132.04
0.0210845	0.733038	145.347	145.327	145.374
0.0210845	0.837758	158.047	158.028	158.072
0.0210845	0.942478	169.754	169.737	169.776
0.0210845	1.0472	179.972	179.965	179.983
0.0210845	1.15192	188.331	188.326	188.339
0.0210845	1.25664	194.793	194.789	194.798
0.0210845	1.36136	199.105	199.096	199.117
0.0210845	1.46608	201.087	201.081	201.095
0.0210845	1.5708	200.748	200.745	200.752
0.0210845	1.67552	198.108	198.107	198.11
0.0210845	1.78024	193.249	193.245	193.255
0.0210845	1.88496	186.286	186.284	186.289
0.0210845	1.98968	177.545	177.545	177.546
0.0210845	2.0944	167.314	167.314	167.314
0.0210845	2.19911	155.606	155.605	155.609
0.0210845	2.30383	142.932	142.932	142.932
0.0210845	2.40855	129.755	129.754	129.755
0.0210845	2.51327	116.402	116.401	116.404
0.0210845	2.61799	103.176	103.171	103.18
0.0210845	2.72271	90.3129	90.3119	90.3139
0.0210845	2.82743	77.9658	77.9625	77.9878
0.0210845	2.93215	66.2072	66.2017	66.2135
0.0210845	3.03687	55.3908	55.3829	55.3999
0.0210845	3.14159	45.6328	45.6094	45.6447
0.021738	-3.14159	43.0481	43.0365	43.0621
0.021738	-3.03687	34.8372	34.8238	34.8534
0.021738	-2.93215	27.5589	27.5519	27.5676
0.021738	-2.82743	21.3044	21.2968	21.3138
0.021738	-2.72271	16.0858	16.0782	16.0953
0.021738	-2.61799	11.8299	11.8227	11.8389
0.021738	-2.51327	8.44591	8.43971	8.45377
0.021738	-2.40855	5.83083	5.8257	5.83721
0.021738	-2.30383	3.8747	3.87093	3.87938
0.021738	-2.19911	2.46578	2.46339	2.46897
0.021738	-2.0944	1.49585	1.49444	1.49726
0.021738	-1.98968	0.865417	0.865189	0.865659
0.021738	-1.88496	0.470199	0.466549	0.474787
0.021738	-1.78024	0.2044	0.202704	0.206534
0.021738	-1.67552	0.0615279	0.0610895	0.0620811
0.021738	-1.5708	0.0155386	0.0155386	0.0155386
0.021738	-1.46608	0.0626925	0.062256	0.0631903
0.021738	-1.36136	0.22432	0.222572	0.226311
0.021738	-1.25664	0.546705	0.545553	0.54686
0.021738	-1.15192	1.0447	1.0434	1.04631
0.021738	-1.0472	1.88112	1.87753	1.88566
0.021738	-0.942478	3.13145	3.12697	3.13673
0.021738	-0.837758	4.94756	4.94022	4.9562
0.021738	-0.733038	7.44763	7.43694	7.46021
0.021738	-0.628319	10.7431	10.7347	10.7537
0.021738	-0.523599	14.9383	14.9258	14.9541
0.021738	-0.418879	20.1677	20.1508	20.1892
0.021738	-0.314159	26.5116	26.4902	26.5348
0.021738	-0.20944	33.9512	33.9394	33.9662
0.021738	-0.10472	42.5706	42.5555	42.5635
0.021738	-2.66454e-15	52.1679	52.1573	52.1816
0.021738	0.10472	62.7527	62.7398	62.7695
0.021738	0.20944	74.2984	74.2834	74.3179
0.021738	0.314159	86.6508	86.6341	86.6725
0.021738	0.418879	99.5894	99.5773	99.6047
0.021738	0.523599	112.599	112.591	112.534
0.021738	0.628319	125.552	125.541	125.563
0.021738	0.733038	138.231	138.212	138.257
0.021738	0.837758	150.294	150.276	150.318
0.021738	0.942478	161.407	161.392	161.429
0.021738	1.0472	171.239	171.225	171.257
0.021738	1.15192	179.254	179.249	179.262
0.021738	1.25664	185.36	185.356	185.365
0.021738	1.36136	189.457	189.455	189.46
0.021738	1.46608	191.354	191.349	191.362
0.021738	1.5708	190.993	190.99	190.998
0.021738	1.67552	188.447	188.445	188.449
0.021738	1.78024	183.812	183.812	183.813
0.021738	1.88496	177.249	177.247	177.252
0.021738	1.98968	168.914	168.913	168.915
0.021738	2.0944	159.053	159.053	159.053
0.021738	2.19911	147.837	147.836	147.839
0.021738	2.30383	135.777	135.777	135.777
0.021738	2.40855	123.242	123.242	123.243
0.021738	2.51327	110.546	110.544	110.548
0.021738	2.61799	97.9721	97.9673	97.9773
0.021738	2.72271	85.7714	85.7629	85.7809
0.021738	2.82743	73.7918	73.7882	73.796
0.021738	2.93215	62.5947	62.5885	62.602
0.021738	3.03687	52.318	52.309	52.3287
0.021738	3.14159	43.0481	43.0365	43.0621
0.0223914	-3.14159	41.6825	41.6703	41.6971
0.0223914	-3.03687	33.7206	33.7137	33.7292
0.0223914	-2.93215	26.735	26.727	26.7448
0.0223914	-2.82743	20.7816	20.773	20.7922
0.0223914	-2.72271	15.8125	15.8039	15.8232
0.0223914	-2.61799	11.758	11.7499	11.7681
0.0223914	-2.51327	8.48302	8.47935	8.48771
0.0223914	-2.40855	5.95763	5.95484	5.96123
0.0223914	-2.30383	4.08039	4.07857	4.08276
0.0223914	-2.19911	2.72398	2.72319	2.72488
0.0223914	-2.0944	1.77705	1.77411	1.78457
0.0223914	-1.98968	1.14644	1.14283	1.15114
0.0223914	-1.88496	0.749078	0.747292	0.751443
0.0223914	-1.78024	0.514968	0.514435	0.51571
0.0223914	-1.67552	0.394861	0.394854	0.394883
0.0223914	-1.5708	0.363066	0.362717	0.363464
0.0223914	-1.46608	0.418375	0.416725	0.419703
0.0223914	-1.36136	0.508916	0.508958	0.508998
0.0223914	-1.25664	0.756574	0.751637	0.753365
0.0223914	-1.15192	1.21768	1.21402	1.22213
0.0223914	-1.0472	2.01284	2.00773	2.02164
0.0223914	-0.942478	3.23947	3.23743	3.24531
0.0223914	-0.837758	4.95811	4.9504	4.96159
0.0223914	-0.733038	7.34414	7.33622	7.35387
0.0223914	-0.628319	10.5293	10.5172	10.5443
0.0223914	-0.523599	14.6352	14.6185	14.6562
0.0223914	-0.418879	19.713	19.6966	19.7339
0.0223914	-0.314159	25.7474	25.7393	25.7575
0.0223914	-0.20944	32.8399	32.8286	32.8542
0.0223914	-0.10472	41.0664	41.0518	41.0848
0.0223914	-2.66454e-15	50.4091	50.3913	50.4317
0.0223914	0.10472	60.5166	60.5042	60.5327
0.0223914	0.20944	71.5159	71.5014	71.5346
0.0223914	0.314159	83.2791	83.263	83.3
0.0223914	0.418879	95.6134	95.5962	95.6358
0.0223914	0.523599	108.162	108.154	108.154
0.0223914	0.628319	120.478	120.471	120.488
0.0223914	0.733038	132.545	132.538	132.555
0.0223914	0.837758	144.026	144.009	144.049
0.0223914	0.942478	154.577	154.562	154.598
0.0223914	1.0472	163.904	163.891	163.922
0.0223914	1.15192	171.714	171.704	171.728
0.0223914	1.25664	177.605	177.601	177.611
0.0223914	1.36136	181.466	181.464	181.469
0.0223914	1.46608	183.286	183.284	183.288
0.0223914	1.5708	182.942	182.938	182.947
0.0223914	1.67552	180.485	180.484	180.488
0.0223914	1.78024	176.046	176.046	176.047
0.0223914	1.88496	169.784	169.784	169.784
0.0223914	1.98968	161.701	161.7	161.703
0.0223914	2.0944	152.158	152.158	152.158
0.0223914	2.19911	141.535	141.534	141.535
0.0223914	2.30383	130.079	130.079	130.079
0.0223914	2.40855	118.153	118.153	118.154
0.0223914	2.51327	106.077	106.075	106.079
0.0223914	2.61799	94.12	94.1149	94.1256
0.0223914	2.72271	82.3252	82.3234	82.3272
0.0223914	2.82743	70.9227	70.9187	70.9273
0.0223914	2.93215	60.2733	60.2666	60.2812
0.0223914	3.03687	50.4993	50.4899	50.5107
0.0223914	3.14159	41.6825	41.6703	41.6971
0.0230448	-3.14159	41.3274	41.3214	41.3347
0.0230448	-3.03687	33.6706	33.663	33.68
0.0230448	-2.93215	27.0171	27.0082	27.0281
0.0230448	-2.82743	21.303	21.2844	21.313
0.0230448	-2.72271	16.4472	16.4297	16.4529
0.0230448	-2.61799	12.2917	12.2869	12.2978
0.0230448	-2.51327	8.97228	8.96816	8.97754
0.0230448	-2.40855	6.4041	6.39808	6.41155
0.0230448	-2.30383	4.46087	4.45636	4.46647
0.0230448	-2.19911	3.08779	3.08481	3.09148
0.0230448	-2.0944	2.16582	2.16426	2.16779
0.0230448	-1.98968	1.58654	1.58613	1.58703
0.0230448	-1.88496	1.25481	1.25482	1.25482
0.0230448	-1.78024	1.04134	1.03919	1.04403
0.0230448	-1.67552	0.913646	0.912982	0.91448
0.0230448	-1.5708	0.862223	0.862202	0.862247
0.0230448	-1.46608	0.883227	0.88296	0.883524
0.0230448	-1.36136	0.998346	0.996741	0.999743
0.0230448	-1.25664	1.26085	1.25753	1.26502
0.0230448	-1.15192	1.7248	1.7239	1.72591
0.0230448	-1.0472	2.49054	2.48746	2.49414
0.0230448	-0.942478	3.68238	3.67852	3.68706
0.0230448	-0.837758	5.43241	5.42836	5.43731
0.0230448	-0.733038	7.81281	7.80539	7.82194
0.0230448	-0.628319	11.0223	11.0108	11.0366
0.0230448	-0.523599	15.1363	15.1186	15.1584
0.0230448	-0.418879	20.0743	20.0663	20.0841
0.0230448	-0.314159	25.9507	25.9391	25.9648
0.0230448	-0.20944	32.8542	32.8433	32.8677
0.0230448	-0.10472	40.7114	40.6973	40.729
0.0230448	-2.66454e-15	49.6296	49.6125	49.6512
0.0230448	0.10472	59.4769	59.465	59.4923
0.0230448	0.20944	69.9611	69.9472	69.9789
0.0230448	0.314159	81.1684	81.153	81.1883
0.0230448	0.418879	92.9149	92.8984	92.9363
0.0230448	0.523599	104.975	104.958	104.997
0.0230448	0.628319	116.762	116.755	116.771
0.0230448	0.733038	128.234	128.227	128.243
0.0230448	0.837758	139.162	139.157	139.17
0.0230448	0.942478	149.205	149.19	149.224
0.0230448	1.0472	158.055	158.043	158.072
0.0230448	1.15192	165.458	165.449	165.472
0.0230448	1.25664	171.175	171.168	171.185
0.0230448	1.36136	174.939	174.936	174.942
0.0230448	1.46608	176.63	176.629	176.633
0.0230448	1.5708	176.325	176.325	176.325
0.0230448	1.67552	173.988	173.987	173.991
0.0230448	1.78024	169.732	169.732	169.733
0.0230448	1.88496	163.619	163.616	163.623
0.0230448	1.98968	155.83	155.829	155.831
0.0230448	2.0944	146.734	146.734	146.734
0.0230448	2.19911	136.616	136.615	136.617
0.0230448	2.30383	125.773	125.77	125.776
0.0230448	2.40855	114.437	114.437	114.438
0.0230448	2.51327	102.946	102.944	102.949
0.0230448	2.61799	91.5491	91.5423	91.5573
0.0230448	2.72271	80.1496	80.1475	80.152
0.0230448	2.82743	69.2991	69.295	69.3043
0.0230448	2.93215	59.1658	59.1587	59.1743
0.0230448	3.03687	49.8647	49.8547	49.8768
0.0230448	3.14159	41.3274	41.3214	41.3347
0.0236982	-3.14159	41.9474	41.927	41.973
0.0236982	-3.03687	34.6526	34.635	34.6751
0.0236982	-2.93215	28.1285	28.1351	28.1534
0.0236982	-2.82743	22.4094	22.403	22.4175
0.0236982	-2.72271	17.4479	17.4414	17.4561
0.0236982	-2.61799	13.2954	13.2857	13.3074
0.0236982	-2.51327	9.99061	9.98192	10.0014
0.0236982	-2.40855	7.46252	7.45522	7.47155
0.0236982	-2.30383	5.59604	5.5904	5.60304
0.0236982	-2.19911	4.27452	4.2706	4.27938
0.0236982	-2.0944	3.38485	3.38254	3.38771
0.0236982	-1.98968	2.82778	2.82729	2.82844
0.0236982	-1.88496	2.4697	2.46426	2.47652
0.0236982	-1.78024	2.24255	2.23959	2.24628
0.0236982	-1.67552	2.11772	2.11656	2.11919
0.0236982	-1.5708	2.07096	2.07096	2.07111
0.0236982	-1.46608	2.10578	2.10553	2.10607
0.0236982	-1.36136	2.23571	2.23436	2.23726
0.0236982	-1.25664	2.47725	2.47724	2.47725
0.0236982	-1.15192	2.90252	2.90182	2.90338
0.0236982	-1.0472	3.65464	3.65203	3.65789
0.0236982	-0.942478	4.8245	4.82046	4.82927
0.0236982	-0.837758	6.55387	6.54708	6.56187
0.0236982	-0.733038	8.97136	8.96133	8.98316
0.0236982	-0.628319	12.1744	12.1673	12.1832
0.0236982	-0.523599	16.1922	16.1769	16.2114
0.0236982	-0.418879	21.1649	21.1575	21.174
0.0236982	-0.314159	27.0123	27	27.0273
0.0236982	-0.20944	33.7624	33.7479	33.7803
0.0236982	-0.10472	41.4438	41.4304	41.4605
0.0236982	-2.66454e-15	49.9621	49.9457	49.9826
0.0236982	0.10472	59.4343	59.415	59.4584
0.0236982	0.20944	69.5668	69.5545	69.5838
0.0236982	0.314159	80.2493	80.2345	80.2682
0.0236982	0.418879	91.4408	91.4248	91.4611
0.0236982	0.523599	102.926	102.909	102.947
0.0236982	0.628319	114.328	114.321	114.337
0.0236982	0.733038	125.238	125.232	125.246
0.0236982	0.837758	135.625	135.62	135.632
0.0236982	0.942478	145.198	145.193	145.203
0.0236982	1.0472	153.607	153.596	153.623
0.0236982	1.15192	160.627	160.618	160.639
0.0236982	1.25664	166.039	166.032	166.047
0.0236982	1.36136	169.665	169.661	169.67
0.0236982	1.46608	171.388	171.386	171.39
0.0236982	1.5708	171.047	171.041	171.054
0.0236982	1.67552	168.758	168.755	168.761
0.0236982	1.78024	164.621	164.621	164.622
0.0236982	1.88496	158.79	158.79	158.79
0.0236982	1.98968	151.369	151.368	151.37
0.0236982	2.0944	142.696	142.696	142.696
0.0236982	2.19911	133.056	133.055	133.057
0.0236982	2.30383	122.73	122.727	122.734
0.0236982	2.40855	111.999	111.992	112.007
0.0236982	2.51327	101.079	101.06	101.067
0.0236982	2.61799	89.9535	89.9464	89.9625
0.0236982	2.72271	79.14	79.1281	79.1546
0.0236982	2.82743	68.8513	68.8364	68.857
0.0236982	2.93215	59.2044	59.1968	59.2137
0.0236982	3.03687	50.1644	50.1476	50.1856
0.0236982	3.14159	41.9474	41.927	41.973
0.0243516	-3.14159	43.5428	43.5269	43.5633
0.0243516	-3.03687	36.3721	36.3284	36.3671
0.0243516	-2.93215	29.7944	29.7729	29.8216
0.0243516	-2.82743	24.0549	24.0425	24.0698
0.0243516	-2.72271	19.1058	19.0937	19.1208
0.0243516	-2.61799	15.0921	15.0805	15.1063
0.0243516	-2.51327	11.9224	11.912	11.9353
0.0243516	-2.40855	9.49402	9.48519	9.50498
0.0243516	-2.30383	7.69766	7.6896	7.70634
0.0243516	-2.19911	6.42095	6.41594	6.42723
0.0243516	-2.0944	5.56247	5.55961	5.5657
0.0243516	-1.98968	4.99139	4.97984	5.00392
0.0243516	-1.88496	4.61655	4.60998	4.62486
0.0243516	-1.78024	4.39472	4.39115	4.39927
0.0243516	-1.67552	4.27642	4.27502	4.2782
0.0243516	-1.5708	4.23979	4.23933	4.23984
0.0243516	-1.46608	4.28782	4.28753	4.28816
0.0243516	-1.36136	4.41593	4.4152	4.4169
0.0243516	-1.25664	4.619	4.619	4.61901
0.0243516	-1.15192	5.04478	5.04425	5.04542
0.0243516	-1.0472	5.78493	5.78293	5.78733
0.0243516	-0.942478	6.93834	6.93419	6.94328
0.0243516	-0.837758	8.62361	8.61665	8.63181
0.0243516	-0.733038	10.9289	10.9249	10.9326
0.0243516	-0.628319	14.0002	13.9937	14.0083
0.0243516	-0.523599	17.9812	17.9711	17.9939
0.0243516	-0.418879	22.9393	22.9324	22.9475
0.0243516	-0.314159	28.7094	28.6993	28.7218
0.0243516	-0.20944	35.4792	35.464	35.4978
0.0243516	-0.10472	43.0304	43.0132	43.0517
0.0243516	-2.66454e-15	51.3498	51.3342	51.3693
0.0243516	0.10472	60.3969	60.3787	60.4198
0.0243516	0.20944	70.2572	70.2367	70.2707
0.0243516	0.314159	80.4596	80.4455	80.4775
0.0243516	0.418879	91.1257	91.1106	91.145
0.0243516	0.523599	102.066	102.051	102.086
0.0243516	0.628319	113.043	113.027	113.062
0.0243516	0.733038	123.485	123.48	123.506
0.0243516	0.837758	133.362	133.357	133.368
0.0243516	0.942478	142.464	142.453	142.462
0.0243516	1.0472	150.485	150.474	150.5
0.0243516	1.15192	157.142	157.134	157.154
0.0243516	1.25664	162.266	162.26	162.274
0.0243516	1.36136	165.689	165.685	165.693
0.0243516	1.46608	167.299	167.297	167.301
0.0243516	1.5708	167.001	166.996	167.008
0.0243516	1.67552	164.794	164.791	164.796
0.0243516	1.78024	160.83	160.83	160.831
0.0243516	1.88496	155.257	155.257	155.257
0.0243516	1.98968	148.242	148.241	148.243
0.0243516	2.0944	139.97	139.97	139.97
0.0243516	2.19911	130.781	130.78	130.782
0.0243516	2.30383	120.944	120.941	120.949
0.0243516	2.40855	110.725	110.717	110.734
0.0243516	2.51327	100.157	100.153	100.191
0.0243516	2.61799	89.533	89.5249	89.5428
0.0243516	2.72271	79.2354	79.2227	79.251
0.0243516	2.82743	69.4408	69.4228	69.4629
0.0243516	2.93215	60.1055	60.0918	60.123
0.0243516	3.03687	51.4165	51.3988	51.4392
0.0243516	3.14159	43.5428	43.5269	43.5633
0.025005	-3.14159	45.8641	45.8481	45.8842
0.025005	-3.03687	38.5975	38.5767	38.6238
0.025005	-2.93215	32.1346	32.1222	32.15
0.025005	-2.82743	26.4279	26.4147	26.4445
0.025005	-2.72271	21.685	21.6717	21.7017
0.025005	-2.61799	17.8346	17.8218	17.8507
0.025005	-2.51327	14.7622	14.7407	14.7883
0.025005	-2.40855	12.3116	12.2953	12.3348
0.025005	-2.30383	10.5009	10.5036	10.5279
0.025005	-2.19911	9.22308	9.21165	9.23777
0.025005	-2.0944	8.36241	8.35716	8.36942
0.025005	-1.98968	7.83695	7.83462	7.83959
0.025005	-1.88496	7.50317	7.48631	7.52162
0.025005	-1.78024	7.27066	7.26317	7.28442
0.025005	-1.67552	7.14759	7.14284	7.15472
0.025005	-1.5708	7.11813	7.11688	7.11794
0.025005	-1.46608	7.17439	7.17433	7.17444
0.025005	-1.36136	7.32436	7.32418	7.32459
0.025005	-1.25664	7.57363	7.57235	7.58229
0.025005	-1.15192	7.99537	8.0033	8.00328
0.025005	-1.0472	8.74091	8.74049	8.74148
0.025005	-0.942478	9.89989	9.89824	9.90194
0.025005	-0.837758	11.5915	11.5879	11.5958
0.025005	-0.733038	13.807	13.8039	13.8107
0.025005	-0.628319	16.7742	16.7683	16.7815
0.025005	-0.523599	20.6115	20.6021	20.6232
0.025005	-0.418879	25.416	25.4027	25.4328
0.025005	-0.314159	31.2144	31.2051	31.2258
0.025005	-0.20944	37.8039	37.7912	37.8196
0.025005	-0.10472	45.3826	45.3648	45.4045
0.025005	-2.66454e-15	53.5833	53.5741	53.5917
0.025005	0.10472	62.3861	62.3687	62.405
0.025005	0.20944	71.7703	71.763	71.779
0.025005	0.314159	81.7416	81.7283	81.7586
0.025005	0.418879	91.9119	91.8976	91.93
0.025005	0.523599	102.338	102.324	102.357
0.025005	0.628319	112.852	112.779	112.811
0.025005	0.733038	122.914	122.909	122.921
0.025005	0.837758	132.306	132.302	132.312
0.025005	0.942478	140.951	140.947	140.955
0.025005	1.0472	148.589	148.587	148.592
0.025005	1.15192	154.933	154.925	154.944
0.025005	1.25664	159.784	159.779	159.791
0.025005	1.36136	163.014	163.011	163.018
0.025005	1.46608	164.519	164.518	164.52
0.025005	1.5708	164.254	164.253	164.254
0.025005	1.67552	162.134	162.132	162.136
0.025005	1.78024	158.336	158.336	158.335
0.025005	1.88496	153.006	153.006	153.006
0.025005	1.98968	146.335	146.333	146.336
0.025005	2.0944	138.485	138.485	138.485
0.025005	2.19911	129.724	129.723	129.726
0.025005	2.30383	120.35	120.346	120.355
0.025005	2.40855	110.584	110.582	110.586
0.025005	2.51327	100.35	100.345	100.356
0.025005	2.61799	90.2273	90.2186	90.2381
0.025005	2.72271	80.4171	80.4035	80.4339
0.025005	2.82743	71.0019	70.9913	71.0155
0.025005	2.93215	61.9697	61.9549	61.9884
0.025005	3.03687	53.6585	53.6447	53.6763
0.025005	3.14159	45.8641	45.8481	45.8842
0.0256584	-3.14159	48.7325	48.7129	48.7571
0.0256584	-3.03687	41.6265	41.5968	41.6612
0.0256584	-2.93215	35.2044	35.1722	35.2252
0.0256584	-2.82743	29.7387	29.7122	29.7565
0.0256584	-2.72271	25.1823	25.157	25.2065
0.0256584	-2.61799	21.3034	21.2789	21.3334
0.0256584	-2.51327	18.231	18.2082	18.2588
0.0256584	-2.40855	15.8674	15.8487	15.8922
0.0256584	-2.30383	14.1208	14.1067	14.1498
0.0256584	-2.19911	12.8917	12.88	12.904
0.0256584	-2.0944	12.052	12.0435	12.0597
0.0256584	-1.98968	11.537	11.5155	11.5514
0.0256584	-1.88496	11.2035	11.1366	11.1719
0.0256584	-1.78024	10.9311	10.9249	10.9357
0.0256584	-1.67552	10.8146	10.8063	10.8187
0.0256584	-1.5708	10.7882	10.7872	10.7897
0.0256584	-1.46608	10.8594	10.8594	10.8595
0.0256584	-1.36136	11.0097	11.0055	11.0261
0.0256584	-1.25664	11.222	11.2222	11.2196
0.0256584	-1.15192	11.6468	11.6494	11.6497
0.0256584	-1.0472	12.3905	12.3901	12.3911
0.0256584	-0.942478	13.5348	13.5331	13.5369
0.0256584	-0.837758	15.1909	15.1872	15.1953
0.0256584	-0.733038	17.4772	17.4715	17.4775
0.0256584	-0.628319	20.4513	20.4493	20.4535
0.0256584	-0.523599	24.1578	24.1492	24.1686
0.0256584	-0.418879	28.7866	28.7742	28.8022
0.0256584	-0.314159	34.3554	34.3502	34.3618
0.0256584	-0.20944	40.9507	40.9428	40.9604
0.0256584	-0.10472	48.3221	48.3069	48.3406
0.0256584	-2.66454e-15	56.5256	56.5183	56.5343
0.0256584	0.10472	65.1699	65.1617	65.1797
0.0256584	0.20944	74.2809	74.2743	74.2887
0.0256584	0.314159	83.8552	83.8476	83.8644
0.0256584	0.418879	93.7449	93.7314	93.7619
0.0256584	0.523599	103.685	103.671	103.702
0.0256584	0.628319	113.645	113.632	113.663
0.0256584	0.733038	123.386	123.373	123.403
0.0256584	0.837758	132.398	132.394	132.404
0.0256584	0.942478	140.616	140.613	140.62
0.0256584	1.0472	147.872	147.87	147.874
0.0256584	1.15192	153.937	153.93	153.94
0.0256584	1.25664	158.531	158.526	158.537
0.0256584	1.36136	161.578	161.575	161.581
0.0256584	1.46608	162.982	162.981	162.983
0.0256584	1.5708	162.702	162.702	162.702
0.0256584	1.67552	160.714	160.712	160.716
0.0256584	1.78024	157.07	157.109	157.07
0.0256584	1.88496	151.973	151.973	151.974
0.0256584	1.98968	145.603	145.601	145.605
0.0256584	2.0944	138.167	138.163	138.173
0.0256584	2.19911	129.823	129.822	129.825
0.0256584	2.30383	120.887	120.882	120.892
0.0256584	2.40855	111.385	111.383	111.388
0.0256584	2.51327	101.629	101.623	101.635
0.0256584	2.61799	91.9805	91.9711	91.9924
0.0256584	2.72271	82.6304	82.616	82.6485
0.0256584	2.82743	73.4379	73.4264	73.4527
0.0256584	2.93215	64.8234	64.8077	64.8436
0.0256584	3.03687	56.5943	56.5807	56.6119
0.0256584	3.14159	48.7325	48.7695	48.7571
