#x	y	new0_fix	new11a	new11b
0.426	0.002464	115.25	114.702	115.855
0.426	0.0024715	113.055	113.132	113.587
0.426	0.002479	111.654	111.156	111.978
0.426	0.0024865	111.33	110.694	110.959
0.426	0.002494	110.296	109.979	110.685
0.426	0.0025015	109.523	109.273	109.867
0.426	0.002509	109.546	109.333	109.358
0.426	0.0025165	109.262	109.076	109.469
0.426	0.002524	109.319	109.172	109.48
0.426	0.0025315	109.771	109.659	109.894
0.426	0.002539	110.63	110.548	110.721
0.426	0.0025465	111.878	111.812	111.95
0.426	0.002554	113.529	113.486	113.577
0.4345	0.002464	86.2748	86.1841	86.6409
0.4345	0.0024715	84.1189	83.6913	84.6444
0.4345	0.002479	81.8683	81.5592	82.0888
0.4345	0.0024865	80.3701	80.002	80.5291
0.4345	0.002494	79.1661	78.9206	79.2549
0.4345	0.0025015	78.394	78.2251	78.4673
0.4345	0.002509	77.6511	77.5074	77.8081
0.4345	0.0025165	77.2641	77.1562	77.3822
0.4345	0.002524	77.2403	77.1526	77.3363
0.4345	0.0025315	77.5847	77.5244	77.6507
0.4345	0.002539	78.3475	78.3096	78.389
0.4345	0.0025465	79.5438	79.523	79.5665
0.4345	0.002554	81.1492	81.1368	81.1626
0.443	0.002464	62.4998	62.056	62.909
0.443	0.0024715	59.7361	59.258	60.0069
0.443	0.002479	57.0337	56.7523	57.3135
0.443	0.0024865	55.1007	55.067	55.2791
0.443	0.002494	53.6688	53.5399	53.8642
0.443	0.0025015	52.8285	52.7135	52.9498
0.443	0.002509	52.0564	51.9744	52.1712
0.443	0.0025165	51.62	51.5563	51.6895
0.443	0.002524	51.5945	51.5471	51.6464
0.443	0.0025315	51.8983	51.8712	51.928
0.443	0.002539	52.6317	52.6192	52.6453
0.443	0.0025465	53.8101	53.8065	53.8138
0.443	0.002554	55.4502	55.4502	55.4503
0.4515	0.002464	43.4726	43.1346	43.8705
0.4515	0.0024715	40.3424	40.0561	40.6938
0.4515	0.002479	37.8589	37.6299	38.1168
0.4515	0.0024865	35.7599	35.5828	35.9358
0.4515	0.002494	34.2614	34.1333	34.3512
0.4515	0.0025015	33.3144	33.2441	33.2897
0.4515	0.002509	32.5849	32.5356	32.6388
0.4515	0.0025165	32.1664	32.1322	32.2473
0.4515	0.002524	32.1287	32.1118	32.1471
0.4515	0.0025315	32.5137	32.5081	32.5196
0.4515	0.002539	33.2011	33.1997	33.2026
0.4515	0.0025465	34.3364	34.3362	34.3367
0.4515	0.002554	35.9464	35.9416	35.9519
0.46	0.002464	29.8404	29.5775	30.1301
0.46	0.0024715	26.6217	26.4288	26.8503
0.46	0.002479	23.9848	23.8209	24.1785
0.46	0.0024865	21.9399	21.8191	22.042
0.46	0.002494	20.3107	20.2518	20.3789
0.46	0.0025015	19.3069	19.2901	19.4105
0.46	0.002509	18.7059	18.68	18.7355
0.46	0.0025165	18.3088	18.2975	18.3212
0.46	0.002524	18.2601	18.2555	18.2651
0.46	0.0025315	18.6392	18.6391	18.6394
0.46	0.002539	19.4421	19.4415	19.4429
0.46	0.0025465	20.6776	20.6713	20.6848
0.46	0.002554	22.4006	22.3833	22.4205
0.4685	0.002464	19.931	19.7544	20.1336
0.4685	0.0024715	17.1723	17.0317	17.3402
0.4685	0.002479	14.7112	14.6043	14.839
0.4685	0.0024865	12.7098	12.6397	12.7929
0.4685	0.002494	11.1213	11.0828	11.1679
0.4685	0.0025015	10.0655	10.0451	10.0894
0.4685	0.002509	9.50215	9.49184	9.51353
0.4685	0.0025165	9.16153	9.15841	9.16494
0.4685	0.002524	9.27296	9.27265	9.2733
0.4685	0.0025315	9.77435	9.77284	9.77607
0.4685	0.002539	10.726	10.7201	10.7326
0.4685	0.0025465	12.1058	12.0888	12.1252
0.4685	0.002554	13.9862	13.9533	14.024
0.477	0.002464	13.4377	13.311	13.5914
0.477	0.0024715	10.9009	10.7998	11.0235
0.477	0.002479	8.74449	8.67861	8.82409
0.477	0.0024865	6.97542	6.93413	7.02527
0.477	0.002494	5.57572	5.54807	5.60882
0.477	0.0025015	4.6163	4.60203	4.62634
0.477	0.002509	4.14458	4.14085	4.14872
0.477	0.0025165	3.97868	3.97842	3.97897
0.477	0.002524	4.2424	4.24165	4.24296
0.477	0.0025315	4.89524	4.88895	4.90233
0.477	0.002539	6.0144	6.00072	6.02988
0.477	0.0025465	7.56626	7.53748	7.59917
0.477	0.002554	9.54572	9.49707	9.60217
0.4855	0.002464	9.72839	9.63033	9.84923
0.4855	0.0024715	7.39703	7.32175	7.48982
0.4855	0.002479	5.45358	5.40862	5.50898
0.4855	0.0024865	3.92796	3.9003	3.95568
0.4855	0.002494	2.74513	2.73251	2.76053
0.4855	0.0025015	1.98018	1.97377	1.98792
0.4855	0.002509	1.61708	1.61625	1.61801
0.4855	0.0025165	1.62912	1.62892	1.62933
0.4855	0.002524	1.99993	1.99431	2.00622
0.4855	0.0025315	2.73168	2.71894	2.746
0.4855	0.002539	3.93306	3.9023	3.96096
0.4855	0.0025465	5.57005	5.52958	5.61685
0.4855	0.002554	7.73507	7.67591	7.8014
0.494	0.002464	7.92268	7.84131	8.02313
0.494	0.0024715	5.74353	5.68851	5.81236
0.494	0.002479	3.94773	3.91828	3.98473
0.494	0.0024865	2.56263	2.54479	2.5845
0.494	0.002494	1.53185	1.52679	1.53822
0.494	0.0025015	0.905971	0.904864	0.907001
0.494	0.002509	0.654873	0.654851	0.654901
0.494	0.0025165	0.741479	0.740012	0.743076
0.494	0.002524	1.21118	1.20194	1.22153
0.494	0.0025315	2.09062	2.07271	2.11082
0.494	0.002539	3.44579	3.41118	3.48137
0.494	0.0025465	5.24739	5.19976	5.30259
0.494	0.002554	7.585	7.53834	7.66235
0.5025	0.002464	6.95433	6.87499	7.03881
0.5025	0.0024715	4.87092	4.82354	4.93069
0.5025	0.002479	3.20484	3.181	3.23517
0.5025	0.0024865	1.9356	1.92232	1.95265
0.5025	0.002494	1.04272	1.04003	1.04638
0.5025	0.0025015	0.540381	0.540152	0.54071
0.5025	0.002509	0.419057	0.418553	0.41943
0.5025	0.0025165	0.623497	0.625896	0.626331
0.5025	0.002524	1.21163	1.19988	1.22476
0.5025	0.0025315	2.21388	2.19267	2.23779
0.5025	0.002539	3.69205	3.66145	3.73524
0.5025	0.0025465	5.63531	5.57735	5.69526
0.5025	0.002554	8.03552	7.96712	8.11847
0.511	0.002464	6.57178	6.49419	6.66978
0.511	0.0024715	4.55061	4.50515	4.60824
0.511	0.002479	2.94993	2.92751	2.97868
0.511	0.0024865	1.73175	1.71955	1.74754
0.511	0.002494	0.909517	0.907145	0.912731
0.511	0.0025015	0.464096	0.463986	0.464287
0.511	0.002509	0.406222	0.405493	0.407051
0.511	0.0025165	0.68448	0.681626	0.6878
0.511	0.002524	1.33986	1.32513	1.36467
0.511	0.0025315	2.32675	2.30251	2.35672
0.511	0.002539	3.78733	3.75614	3.83437
0.511	0.0025465	5.72398	5.66679	5.78687
0.511	0.002554	8.19522	8.12739	8.27772
0.5195	0.002464	6.57712	6.49389	6.68201
0.5195	0.0024715	4.55424	4.50375	4.6183
0.5195	0.002479	2.94998	2.92396	2.98329
0.5195	0.0024865	1.7106	1.69626	1.72904
0.5195	0.002494	0.848124	0.845468	0.851637
0.5195	0.0025015	0.340036	0.339779	0.340311
0.5195	0.002509	0.222243	0.22161	0.222971
0.5195	0.0025165	0.440018	0.437257	0.443482
0.5195	0.002524	1.04378	1.0325	1.05735
0.5195	0.0025315	2.06788	2.04622	2.09237
0.5195	0.002539	3.56941	3.523	3.60701
0.5195	0.0025465	5.53454	5.48284	5.59507
0.5195	0.002554	8.03441	7.96868	8.11439
0.528	0.002464	6.9779	6.88602	7.09263
0.528	0.0024715	4.84169	4.7842	4.91376
0.528	0.002479	3.12081	3.08954	3.16018
0.528	0.0024865	1.75172	1.73276	1.77566
0.528	0.002494	0.80107	0.795206	0.808418
0.528	0.0025015	0.209913	0.20848	0.211742
0.528	0.002509	0.0155386	0.0155386	0.0155386
0.528	0.0025165	0.212233	0.210685	0.214173
0.528	0.002524	0.814067	0.804681	0.824586
0.528	0.0025315	1.83039	1.81293	1.8497
0.528	0.002539	3.32553	3.28819	3.36492
0.528	0.0025465	5.2832	5.23096	5.33285
0.528	0.002554	7.76979	7.76588	7.8362
0.5365	0.002464	8.18261	8.06754	8.32471
0.5365	0.0024715	5.92578	5.84929	6.02036
0.5365	0.002479	4.06822	4.02245	4.12522
0.5365	0.0024865	2.55967	2.52897	2.59785
0.5365	0.002494	1.47779	1.45943	1.49312
0.5365	0.0025015	0.748885	0.743527	0.755427
0.5365	0.002509	0.456073	0.455693	0.456483
0.5365	0.0025165	0.624405	0.624084	0.624768
0.5365	0.002524	1.19376	1.18807	1.20019
0.5365	0.0025315	2.17155	2.15875	2.18602
0.5365	0.002539	3.62135	3.59383	3.65292
0.5365	0.0025465	5.49241	5.45192	5.53928
0.5365	0.002554	7.79754	7.73967	7.86663
0.545	0.002464	10.9198	10.7686	11.1669
0.545	0.0024715	8.50284	8.39753	8.63212
0.545	0.002479	6.48624	6.40432	6.58016
0.545	0.0024865	4.81291	4.76343	4.87333
0.545	0.002494	3.56085	3.52688	3.59582
0.545	0.0025015	2.68947	2.69689	2.71327
0.545	0.002509	2.3509	2.34869	2.35329
0.545	0.0025165	2.47058	2.47047	2.47069
0.545	0.002524	3.03372	3.03165	3.03611
0.545	0.0025315	3.95827	3.95134	3.96618
0.545	0.002539	5.26797	5.24883	5.28992
0.545	0.0025465	7.02458	6.99451	7.05925
0.545	0.002554	9.25341	9.20558	9.30965
0.5535	0.002464	15.9555	15.7576	16.1958
0.5535	0.0024715	13.3766	13.2307	13.5534
0.5535	0.002479	11.1735	11.0547	11.3172
0.5535	0.0024865	9.32593	9.24626	9.42168
0.5535	0.002494	7.90027	7.85015	7.9671
0.5535	0.0025015	7.00952	6.98384	7.03706
0.5535	0.002509	6.66591	6.65839	6.67326
0.5535	0.0025165	6.74195	6.73976	6.74429
0.5535	0.002524	7.35402	7.35388	7.35415
0.5535	0.0025315	8.18868	8.18667	8.19105
0.5535	0.002539	9.42042	9.41053	9.43186
0.5535	0.0025465	11.1168	11.0985	11.138
0.5535	0.002554	13.2723	13.2382	13.3122
0.562	0.002464	24.058	23.7961	24.3725
0.562	0.0024715	21.3276	21.1245	21.5708
0.562	0.002479	18.9428	18.7707	19.1483
0.562	0.0024865	17.0217	16.9	17.119
0.562	0.002494	15.5824	15.5131	15.6837
0.562	0.0025015	14.7105	14.6605	14.7384
0.562	0.002509	14.3797	14.3584	14.4027
0.562	0.0025165	14.4494	14.4412	14.4583
0.562	0.002524	14.9338	14.9307	14.9371
0.562	0.0025315	16.0246	16.0246	16.0246
0.562	0.002539	17.2263	17.2237	17.2294
0.562	0.0025465	18.8766	18.869	18.8855
0.562	0.002554	20.9797	20.9606	21.0022
0.5705	0.002464	35.9075	35.5608	36.3197
0.5705	0.0024715	33.0565	32.7579	33.3892
0.5705	0.002479	30.7244	30.5424	30.9338
0.5705	0.0024865	28.8868	28.7288	29.0632
0.5705	0.002494	27.4905	27.3789	27.5956
0.5705	0.0025015	26.7016	26.6491	26.7911
0.5705	0.002509	26.4091	26.3708	26.4506
0.5705	0.0025165	26.5127	26.4924	26.5346
0.5705	0.002524	27.0009	26.9891	27.0135
0.5705	0.0025315	27.9919	27.8902	27.9933
0.5705	0.002539	29.6732	29.6732	29.6733
0.5705	0.0025465	31.3047	31.3039	31.3058
0.5705	0.002554	33.3916	33.3852	33.3994
0.579	0.002464	52.1111	51.6872	52.5886
0.579	0.0024715	49.541	49.2752	49.9128
0.579	0.002479	47.299	47.0053	47.6125
0.579	0.0024865	45.5211	45.3028	45.6949
0.579	0.002494	44.332	44.2199	44.4427
0.579	0.0025015	43.6817	43.5896	43.7816
0.579	0.002509	43.4698	43.4061	43.5388
0.579	0.0025165	43.6505	43.6021	43.6979
0.579	0.002524	44.1826	44.1541	44.2132
0.579	0.0025315	45.1379	45.1241	45.1526
0.579	0.002539	46.7308	46.7285	46.7331
0.579	0.0025465	49.1587	49.1573	49.1599
0.579	0.002554	51.3043	51.3041	51.3045
