
# Surface 0 of 1 surfaces

# Curve title: "file u (getx($1)):(gety($2)):(sqrt(column(c)))"

# Contour 0, label:        3
-1.83206  2.464  3 
-1.88495  2.46488  3 
-1.98967  2.46695  3 
-2.09439  2.46959  3 
-2.15229  2.4715  3 
-2.19911  2.47319  3 
-2.30383  2.47831  3 
-2.31467  2.479  3 
-2.40855  2.48627  3 
-2.4109  2.4865  3 
-2.47044  2.494  3 
-2.50928  2.5015  3 
-2.51327  2.50295  3 
-2.5281  2.509  3 
-2.53179  2.5165  3 
-2.52329  2.524  3 
-2.51327  2.5272  3 
-2.49765  2.5315  3 
-2.44904  2.539  3 
-2.40855  2.54319  3 
-2.36598  2.5465  3 
-2.30383  2.55038  3 
-2.21484  2.554  3 

-0.844016  2.464  3 
-0.837757  2.46434  3 
-0.756145  2.4715  3 
-0.733038  2.47458  3 
-0.707713  2.479  3 
-0.683481  2.4865  3 
-0.676668  2.494  3 
-0.681088  2.5015  3 
-0.693856  2.509  3 
-0.720698  2.5165  3 
-0.733038  2.5187  3 
-0.767322  2.524  3 
-0.837757  2.52949  3 
-0.861533  2.5315  3 
-0.942477  2.53536  3 
-1.01213  2.539  3 
-1.0472  2.54013  3 
-1.15192  2.544  3 
-1.21138  2.5465  3 
-1.25664  2.54768  3 
-1.36136  2.55023  3 
-1.46608  2.55357  3 
-1.49589  2.554  3 


# Contour 1, label:        2
-0.920721  2.4865  2 
-0.942477  2.48383  2 
-1.00718  2.479  2 
-1.0472  2.47709  2 
-1.15192  2.4747  2 
-1.25664  2.47411  2 
-1.36136  2.47452  2 
-1.46608  2.47546  2 
-1.5708  2.47674  2 
-1.67551  2.47824  2 
-1.72268  2.479  2 
-1.78023  2.47997  2 
-1.88495  2.48207  2 
-1.98967  2.48478  2 
-2.03981  2.4865  2 
-2.09439  2.48872  2 
-2.18696  2.494  2 
-2.19911  2.49499  2 
-2.26033  2.5015  2 
-2.29988  2.509  2 
-2.30383  2.51148  2 
-2.31096  2.5165  2 
-2.30383  2.5196  2 
-2.29163  2.524  2 
-2.2318  2.5315  2 
-2.19911  2.53392  2 
-2.09439  2.5387  2 
-2.08213  2.539  2 
-1.98967  2.54085  2 
-1.88495  2.54164  2 
-1.78023  2.54157  2 
-1.67551  2.54099  2 
-1.5708  2.53997  2 
-1.49445  2.539  2 
-1.46608  2.53863  2 
-1.36136  2.53657  2 
-1.25664  2.53437  2 
-1.17253  2.5315  2 
-1.15192  2.53072  2 
-1.0472  2.52563  2 
-1.02434  2.524  2 
-0.943381  2.5165  2 
-0.942477  2.51636  2 
-0.903415  2.509  2 
-0.88981  2.5015  2 
-0.893674  2.494  2 
-0.920721  2.4865  2 


# Contour 2, label:     1.96
-0.931678  2.4865  1.96 
-0.942477  2.48517  1.96 
-1.02523  2.479  1.96 
-1.0472  2.47795  1.96 
-1.15192  2.47547  1.96 
-1.25664  2.47483  1.96 
-1.36136  2.4752  1.96 
-1.46608  2.47613  1.96 
-1.5708  2.47741  1.96 
-1.67551  2.4789  1.96 
-1.68142  2.479  1.96 
-1.78023  2.48066  1.96 
-1.88495  2.48278  1.96 
-1.98967  2.48551  1.96 
-2.01832  2.4865  1.96 
-2.09439  2.48959  1.96 
-2.17164  2.494  1.96 
-2.19911  2.49624  1.96 
-2.24861  2.5015  1.96 
-2.28935  2.509  1.96 
-2.30131  2.5165  1.96 
-2.28029  2.524  1.96 
-2.21887  2.5315  1.96 
-2.19911  2.53296  1.96 
-2.09439  2.53788  1.96 
-2.04797  2.539  1.96 
-1.98967  2.54017  1.96 
-1.88495  2.54099  1.96 
-1.78023  2.54095  1.96 
-1.67551  2.54039  1.96 
-1.5708  2.53937  1.96 
-1.54145  2.539  1.96 
-1.46608  2.53802  1.96 
-1.36136  2.53589  1.96 
-1.25664  2.53373  1.96 
-1.19135  2.5315  1.96 
-1.15192  2.53  1.96 
-1.0472  2.52484  1.96 
-1.03547  2.524  1.96 
-0.954152  2.5165  1.96 
-0.942477  2.51464  1.96 
-0.912539  2.509  1.96 
-0.899013  2.5015  1.96 
-0.903507  2.494  1.96 
-0.931678  2.4865  1.96 


# Contour 3, label:     1.65
-1.04073  2.4865  1.645 
-1.0472  2.48602  1.645 
-1.15192  2.48186  1.645 
-1.25664  2.48055  1.645 
-1.36136  2.48064  1.645 
-1.46608  2.48147  1.645 
-1.5708  2.48273  1.645 
-1.67551  2.48428  1.645 
-1.78023  2.48611  1.645 
-1.79878  2.4865  1.645 
-1.88495  2.4885  1.645 
-1.98967  2.49179  1.645 
-2.04104  2.494  1.645 
-2.09439  2.49697  1.645 
-2.1512  2.5015  1.645 
-2.19911  2.5078  1.645 
-2.20644  2.509  1.645 
-2.21849  2.5165  1.645 
-2.19911  2.5219  1.645 
-2.18926  2.524  1.645 
-2.09439  2.53136  1.645 
-2.09108  2.5315  1.645 
-1.98967  2.5345  1.645 
-1.88495  2.53581  1.645 
-1.78023  2.53601  1.645 
-1.67551  2.53555  1.645 
-1.5708  2.53459  1.645 
-1.46608  2.5332  1.645 
-1.39781  2.5315  1.645 
-1.36136  2.53062  1.645 
-1.25664  2.52849  1.645 
-1.15192  2.52437  1.645 
-1.1446  2.524  1.645 
-1.0472  2.51725  1.645 
-1.03897  2.5165  1.645 
-0.989388  2.509  1.645 
-0.97566  2.5015  1.645 
-0.988966  2.494  1.645 
-1.04073  2.4865  1.645 


# Contour 4, label:        1
-1.2465  2.494  1 
-1.25664  2.49362  1 
-1.36136  2.49218  1 
-1.46608  2.4924  1 
-1.5708  2.49349  1 
-1.60293  2.494  1 
-1.67551  2.49516  1 
-1.78023  2.49749  1 
-1.88495  2.50082  1 
-1.9009  2.5015  1 
-1.98967  2.50766  1 
-2.00424  2.509  1 
-2.01453  2.5165  1 
-1.98967  2.51901  1 
-1.8947  2.524  1 
-1.88495  2.52426  1 
-1.78023  2.52547  1 
-1.67551  2.52545  1 
-1.5708  2.52464  1 
-1.52579  2.524  1 
-1.46608  2.5231  1 
-1.36136  2.52056  1 
-1.25664  2.51656  1 
-1.25558  2.5165  1 
-1.17115  2.509  1 
-1.16038  2.5015  1 
-1.2465  2.494  1 

