
# Surface 0 of 1 surfaces

# Curve title: "file u (getx($1)):(gety($2)):(sqrt(column(c)))"

# Contour 0, label:        3
 0.554556 -2.09439  3 
 0.5535 -2.19183  3 
 0.553394 -2.19911  3 
 0.550805 -2.30383  3 
 0.546829 -2.40855  3 
 0.545 -2.44395  3 
 0.536948 -2.51327  3 
 0.5365 -2.51645  3 
 0.528 -2.53228  3 
 0.5195 -2.53109  3 
 0.511 -2.52722  3 
 0.5025 -2.5226  3 
 0.494871 -2.51327  3 
 0.494 -2.51208  3 
 0.4855 -2.47854  3 
 0.479185 -2.40855  3 
 0.477 -2.3762  3 
 0.474444 -2.30383  3 
 0.471932 -2.19911  3 
 0.470353 -2.09439  3 
 0.469469 -1.98967  3 
 0.46902 -1.88495  3 
 0.468787 -1.78023  3 
 0.468717 -1.67551  3 
 0.46876 -1.5708  3 
 0.46902 -1.46608  3 
 0.469263 -1.36136  3 
 0.469706 -1.25664  3 
 0.470449 -1.15192  3 
 0.471766 -1.0472  3 
 0.473929 -0.942477  3 
 0.477 -0.845426  3 
 0.477431 -0.837757  3 
 0.485396 -0.733038  3 
 0.4855 -0.731961  3 
 0.494 -0.698231  3 
 0.5025 -0.684759  3 
 0.511 -0.677944  3 
 0.5195 -0.675933  3 
 0.528 -0.680246  3 
 0.5365 -0.700873  3 
 0.54037 -0.733038  3 
 0.545 -0.781705  3 
 0.547584 -0.837757  3 
 0.551058 -0.942477  3 
 0.553345 -1.0472  3 
 0.5535 -1.05761  3 
 0.554573 -1.15192  3 
 0.55542 -1.25664  3 
 0.555964 -1.36136  3 
 0.556287 -1.46608  3 
 0.556441 -1.5708  3 
 0.55645 -1.67551  3 
 0.556311 -1.78023  3 
 0.556026 -1.88495  3 
 0.555527 -1.98967  3 
 0.554556 -2.09439  3 


# Contour 1, label:        2
 0.545388 -2.09439  2 
 0.545 -2.1133  2 
 0.54169 -2.19911  2 
 0.5365 -2.28057  2 
 0.530379 -2.30383  2 
 0.528 -2.31147  2 
 0.521673 -2.30383  2 
 0.5195 -2.3008  2 
 0.511 -2.2968  2 
 0.5025 -2.29658  2 
 0.494 -2.28059  2 
 0.4855 -2.21881  2 
 0.484503 -2.19911  2 
 0.480858 -2.09439  2 
 0.478759 -1.98967  2 
 0.477644 -1.88495  2 
 0.477117 -1.78023  2 
 0.477 -1.7128  2 
 0.476955 -1.67551  2 
 0.477 -1.64821  2 
 0.477175 -1.5708  2 
 0.477374 -1.46608  2 
 0.477695 -1.36136  2 
 0.478457 -1.25664  2 
 0.480025 -1.15192  2 
 0.482907 -1.0472  2 
 0.4855 -0.986894  2 
 0.490138 -0.942477  2 
 0.494 -0.915331  2 
 0.5025 -0.89674  2 
 0.511 -0.893098  2 
 0.5195 -0.893147  2 
 0.528 -0.889078  2 
 0.5365 -0.926691  2 
 0.537616 -0.942477  2 
 0.542956 -1.0472  2 
 0.545 -1.112  2 
 0.545757 -1.15192  2 
 0.547191 -1.25664  2 
 0.548079 -1.36136  2 
 0.548578 -1.46608  2 
 0.548791 -1.5708  2 
 0.548765 -1.67551  2 
 0.548473 -1.78023  2 
 0.547875 -1.88495  2 
 0.546944 -1.98967  2 
 0.545388 -2.09439  2 


# Contour 2, label:     1.96
 0.545011 -2.09439  1.96 
 0.545 -2.09495  1.96 
 0.540982 -2.19911  1.96 
 0.5365 -2.26946  1.96 
 0.528 -2.30187  1.96 
 0.5195 -2.28993  1.96 
 0.511 -2.28555  1.96 
 0.5025 -2.28543  1.96 
 0.494 -2.26948  1.96 
 0.4855 -2.2065  1.96 
 0.485126 -2.19911  1.96 
 0.481425 -2.09439  1.96 
 0.479282 -1.98967  1.96 
 0.478139 -1.88495  1.96 
 0.477597 -1.78023  1.96 
 0.477409 -1.67551  1.96 
 0.477632 -1.5708  1.96 
 0.477822 -1.46608  1.96 
 0.478151 -1.36136  1.96 
 0.478933 -1.25664  1.96 
 0.480537 -1.15192  1.96 
 0.48347 -1.0472  1.96 
 0.4855 -0.999996  1.96 
 0.491506 -0.942477  1.96 
 0.494 -0.924947  1.96 
 0.5025 -0.906281  1.96 
 0.511 -0.902939  1.96 
 0.5195 -0.902906  1.96 
 0.528 -0.898298  1.96 
 0.5365 -0.93657  1.96 
 0.536918 -0.942477  1.96 
 0.542352 -1.0472  1.96 
 0.545 -1.13113  1.96 
 0.545394 -1.15192  1.96 
 0.546847 -1.25664  1.96 
 0.547747 -1.36136  1.96 
 0.548252 -1.46608  1.96 
 0.548467 -1.5708  1.96 
 0.548439 -1.67551  1.96 
 0.54814 -1.78023  1.96 
 0.547528 -1.88495  1.96 
 0.546581 -1.98967  1.96 
 0.545011 -2.09439  1.96 


# Contour 3, label:     1.65
 0.545516 -1.78023  1.645 
 0.545 -1.8558  1.645 
 0.544717 -1.88495  1.645 
 0.543159 -1.98967  1.645 
 0.540318 -2.09439  1.645 
 0.5365 -2.17873  1.645 
 0.532672 -2.19911  1.645 
 0.528 -2.21898  1.645 
 0.5195 -2.20436  1.645 
 0.51341 -2.19911  1.645 
 0.511 -2.19659  1.645 
 0.5025 -2.19734  1.645 
 0.494 -2.1782  1.645 
 0.486346 -2.09439  1.645 
 0.4855 -2.07921  1.645 
 0.483398 -1.98967  1.645 
 0.482037 -1.88495  1.645 
 0.481374 -1.78023  1.645 
 0.481137 -1.67551  1.645 
 0.481231 -1.5708  1.645 
 0.481354 -1.46608  1.645 
 0.481741 -1.36136  1.645 
 0.482683 -1.25664  1.645 
 0.484564 -1.15192  1.645 
 0.4855 -1.12052  1.645 
 0.490555 -1.0472  1.645 
 0.494 -1.01318  1.645 
 0.5025 -0.986858  1.645 
 0.511 -0.984734  1.645 
 0.5195 -0.985395  1.645 
 0.528 -0.974918  1.645 
 0.5365 -1.02624  1.645 
 0.537599 -1.0472  1.645 
 0.541408 -1.15192  1.645 
 0.543805 -1.25664  1.645 
 0.545 -1.34745  1.645 
 0.545128 -1.36136  1.645 
 0.545682 -1.46608  1.645 
 0.545912 -1.5708  1.645 
 0.545869 -1.67551  1.645 
 0.545516 -1.78023  1.645 


# Contour 4, label:        1
 0.53708 -1.88495  1 
 0.5365 -1.91267  1 
 0.530883 -1.98967  1 
 0.528 -2.01469  1 
 0.521518 -1.98967  1 
 0.5195 -1.97967  1 
 0.511 -1.94816  1 
 0.5025 -1.94041  1 
 0.494 -1.88555  1 
 0.493978 -1.88495  1 
 0.491917 -1.78023  1 
 0.49091 -1.67551  1 
 0.490491 -1.5708  1 
 0.490579 -1.46608  1 
 0.491598 -1.36136  1 
 0.494 -1.2648  1 
 0.494768 -1.25664  1 
 0.5025 -1.20632  1 
 0.511 -1.19773  1 
 0.5195 -1.18956  1 
 0.528 -1.15987  1 
 0.535606 -1.25664  1 
 0.5365 -1.27365  1 
 0.538208 -1.36136  1 
 0.539313 -1.46608  1 
 0.539721 -1.5708  1 
 0.539531 -1.67551  1 
 0.53864 -1.78023  1 
 0.53708 -1.88495  1 

