#x	y	stats	nuenorm1_corr	nuenorm2_corr	nuenorm3_corr	nuenorm4_corr	nuenorm5_corr
0.0178175	-3.14159	249.751	221.919	186.459	165.138	152.975	146.107
0.0178175	-3.03687	219.961	193.472	160.173	139.615	128.209	121.777
0.0178175	-2.93215	193.058	168.179	136.951	117.189	106.505	100.488
0.0178175	-2.82743	169.441	146.09	116.734	97.8795	87.8757	82.2495
0.0178175	-2.72271	149.078	127.161	99.3063	81.6131	72.2438	66.9811
0.0178175	-2.61799	131.852	111.266	84.8562	68.2362	59.4515	54.2275
0.0178175	-2.51327	117.575	98.2076	73.1705	57.4872	49.1817	44.0402
0.0178175	-2.40855	106.004	87.7364	63.7197	48.8743	41.0527	36.1878
0.0178175	-2.30383	96.858	79.5674	56.3826	42.3296	34.9365	30.359
0.0178175	-2.19911	89.836	73.3763	50.9008	37.5383	30.5177	26.228
0.0178175	-2.0944	84.247	68.4696	46.9614	34.187	27.4833	23.4717
0.0178175	-1.98968	80.1085	64.9432	44.2692	31.9808	25.5384	21.7862
0.0178175	-1.88496	77.2222	62.5417	42.5614	30.6575	24.4216	20.8752
0.0178175	-1.78024	75.3773	61.0549	41.6218	30.0016	23.9178	20.1265
0.0178175	-1.67552	74.4186	60.3282	41.0412	29.5977	23.6087	19.7826
0.0178175	-1.5708	74.2555	60.2715	40.7396	29.3917	23.4539	19.7532
0.0178175	-1.46608	74.4519	60.4691	40.9307	29.5792	23.6394	20.0204
0.0178175	-1.36136	75.3695	61.2566	41.6707	30.2162	24.2214	20.6406
0.0178175	-1.25664	77.2421	62.8733	43.0861	31.4292	25.3258	21.7424
0.0178175	-1.15192	80.2589	65.508	45.3687	33.4091	27.1433	23.3139
0.0178175	-1.0472	84.6635	69.4035	48.6681	36.3628	29.8153	25.6029
0.0178175	-0.942478	90.7414	74.8451	53.0528	40.2534	33.5188	29.1409
0.0178175	-0.837758	98.5088	81.9496	59.1911	45.7952	38.7567	34.2588
0.0178175	-0.733038	108.491	91.0548	67.418	53.3232	45.9074	41.3001
0.0178175	-0.628319	121.131	102.692	78.0616	63.1658	55.3168	50.6025
0.0178175	-0.523599	136.716	117.153	91.4234	75.6261	67.2884	62.479
0.0178175	-0.418879	155.486	134.681	107.76	90.963	82.0822	77.0988
0.0178175	-0.314159	177.613	155.454	127.262	109.372	99.8961	94.572
0.0178175	-0.20944	203.183	179.567	149.963	130.97	120.849	115.155
0.0178175	-0.10472	232.181	207.017	175.423	155.775	144.963	138.873
0.0178175	1.11022e-16	264.479	237.688	203.998	183.699	172.157	165.646
0.0178175	0.10472	299.336	271.343	235.473	214.533	202.227	195.275
0.0178175	0.20944	336.307	307.616	269.504	247.778	234.847	227.439
0.0178175	0.314159	375.38	346.015	305.625	282.541	269.566	261.691
0.0178175	0.418879	415.933	385.756	343.247	318.796	305.71	297.462
0.0178175	0.523599	457.227	425.413	381.668	355.86	342.022	334.073
0.0178175	0.628319	498.432	465.023	420.093	392.958	378.382	370.117
0.0178175	0.733038	538.439	503.35	457.65	429.241	413.953	405.274
0.0178175	0.837758	576.274	539.764	493.428	463.748	447.721	438.613
0.0178175	0.942478	611.162	573.349	525.343	495.275	478.634	469.168
0.0178175	1.0472	642.183	603.208	553.681	523.277	506.084	496.296
0.0178175	1.15192	668.491	628.515	577.676	546.948	529.278	519.211
0.0178175	1.25664	689.348	648.549	596.632	565.588	547.526	537.229
0.0178175	1.36136	703.691	662.221	609.422	578.64	560.276	549.803
0.0178175	1.46608	711.402	669.534	616.212	585.324	566.98	556.383
0.0178175	1.5708	712.424	670.371	616.807	585.771	567.215	556.565
0.0178175	1.67552	706.744	664.725	611.204	580.018	561.37	550.73
0.0178175	1.78024	694.557	652.787	599.594	568.172	549.643	539.073
0.0178175	1.88496	675.687	634.451	581.959	550.721	532.415	521.975
0.0178175	1.98968	651.267	610.718	559.127	528.212	510.224	499.971
0.0178175	2.0944	622.019	582.346	531.905	501.111	483.587	473.605
0.0178175	2.19911	588.754	550.131	501.065	470.234	453.209	443.518
0.0178175	2.30383	552.353	514.935	467.138	436.644	420.19	410.832
0.0178175	2.40855	513.729	477.65	430.582	401.214	385.39	376.399
0.0178175	2.51327	473.746	439.163	392.959	364.805	349.66	341.064
0.0178175	2.61799	433.154	400.232	355.112	328.241	313.811	305.509
0.0178175	2.72271	392.997	361.68	317.82	292.278	278.587	269.911
0.0178175	2.82743	354.006	324.005	281.774	257.588	243.918	235.663
0.0178175	2.93215	316.809	287.518	247.565	224.742	211.115	203.33
0.0178175	3.03687	281.923	253.359	215.673	193.633	180.686	173.365
0.0178175	3.14159	249.751	221.919	186.459	165.138	152.975	146.107
0.0184709	-3.14159	214.692	193.738	167.544	151.242	142.245	137.195
0.0184709	-3.03687	185.956	166.466	142.14	126.423	118.068	113.384
0.0184709	-2.93215	160.371	142.279	119.342	104.636	96.8902	92.5539
0.0184709	-2.82743	137.995	121.223	99.549	85.901	78.7264	74.715
0.0184709	-2.72271	118.789	103.249	82.8083	70.1435	63.4985	59.6398
0.0184709	-2.61799	102.63	88.2249	68.973	57.2113	51.0516	47.1298
0.0184709	-2.51327	89.3256	75.9524	57.8305	46.8389	40.9899	37.1815
0.0184709	-2.40855	78.6289	66.1812	48.8308	38.5501	33.0803	29.5207
0.0184709	-2.30383	70.2571	58.6261	41.9003	32.2753	27.1818	23.8414
0.0184709	-2.19911	63.9043	52.9164	36.7608	27.7042	22.9742	19.8235
0.0184709	-2.0944	58.8339	48.457	33.1034	24.5284	20.0695	17.1495
0.0184709	-1.98968	55.1691	45.2954	30.636	22.4571	18.2084	15.5207
0.0184709	-1.88496	52.6548	43.1777	29.0992	21.2325	17.1491	14.6401
0.0184709	-1.78024	51.0801	41.8949	28.2792	20.642	16.5882	13.9056
0.0184709	-1.67552	50.29	41.2934	27.7426	20.2481	16.1918	13.5617
0.0184709	-1.5708	50.1938	40.9476	27.4623	20.0449	16.1239	13.5196
0.0184709	-1.46608	50.3278	41.1172	27.6267	20.2064	16.3591	13.7618
0.0184709	-1.36136	51.1126	41.9284	28.291	20.7877	16.8966	14.3441
0.0184709	-1.25664	52.7485	43.5069	29.5801	21.9133	17.9357	15.3929
0.0184709	-1.15192	55.4234	45.8887	31.6833	23.7714	19.6121	16.8556
0.0184709	-1.0472	59.38	49.4286	34.7162	26.5233	21.9096	19.047
0.0184709	-0.942478	64.9028	54.3711	38.8049	30.2093	25.4573	22.4604
0.0184709	-0.837758	72.0072	60.984	44.5836	35.4994	30.5812	27.4213
0.0184709	-0.733038	81.2225	69.4702	52.3835	42.7238	37.6197	34.2677
0.0184709	-0.628319	92.9884	80.3972	62.5293	52.2065	46.8171	43.3319
0.0184709	-0.523599	107.594	94.0558	75.32	64.2466	58.4558	54.9216
0.0184709	-0.418879	125.283	110.691	91.0097	79.0995	72.8601	69.3012
0.0184709	-0.314159	146.231	130.482	109.79	96.959	90.2248	86.4634
0.0184709	-0.20944	170.531	153.53	131.771	117.94	110.667	106.599
0.0184709	-0.10472	198.176	179.836	156.967	142.064	134.21	129.813
0.0184709	1.11022e-16	229.049	209.294	184.632	169.243	160.772	156.023
0.0184709	0.10472	262.908	241.675	215.125	199.275	190.155	185.035
0.0184709	0.20944	299.263	276.629	248.127	231.833	222.04	216.533
0.0184709	0.314159	336.789	313.675	283.182	265.958	255.982	250.079
0.0184709	0.418879	375.787	352.215	319.714	301.31	291.42	285.114
0.0184709	0.523599	415.544	391.433	357.041	337.461	327.059	320.972
0.0184709	0.628319	455.25	429.725	394.386	373.65	362.614	356.394
0.0184709	0.733038	493.825	466.806	430.899	409.048	397.399	390.827
0.0184709	0.837758	530.323	502.035	465.689	442.765	430.477	423.536
0.0184709	0.942478	563.991	534.536	497.404	473.518	460.698	453.449
0.0184709	1.0472	593.936	563.436	524.953	500.833	487.533	480.008
0.0184709	1.15192	619.332	587.932	548.28	523.922	510.208	502.442
0.0184709	1.25664	639.464	607.322	566.708	542.105	528.048	520.083
0.0184709	1.36136	653.323	620.576	579.175	554.836	540.515	532.398
0.0184709	1.46608	660.734	627.627	585.759	561.626	547.12	538.895
0.0184709	1.5708	661.676	628.403	586.317	561.928	547.345	539.075
0.0184709	1.67552	656.139	622.895	580.849	556.199	541.629	533.368
0.0184709	1.78024	644.311	611.293	569.54	544.632	530.168	521.967
0.0184709	1.88496	626.084	593.548	552.421	527.6	513.33	505.242
0.0184709	1.98968	602.43	570.514	530.192	505.636	491.644	483.717
0.0184709	2.0944	574.122	542.996	503.699	479.232	465.644	457.951
0.0184709	2.19911	541.951	511.769	473.672	449.099	435.945	428.504
0.0184709	2.30383	506.773	477.672	440.002	416.323	403.665	396.51
0.0184709	2.40855	469.478	441.574	404.448	381.758	369.646	362.806
0.0184709	2.51327	430.951	404.34	367.871	346.245	334.719	328.218
0.0184709	2.61799	391.874	366.782	331.094	310.588	299.678	293.249
0.0184709	2.72271	353.217	328.979	294.876	275.527	265.025	258.396
0.0184709	2.82743	315.736	292.003	259.892	241.718	231.092	224.865
0.0184709	2.93215	280.04	256.827	226.716	209.389	199.037	193.211
0.0184709	3.03687	246.412	223.946	195.816	178.974	169.309	163.877
0.0184709	3.14159	214.692	193.738	167.544	151.242	142.245	137.195
0.0191243	-3.14159	185.161	170.339	151.908	139.738	133.358	129.798
0.0191243	-3.03687	157.777	144.199	126.758	115.58	109.733	106.474
0.0191243	-2.93215	133.477	121.08	104.634	94.3945	89.0492	86.0737
0.0191243	-2.82743	112.313	101.021	85.5604	76.1971	71.319	68.6071
0.0191243	-2.72271	94.2359	83.9655	69.4691	60.9144	56.4663	53.6666
0.0191243	-2.61799	79.1183	69.7803	56.2136	48.3958	44.2075	41.425
0.0191243	-2.51327	66.7627	58.2645	45.5822	38.3733	34.253	31.6951
0.0191243	-2.40855	56.9195	49.0824	37.0064	30.3829	26.5656	24.2074
0.0191243	-2.30383	49.3034	41.6017	30.4563	24.3553	20.845	18.6614
0.0191243	-2.19911	43.5476	35.9798	25.6366	19.9847	16.776	14.7427
0.0191243	-2.0944	39.0393	31.9084	22.2417	16.9675	14.0463	12.1393
0.0191243	-1.98968	35.8373	29.0961	19.9831	15.0175	12.3613	10.5577
0.0191243	-1.88496	33.6863	27.2832	18.6045	13.8806	11.4297	9.70079
0.0191243	-1.78024	32.3756	26.2552	17.8949	13.3478	10.6424	8.97519
0.0191243	-1.67552	31.7504	25.5602	17.3971	12.9594	10.2544	8.62785
0.0191243	-1.5708	31.7196	25.1923	17.1356	12.757	10.1784	8.57165
0.0191243	-1.46608	31.7925	25.3348	17.2741	12.8933	10.3972	8.78971
0.0191243	-1.36136	32.4479	26.0424	17.8671	13.4228	10.9657	9.33686
0.0191243	-1.25664	33.8529	27.4394	19.0379	14.468	12.0085	10.3376
0.0191243	-1.15192	36.1946	29.7147	20.9731	16.2143	13.4238	11.6992
0.0191243	-1.0472	39.7142	32.8868	23.754	18.7774	15.6095	13.8023
0.0191243	-0.942478	44.6954	37.2611	27.5652	22.2748	19.0149	17.1026
0.0191243	-0.837758	51.1527	43.3883	33.0061	27.3324	23.9612	21.9206
0.0191243	-0.733038	59.6202	51.5992	40.4045	34.2758	30.7813	28.5885
0.0191243	-0.628319	70.5336	62.2175	50.0815	43.4242	39.8027	37.4332
0.0191243	-0.523599	84.1843	75.5401	62.3331	55.0727	51.3098	48.7573
0.0191243	-0.418879	100.818	91.3265	77.4119	69.4732	65.3516	62.8208
0.0191243	-0.314159	120.616	110.173	95.5082	86.8175	82.2969	79.7862
0.0191243	-0.20944	143.676	132.193	116.734	107.219	102.261	99.5035
0.0191243	-0.10472	170.002	157.397	141.105	130.701	125.267	122.242
0.0191243	1.11022e-16	199.485	185.683	168.534	157.177	151.235	147.921
0.0191243	0.10472	231.896	216.835	198.138	186.451	179.969	176.351
0.0191243	0.20944	266.883	250.514	230.16	218.203	211.158	207.219
0.0191243	0.314159	303.966	286.256	264.198	251.885	244.365	240.096
0.0191243	0.418879	341.717	323.477	299.692	286.381	279.039	274.433
0.0191243	0.523599	379.976	361.484	335.976	321.664	314.13	309.575
0.0191243	0.628319	418.223	399.493	372.289	356.99	348.922	344.401
0.0191243	0.733038	455.405	435.389	407.804	391.549	382.961	378.144
0.0191243	0.837758	490.601	469.473	441.651	424.487	415.387	410.259
0.0191243	0.942478	523.082	500.928	472.621	454.535	444.95	439.562
0.0191243	1.0472	551.978	528.904	499.995	481.196	471.201	465.578
0.0191243	1.15192	576.488	552.617	522.686	503.733	493.382	487.555
0.0191243	1.25664	595.913	571.386	540.611	521.482	510.836	504.84
0.0191243	1.36136	609.303	584.238	552.772	533.908	523.036	516.91
0.0191243	1.46608	616.422	591.037	559.159	540.582	529.55	523.331
0.0191243	1.5708	617.286	591.753	559.684	540.865	529.766	523.51
0.0191243	1.67552	611.886	586.38	554.346	535.263	524.176	517.926
0.0191243	1.78024	600.408	575.102	543.326	523.965	512.968	506.771
0.0191243	1.88496	582.805	557.928	526.703	507.334	496.505	490.403
0.0191243	1.98968	559.896	535.569	505.051	485.891	475.301	469.337
0.0191243	2.0944	532.503	508.875	479.255	460.152	449.909	444.145
0.0191243	2.19911	501.395	478.601	449.336	430.728	420.858	415.307
0.0191243	2.30383	467.407	445.565	416.562	398.729	389.282	383.974
0.0191243	2.40855	431.404	410.614	381.966	364.987	356.006	350.965
0.0191243	2.51327	394.248	374.589	346.388	330.326	321.843	317.086
0.0191243	2.61799	356.694	337.5	310.633	295.531	287.57	282.682
0.0191243	2.72271	319.496	300.609	275.44	261.326	253.415	248.537
0.0191243	2.82743	283.487	264.915	241.468	228.33	220.227	215.687
0.0191243	2.93215	248.457	231.005	209.276	196.393	188.879	184.674
0.0191243	3.03687	215.477	199.358	179.321	166.75	159.813	155.936
0.0191243	3.14159	185.161	170.339	151.908	139.738	133.358	129.798
0.0197777	-3.14159	161.208	151.447	138.655	130.441	126.174	123.805
0.0197777	-3.03687	135.141	126.4	114.313	106.908	103.068	100.94
0.0197777	-2.93215	112.097	104.311	92.9342	86.2864	82.8465	80.9421
0.0197777	-2.82743	92.1142	85.2115	74.5408	68.5928	65.5211	63.6838
0.0197777	-2.72271	75.14	68.7934	59.0632	53.7535	50.9646	49.0076
0.0197777	-2.61799	61.0393	55.0524	46.3543	41.6195	38.7743	37.0133
0.0197777	-2.51327	49.6104	43.9816	36.1964	31.922	29.0692	27.4829
0.0197777	-2.40855	40.6008	35.0734	28.0262	24.1799	21.5842	20.1515
0.0197777	-2.30383	33.3538	28.1677	21.8321	18.3806	16.0239	14.7243
0.0197777	-2.19911	27.7364	23.0409	17.3109	14.2167	12.0786	10.8922
0.0197777	-2.0944	23.6726	19.386	14.1602	11.3427	9.44084	8.34895
0.0197777	-1.98968	20.8686	16.9133	12.0954	9.50119	7.82143	6.80601
0.0197777	-1.88496	19.0622	15.3644	10.8632	8.44209	6.92726	5.96665
0.0197777	-1.78024	18.0368	14.5264	10.2553	7.82577	6.16064	5.24512
0.0197777	-1.67552	17.3161	13.9209	9.79133	7.38934	5.77744	4.89141
0.0197777	-1.5708	16.9327	13.5996	9.54627	7.27771	5.69173	4.82006
0.0197777	-1.46608	17.0515	13.7161	9.65985	7.47383	5.88687	5.01466
0.0197777	-1.36136	17.7262	14.324	10.1858	7.96274	6.41694	5.52928
0.0197777	-1.25664	19.0811	15.5465	11.2456	8.93395	7.40469	6.48643
0.0197777	-1.15192	21.3055	17.5706	13.0237	10.452	8.71127	7.75386
0.0197777	-1.0472	24.3658	20.3986	15.5661	12.6454	10.7952	9.77703
0.0197777	-0.942478	28.6688	24.3646	19.117	16.0612	14.0708	12.9749
0.0197777	-0.837758	34.7198	30.0004	24.241	21.0172	18.8544	17.6626
0.0197777	-0.733038	42.8516	37.635	31.2618	27.8138	25.4736	24.1669
0.0197777	-0.628319	53.3897	47.5908	40.4972	36.6517	34.2507	32.8094
0.0197777	-0.523599	66.2089	60.1645	52.2403	47.9351	45.4841	43.8874
0.0197777	-0.418879	81.8129	75.6086	66.7416	61.9128	59.4277	57.6565
0.0197777	-0.314159	100.488	94.1126	84.1907	78.7739	75.981	74.3121
0.0197777	-0.20944	122.34	115.285	104.7	98.6315	95.4966	93.7627
0.0197777	-0.10472	147.378	139.424	128.288	121.508	117.998	116.054
0.0197777	1.11022e-16	175.505	166.581	154.871	147.321	143.405	141.233
0.0197777	0.10472	206.504	196.547	184.248	175.878	171.527	169.112
0.0197777	0.20944	240.037	228.995	215.362	206.866	202.057	199.384
0.0197777	0.314159	275.642	263.476	248.432	239.853	234.568	231.626
0.0197777	0.418879	312.734	299.423	282.936	273.816	268.517	265.299
0.0197777	0.523599	350.229	336.163	318.223	308.275	303.085	299.762
0.0197777	0.628319	387.055	372.93	353.553	342.782	337.151	334.014
0.0197777	0.733038	422.88	408.808	388.115	376.542	370.482	367.101
0.0197777	0.837758	456.808	441.788	421.062	408.722	402.251	398.637
0.0197777	0.942478	488.134	472.233	451.241	438.12	431.229	427.377
0.0197777	1.0472	516.01	499.316	477.919	464.16	456.924	452.877
0.0197777	1.15192	539.656	522.274	500.487	486.173	478.637	474.419
0.0197777	1.25664	558.395	540.443	518.077	503.509	495.724	491.364
0.0197777	1.36136	571.329	552.909	529.949	515.647	507.671	503.202
0.0197777	1.46608	578.162	559.465	536.15	522.212	514.101	509.555
0.0197777	1.5708	578.95	560.123	536.644	522.48	514.312	509.734
0.0197777	1.67552	573.684	554.881	531.431	517	508.843	504.271
0.0197777	1.78024	562.545	543.916	520.689	505.959	497.879	493.35
0.0197777	1.88496	545.55	527.294	504.541	489.713	481.773	477.325
0.0197777	1.98968	523.365	505.586	483.442	468.767	461.03	456.698
0.0197777	2.0944	496.861	479.688	457.808	443.664	436.22	432.054
0.0197777	2.19911	466.787	450.335	428.48	414.916	407.785	403.797
0.0197777	2.30383	433.956	418.324	396.562	383.657	376.882	373.096
0.0197777	2.40855	399.211	384.48	362.882	350.7	344.313	340.748
0.0197777	2.51327	363.39	348.752	328.261	316.85	310.877	307.546
0.0197777	2.61799	327.299	312.571	293.481	282.875	277.333	273.686
0.0197777	2.72271	291.153	276.918	259.266	249.482	243.656	240.214
0.0197777	2.82743	255.55	242.463	226.259	216.85	211.173	208.009
0.0197777	2.93215	221.723	209.775	195.005	185.687	180.495	177.605
0.0197777	3.03687	190.153	179.319	165.84	156.774	152.054	149.43
0.0197777	3.14159	161.208	151.447	138.655	130.441	126.174	123.805
0.0204311	-3.14159	142.569	136.808	128.279	123.189	120.567	119.119
0.0204311	-3.03687	117.789	112.816	104.704	100.243	97.9503	96.6858
0.0204311	-2.93215	95.9699	91.1876	84.0323	80.1526	78.1622	77.0534
0.0204311	-2.82743	77.142	72.4814	66.2829	62.931	61.2148	59.971
0.0204311	-2.72271	61.1008	56.723	51.3849	48.5057	46.7143	45.5728
0.0204311	-2.61799	47.5259	43.7673	39.1913	36.6114	34.8021	33.8065
0.0204311	-2.51327	36.6214	33.4041	29.4686	26.9042	25.3258	24.4582
0.0204311	-2.40855	27.8806	25.0846	21.6896	19.4034	18.0249	17.2681
0.0204311	-2.30383	21.1265	18.7322	15.8287	13.817	12.609	11.9463
0.0204311	-2.19911	16.1418	14.0814	11.5857	9.83877	8.77352	8.1896
0.0204311	-2.0944	12.616	10.827	8.66225	7.16456	6.21632	5.69691
0.0204311	-1.98968	10.2548	8.6805	6.77701	5.50788	4.65296	4.18495
0.0204311	-1.88496	8.79644	7.38523	5.6801	4.57852	3.78956	3.35785
0.0204311	-1.78024	8.02436	6.72952	5.1658	3.77359	3.03832	2.63613
0.0204311	-1.67552	7.43351	6.20926	4.73125	3.35699	2.6565	2.27343
0.0204311	-1.5708	7.11921	5.93264	4.50038	3.24344	2.55978	2.18596
0.0204311	-1.46608	7.21177	6.02379	4.58982	3.41625	2.73196	2.35779
0.0204311	-1.36136	7.7643	6.53575	5.05253	3.92877	3.22637	2.84224
0.0204311	-1.25664	8.90019	7.59041	6.00854	4.90239	4.16387	3.7599
0.0204311	-1.15192	10.8076	9.37304	7.63954	6.15418	5.36904	4.93943
0.0204311	-1.0472	13.4512	11.8692	9.90749	8.21845	7.36023	6.89039
0.0204311	-0.942478	17.2429	15.4423	13.2634	11.4708	10.5176	9.9954
0.0204311	-0.837758	22.6817	20.6052	18.0898	16.2242	15.1521	14.5644
0.0204311	-0.733038	30.1003	27.6849	24.7557	22.8034	21.5865	20.9188
0.0204311	-0.628319	39.8251	37.0026	33.5751	31.5275	30.1378	29.3747
0.0204311	-0.523599	52.1571	48.8545	44.8385	42.6819	41.0997	40.2245
0.0204311	-0.418879	67.3529	63.4937	58.7939	56.2642	54.7239	53.7192
0.0204311	-0.314159	85.5905	81.1119	75.6303	72.6723	71.1602	70.0507
0.0204311	-0.20944	106.262	101.822	95.4601	92.0181	90.255	89.2849
0.0204311	-0.10472	130.044	125.644	118.305	114.324	112.281	111.155
0.0204311	1.11022e-16	156.847	151.733	144.084	139.511	137.159	135.862
0.0204311	0.10472	186.469	180.554	172.602	167.39	164.703	163.219
0.0204311	0.20944	218.584	211.814	203.516	197.654	194.61	192.926
0.0204311	0.314159	252.746	245.077	235.663	229.88	226.459	224.565
0.0204311	0.418879	288.391	279.794	269.223	263.442	259.721	257.608
0.0204311	0.523599	324.848	315.309	303.559	297.119	293.76	291.424
0.0204311	0.628319	361.355	350.876	337.949	330.846	327.165	325.125
0.0204311	0.733038	395.976	385.683	371.602	363.847	359.822	357.588
0.0204311	0.837758	428.67	418.708	403.688	395.306	390.948	388.528
0.0204311	0.942478	458.87	448.179	433.115	424.09	419.39	416.778
0.0204311	1.0472	485.752	474.4	459.092	449.538	444.558	441.787
0.0204311	1.15192	508.559	496.629	481.067	471.052	465.825	462.915
0.0204311	1.25664	526.629	514.219	498.394	487.996	482.564	479.538
0.0204311	1.36136	539.119	526.314	510.466	499.861	494.271	491.156
0.0204311	1.46608	545.674	532.635	516.489	506.294	500.597	497.421
0.0204311	1.5708	546.388	533.239	516.955	506.58	500.831	497.626
0.0204311	1.67552	541.251	528.122	511.863	501.219	495.479	492.279
0.0204311	1.78024	530.441	517.459	501.282	490.425	484.749	481.585
0.0204311	1.88496	514.038	501.372	485.184	474.546	468.986	465.888
0.0204311	1.98968	492.557	480.293	464.402	454.077	448.684	445.681
0.0204311	2.0944	466.918	455.164	439.454	429.58	424.428	421.561
0.0204311	2.19911	437.85	426.699	410.869	401.478	396.583	393.861
0.0204311	2.30383	406.146	395.677	379.772	370.925	366.32	363.761
0.0204311	2.40855	372.625	361.928	346.968	338.715	334.426	332.045
0.0204311	2.51327	338.104	327.106	313.259	305.637	301.682	299.488
0.0204311	2.61799	302.393	292.102	279.411	272.442	268.667	266.152
0.0204311	2.72271	266.998	257.646	246.13	239.74	235.612	233.321
0.0204311	2.82743	232.8	224.387	214.043	207.532	203.799	201.729
0.0204311	2.93215	200.372	192.879	183.572	177.102	173.755	171.902
0.0204311	3.03687	170.177	163.573	154.643	148.88	145.906	144.261
0.0204311	3.14159	142.569	136.808	128.279	123.189	120.567	119.119
0.0210845	-3.14159	129.003	125.69	120.585	117.833	116.428	115.655
0.0210845	-3.03687	105.479	102.01	97.7378	95.4415	94.2707	93.6282
0.0210845	-2.93215	84.1564	81.2576	77.7368	75.8495	74.8893	74.1703
0.0210845	-2.82743	65.808	63.4528	60.5969	59.0703	58.0982	57.4224
0.0210845	-2.72271	50.4074	48.5251	46.2464	44.8677	43.8438	43.2825
0.0210845	-2.61799	37.8058	36.3265	34.5385	33.0327	32.1887	31.7266
0.0210845	-2.51327	27.7883	26.6446	24.9748	23.6131	22.9225	22.5447
0.0210845	-2.40855	19.7874	18.8924	17.4617	16.3514	15.7891	15.4819
0.0210845	-2.30383	13.7443	13.0726	11.8631	10.9597	10.5029	10.2536
0.0210845	-2.19911	9.37851	8.88001	7.87286	7.13656	6.76475	6.56195
0.0210845	-2.0944	6.37881	6.01061	5.18699	4.58246	4.27754	4.11134
0.0210845	-1.98968	4.451	4.1776	3.51884	3.01537	2.76168	2.62349
0.0210845	-1.88496	3.33312	3.12594	2.57644	2.14188	1.92306	1.80392
0.0210845	-1.78024	2.80886	2.47408	1.75396	1.3737	1.18235	1.0782
0.0210845	-1.67552	2.345	1.97457	1.31895	0.972953	0.79891	0.704199
0.0210845	-1.5708	2.09839	1.81045	1.18553	0.855825	0.690011	0.599789
0.0210845	-1.46608	2.16551	1.96239	1.33633	1.00602	0.839896	0.749507
0.0210845	-1.36136	2.59878	2.4585	1.82402	1.47616	1.30118	1.20595
0.0210845	-1.25664	3.52071	3.35171	2.76933	2.38586	2.19287	2.08783
0.0210845	-1.15192	5.1184	4.76579	3.95082	3.52017	3.30332	3.18524
0.0210845	-1.0472	7.35467	6.93102	5.97266	5.46566	5.21017	5.07098
0.0210845	-0.942478	10.6467	10.2731	9.17741	8.56734	8.2596	8.09184
0.0210845	-0.837758	15.4873	14.9807	13.8777	13.1335	12.7577	12.5527
0.0210845	-0.733038	22.209	21.526	20.3983	19.4843	19.022	18.7696
0.0210845	-0.628319	31.1391	30.2289	29.0582	27.934	27.3646	27.0534
0.0210845	-0.523599	42.5802	41.3851	39.9423	38.7739	38.0742	37.6915
0.0210845	-0.418879	56.7918	55.2482	53.382	52.2535	51.3985	50.9302
0.0210845	-0.314159	73.9717	72.0117	69.6383	68.3722	67.5268	66.9581
0.0210845	-0.20944	94.2389	91.7919	88.824	87.2365	86.4301	85.8011
0.0210845	-0.10472	117.618	114.614	110.963	109.005	108.008	107.462
0.0210845	1.11022e-16	143.269	140.397	135.977	133.6	132.388	131.722
0.0210845	0.10472	171.546	168.621	163.679	160.837	159.384	158.586
0.0210845	0.20944	202.276	198.733	193.763	190.415	188.7	187.756
0.0210845	0.314159	235.031	230.82	225.688	221.919	219.923	218.823
0.0210845	0.418879	269.264	264.349	258.347	254.824	252.531	251.266
0.0210845	0.523599	304.324	298.68	291.777	288.035	285.902	284.466
0.0210845	0.628319	339.471	333.088	325.269	321.022	318.839	317.635
0.0210845	0.733038	373.896	366.781	358.053	353.301	350.855	349.504
0.0210845	0.837758	405.93	398.927	389.317	384.074	381.371	379.876
0.0210845	0.942478	435.033	428.513	418.027	412.275	409.305	407.662
0.0210845	1.0472	460.948	453.902	443.335	437.162	433.97	432.203
0.0210845	1.15192	482.936	475.427	464.745	458.201	454.814	452.938
0.0210845	1.25664	500.354	492.459	481.625	474.771	471.221	469.254
0.0210845	1.36136	512.412	504.198	493.471	486.378	482.701	480.663
0.0210845	1.46608	518.697	510.291	499.929	492.673	488.911	486.824
0.0210845	1.5708	519.338	510.842	500.326	492.992	489.189	487.079
0.0210845	1.67552	514.327	505.847	495.067	487.746	483.95	481.844
0.0210845	1.78024	503.836	495.477	484.414	477.19	473.444	471.366
0.0210845	1.88496	488.009	479.906	468.709	461.662	458.01	455.985
0.0210845	1.98968	467.212	459.436	448.443	441.648	438.13	436.18
0.0210845	2.0944	442.415	435.048	424.161	417.731	414.403	412.548
0.0210845	2.19911	414.326	407.331	396.289	390.245	387.122	385.393
0.0210845	2.30383	383.719	376.243	365.976	360.365	357.47	355.868
0.0210845	2.40855	351.115	343.437	334.01	328.869	326.219	324.755
0.0210845	2.51327	316.683	309.716	301.175	296.526	294.134	292.812
0.0210845	2.61799	282.085	275.85	268.217	264.072	261.558	259.984
0.0210845	2.72271	248.048	242.55	235.827	231.701	229.163	227.762
0.0210845	2.82743	215.222	210.446	204.566	200.22	197.986	196.754
0.0210845	2.93215	184.158	180.079	174.269	170.485	168.545	167.475
0.0210845	3.03687	155.305	151.883	146.167	142.918	141.254	140.339
0.0210845	3.14159	129.003	125.69	120.585	117.833	116.428	115.655
0.0217379	-3.14159	119.345	117.557	115.394	114.24	113.656	113.336
0.0217379	-3.03687	96.2199	94.8694	93.2379	92.3707	91.932	91.6272
0.0217379	-2.93215	76.0283	75.051	73.8725	73.2478	72.733	72.3983
0.0217379	-2.82743	58.7859	58.116	57.3096	56.6907	56.2249	55.9659
0.0217379	-2.72271	44.4168	43.9897	43.3214	42.6166	42.2606	42.0663
0.0217379	-2.61799	32.7669	32.521	31.6033	31.098	30.8434	30.7045
0.0217379	-2.51327	23.498	22.9506	22.2922	21.9447	21.7698	21.6746
0.0217379	-2.40855	15.9218	15.5622	15.1303	14.9028	14.7885	14.7263
0.0217379	-2.30383	10.3177	10.0955	9.8291	9.68907	9.61882	9.58063
0.0217379	-2.19911	6.36495	6.23814	6.08618	6.00648	5.96654	5.94485
0.0217379	-2.0944	3.74438	3.67916	3.6011	3.56021	3.53975	3.52864
0.0217379	-1.98968	2.15441	2.12544	2.0908	2.07268	2.06362	2.05871
0.0217379	-1.88496	1.28026	1.26882	1.25513	1.24798	1.24441	1.24247
0.0217379	-1.78024	0.518805	0.515949	0.512537	0.510757	0.509868	0.509386
0.0217379	-1.67552	0.123085	0.122775	0.122405	0.122213	0.122116	0.122064
0.0217379	-1.5708	0	0	0	0	0	0
0.0217379	-1.46608	0.128232	0.128231	0.128231	0.128231	0.12823	0.12823
0.0217379	-1.36136	0.559925	0.559542	0.559084	0.558845	0.558726	0.558651
0.0217379	-1.25664	1.41874	1.41553	1.41168	1.40967	1.40867	1.40812
0.0217379	-1.15192	2.46397	2.45331	2.44055	2.43389	2.43056	2.42874
0.0217379	-1.0472	4.35492	4.32487	4.28893	4.27013	4.26072	4.25561
0.0217379	-0.942478	7.42369	7.35617	7.27533	7.23299	7.21178	7.20025
0.0217379	-0.837758	11.9965	11.8655	11.7086	11.6263	11.585	11.5625
0.0217379	-0.733038	18.4127	18.184	17.9095	17.7653	17.6929	17.6535
0.0217379	-0.628319	27.0068	26.6374	26.1936	25.9599	25.8423	25.7783
0.0217379	-0.523599	37.6856	37.5283	36.8533	36.4969	36.3175	36.2197
0.0217379	-0.418879	50.9352	50.6624	50.1397	49.6226	49.3619	49.2196
0.0217379	-0.314159	67.0664	66.6012	66.0419	65.4899	65.1389	64.9471
0.0217379	-0.20944	86.2038	85.4839	84.6169	84.1491	83.6741	83.4145
0.0217379	-0.10472	108.38	107.34	106.085	105.42	105.083	104.812
0.0217379	1.11022e-16	133.523	132.096	130.372	129.456	128.992	128.738
0.0217379	0.10472	161.445	159.568	157.296	156.084	155.47	155.133
0.0217379	0.20944	190.888	189.454	186.56	185.012	184.225	183.794
0.0217379	0.314159	222.269	220.483	217.752	215.831	214.853	214.316
0.0217379	0.418879	255.124	252.863	250.121	248.026	246.84	246.189
0.0217379	0.523599	288.821	286.05	282.685	280.882	279.575	278.802
0.0217379	0.628319	322.641	319.338	315.321	313.163	312.063	311.458
0.0217379	0.733038	355.797	351.955	347.275	344.755	343.468	342.76
0.0217379	0.837758	387.465	383.089	377.754	374.875	373.403	372.592
0.0217379	0.942478	416.383	411.805	405.782	402.525	400.857	399.938
0.0217379	1.0472	441.355	437.05	430.45	426.876	425.043	424.032
0.0217379	1.15192	462.545	458.429	451.319	447.463	445.483	444.391
0.0217379	1.25664	479.329	474.926	467.772	463.679	461.576	460.415
0.0217379	1.36136	490.967	486.322	479.318	475.04	472.84	471.626
0.0217379	1.46608	496.988	492.196	485.609	481.205	478.94	477.69
0.0217379	1.5708	497.557	492.697	486.023	481.559	479.262	477.994
0.0217379	1.67552	492.667	487.819	480.878	476.424	474.132	472.867
0.0217379	1.78024	482.487	477.731	470.474	466.095	463.842	462.599
0.0217379	1.88496	467.221	462.66	455.147	450.904	448.723	447.52
0.0217379	1.98968	447.09	442.777	435.374	431.326	429.247	428.1
0.0217379	2.0944	423.111	418.686	411.732	407.951	406	404.924
0.0217379	2.19911	395.977	390.965	384.542	381.066	379.284	378.302
0.0217379	2.30383	365.589	360.811	354.98	351.829	350.215	349.327
0.0217379	2.40855	333.279	329.014	323.816	321.012	319.578	318.79
0.0217379	2.51327	300.089	296.358	291.814	289.37	288.122	287.327
0.0217379	2.61799	266.785	263.591	259.708	257.555	255.968	255.095
0.0217379	2.72271	234.075	231.407	228.169	225.564	224.203	223.454
0.0217379	2.82743	202.586	200.42	197.017	194.774	193.63	193.002
0.0217379	2.93215	172.854	170.99	167.545	165.699	164.759	164.244
0.0217379	3.03687	145.289	143.003	140.232	138.751	137.999	137.587
0.0217379	3.14159	119.345	117.557	115.394	114.24	113.656	113.336
0.0223914	-3.14159	113.413	113.017	112.54	112.289	112.162	112.093
0.0223914	-3.03687	91.4915	91.287	91.0416	90.9123	90.705	90.5804
0.0223914	-2.93215	72.447	72.3705	72.1731	71.8915	71.7496	71.6721
0.0223914	-2.82743	56.286	56.0822	55.7896	55.6356	55.5581	55.5158
0.0223914	-2.72271	42.2545	42.1361	41.9941	41.9196	41.882	41.8615
0.0223914	-2.61799	30.7901	30.7566	30.7164	30.6954	30.6847	30.5079
0.0223914	-2.51327	21.7912	21.7902	21.789	21.7884	21.7774	21.3223
0.0223914	-2.40855	14.9836	14.9712	14.9564	14.9487	14.726	14.3514
0.0223914	-2.30383	10.0193	9.99762	9.93331	9.89724	9.59125	9.28304
0.0223914	-2.19911	6.43222	6.43129	6.42083	6.34175	6.046	5.79159
0.0223914	-2.0944	4.14372	4.13859	4.12219	3.992	3.76634	3.55456
0.0223914	-1.98968	2.84531	2.82033	2.75794	2.57476	2.44781	2.26889
0.0223914	-1.88496	1.8268	1.77745	1.71868	1.68813	1.66557	1.61244
0.0223914	-1.78024	1.26373	1.18731	1.09633	1.04909	0.946979	0.874817
0.0223914	-1.67552	0.970359	0.913002	0.796598	0.701121	0.552505	0.47238
0.0223914	-1.5708	0.912324	0.862934	0.732836	0.572483	0.416286	0.332083
0.0223914	-1.46608	1.07672	1.0166	0.88703	0.679382	0.523473	0.439424
0.0223914	-1.36136	1.51703	1.42621	1.31129	1.07309	0.925308	0.845633
0.0223914	-1.25664	1.93182	1.89037	1.79735	1.74905	1.72503	1.66577
0.0223914	-1.15192	2.83539	2.78434	2.72353	2.69193	2.65766	2.60528
0.0223914	-1.0472	4.53295	4.50895	4.48035	4.46546	4.38501	4.24208
0.0223914	-0.942478	7.36264	7.35812	7.35273	7.3499	7.22262	7.0091
0.0223914	-0.837758	11.6569	11.6556	11.654	11.5952	11.5028	11.2459
0.0223914	-0.733038	17.6924	17.6375	17.5721	17.538	17.521	17.2983
0.0223914	-0.628319	25.5254	25.5148	25.502	25.4953	25.4919	25.4899
0.0223914	-0.523599	35.7545	35.7529	35.7509	35.7498	35.749	35.7485
0.0223914	-0.418879	48.6498	48.6124	48.5676	48.544	48.532	48.5252
0.0223914	-0.314159	64.3051	64.1917	64.0557	63.9842	63.9481	63.9282
0.0223914	-0.20944	82.719	82.6748	82.3684	82.2071	82.1258	82.0812
0.0223914	-0.10472	103.719	103.624	103.51	103.345	103.198	103.117
0.0223914	1.11022e-16	127.624	127.389	127.106	126.958	126.882	126.841
0.0223914	0.10472	154.257	153.818	153.29	153.011	152.87	152.792
0.0223914	0.20944	183.325	182.62	181.771	181.321	181.094	180.969
0.0223914	0.314159	214.247	213.389	212.148	211.489	211.156	210.973
0.0223914	0.418879	245.756	245.129	243.91	243.009	242.553	242.302
0.0223914	0.523599	278.123	277.211	276.11	275.277	274.682	274.356
0.0223914	0.628319	310.648	309.416	307.929	307.138	306.737	306.453
0.0223914	0.733038	342.567	340.993	339.089	338.075	337.561	337.278
0.0223914	0.837758	373.075	371.15	368.818	367.573	366.941	366.593
0.0223914	0.942478	401.299	398.993	396.197	394.701	393.94	393.522
0.0223914	1.0472	426.082	423.449	420.253	418.542	417.67	417.19
0.0223914	1.15192	447.088	444.162	440.606	438.698	437.726	437.191
0.0223914	1.25664	463.327	460.514	456.652	454.577	453.519	452.937
0.0223914	1.36136	474.557	472.014	467.91	465.704	464.578	463.959
0.0223914	1.46608	480.32	478.129	474.044	471.748	470.576	469.93
0.0223914	1.5708	480.818	478.58	474.476	472.137	470.942	470.284
0.0223914	1.67552	476.046	473.777	469.441	467.108	465.917	465.262
0.0223914	1.78024	466.168	463.514	459.277	456.998	455.835	455.195
0.0223914	1.88496	451.447	448.369	444.311	442.131	441.018	440.406
0.0223914	1.98968	431.945	428.816	425.012	422.97	421.929	421.356
0.0223914	2.0944	408.263	405.428	401.963	400.094	399.141	398.617
0.0223914	2.19911	381.05	378.518	375.447	373.802	372.965	372.505
0.0223914	2.30383	351.467	349.268	346.603	345.178	344.454	344.056
0.0223914	2.40855	320.298	318.447	316.205	315.01	314.403	314.069
0.0223914	2.51327	288.32	286.818	285.002	284.036	283.545	283.072
0.0223914	2.61799	256.279	255.114	253.708	252.512	251.8	251.409
0.0223914	2.72271	224.862	224.009	222.315	221.199	220.633	220.323
0.0223914	2.82743	194.678	193.519	191.918	191.067	190.636	190.4
0.0223914	2.93215	165.356	164.394	163.233	162.618	162.307	162.136
0.0223914	3.03687	138.105	137.455	136.672	136.258	136.049	135.934
0.0223914	3.14159	113.413	113.017	112.54	112.289	112.162	112.093
0.0230448	-3.14159	111.888	111.882	111.875	111.87	111.86	111.841
0.0230448	-3.03687	90.6116	90.5904	90.5649	90.5513	90.5441	90.5397
0.0230448	-2.93215	71.9386	71.9375	71.9359	71.9349	71.9341	71.9333
0.0230448	-2.82743	56.1747	56.1315	56.0799	56.0529	56.0393	56.0316
0.0230448	-2.72271	42.5563	42.5546	42.5524	42.4835	42.2354	41.9605
0.0230448	-2.61799	31.4934	31.4784	31.3039	31.0118	30.6679	30.4622
0.0230448	-2.51327	22.5205	22.4829	22.1534	21.8427	21.5678	21.418
0.0230448	-2.40855	15.5242	15.38	15.2072	14.852	14.6573	14.5513
0.0230448	-2.30383	10.2921	10.2308	10.0279	9.76188	9.62819	9.55546
0.0230448	-2.19911	6.71854	6.70186	6.42443	6.24742	6.15858	6.11029
0.0230448	-2.0944	4.46298	4.31849	4.10108	3.98691	3.92968	3.8986
0.0230448	-1.98968	3.00102	2.88668	2.7497	2.67788	2.64191	2.62239
0.0230448	-1.88496	2.25298	2.17842	2.08915	2.0424	2.019	2.00631
0.0230448	-1.78024	1.55472	1.50722	1.4504	1.42066	1.40577	1.39771
0.0230448	-1.67552	1.18044	1.14765	1.10843	1.08792	1.07766	1.0721
0.0230448	-1.5708	1.02917	1.00263	0.970901	0.954308	0.946015	0.941519
0.0230448	-1.46608	1.07776	1.051	1.01901	1.00228	0.993915	0.989381
0.0230448	-1.36136	1.38276	1.34923	1.30914	1.28816	1.27768	1.27199
0.0230448	-1.25664	2.07836	2.02939	1.97081	1.94015	1.9248	1.91649
0.0230448	-1.15192	3.05994	2.98753	2.90083	2.85543	2.8327	2.82037
0.0230448	-1.0472	4.68682	4.66079	4.52132	4.44818	4.41154	4.39165
0.0230448	-0.942478	7.44528	7.44439	7.29086	7.17429	7.11585	7.08409
0.0230448	-0.837758	11.6962	11.678	11.5463	11.3654	11.2745	11.2251
0.0230448	-0.733038	17.801	17.7361	17.6381	17.3662	17.2296	17.1552
0.0230448	-0.628319	26.117	25.9665	25.7861	25.5171	25.3181	25.2097
0.0230448	-0.523599	36.4689	36.4555	36.3516	36.1342	35.8536	35.7005
0.0230448	-0.418879	48.9656	48.9487	48.9285	48.9155	48.8354	48.7918
0.0230448	-0.314159	64.1926	64.1914	64.0346	63.9513	63.9097	63.8869
0.0230448	-0.20944	81.8721	81.8335	81.7874	81.7632	81.7507	81.7436
0.0230448	-0.10472	102.442	102.441	102.44	102.44	102.439	102.438
0.0230448	1.11022e-16	125.983	125.957	125.927	125.911	125.902	125.896
0.0230448	0.10472	151.511	151.509	151.507	151.505	151.503	151.501
0.0230448	0.20944	179.284	179.265	179.242	179.229	179.222	179.218
0.0230448	0.314159	209.058	208.96	208.842	208.779	208.747	208.728
0.0230448	0.418879	240.324	240.089	239.807	239.657	239.581	239.539
0.0230448	0.523599	272.028	271.966	271.54	271.271	271.134	271.059
0.0230448	0.628319	303.289	303.126	302.929	302.825	302.735	302.619
0.0230448	0.733038	334	333.697	333.333	333.14	333.041	332.986
0.0230448	0.837758	363.378	362.909	362.344	362.045	361.893	361.808
0.0230448	0.942478	390.579	389.91	389.104	388.677	388.461	388.341
0.0230448	1.0472	414.456	413.604	412.577	412.032	411.755	411.602
0.0230448	1.15192	434.697	433.672	432.435	431.779	431.445	431.261
0.0230448	1.25664	450.69	449.513	448.092	447.336	446.953	446.741
0.0230448	1.36136	461.945	460.646	459.077	458.242	457.817	457.583
0.0230448	1.46608	468.117	466.733	465.06	464.17	463.717	463.468
0.0230448	1.5708	468.661	467.236	465.512	464.595	464.128	463.871
0.0230448	1.67552	463.717	462.298	460.583	459.67	459.206	458.95
0.0230448	1.78024	453.67	452.302	450.649	449.769	449.322	449.076
0.0230448	1.88496	438.848	437.572	436.032	435.212	434.796	434.566
0.0230448	1.98968	419.719	418.572	417.187	416.451	416.077	415.871
0.0230448	2.0944	396.872	395.882	394.686	394.052	393.73	393.552
0.0230448	2.19911	370.586	369.792	368.835	368.327	368.07	367.928
0.0230448	2.30383	342.025	341.415	340.679	340.29	340.092	339.982
0.0230448	2.40855	311.969	311.536	311.016	310.74	310.601	310.523
0.0230448	2.51327	281.174	280.902	280.576	280.403	280.128	279.976
0.0230448	2.61799	250.365	250.226	249.542	249.158	248.964	248.857
0.0230448	2.72271	219.575	219.193	218.733	218.491	218.368	218.3
0.0230448	2.82743	189.562	189.358	189.113	188.984	188.918	188.881
0.0230448	2.93215	161.351	161.273	161.179	161.13	161.104	161.089
0.0230448	3.03687	135.357	135.346	135.333	135.326	135.322	135.319
0.0230448	3.14159	111.888	111.882	111.875	111.87	111.86	111.841
0.0236982	-3.14159	112.869	112.734	112.572	112.488	112.445	112.422
0.0236982	-3.03687	92.2232	92.1411	91.7814	91.5951	91.5024	91.4518
0.0236982	-2.93215	73.6278	73.615	73.5505	73.3794	73.2176	73.1299
0.0236982	-2.82743	57.2373	57.1172	56.9732	56.8975	56.7469	56.6515
0.0236982	-2.72271	43.1718	43.1416	43.0773	42.8605	42.7515	42.692
0.0236982	-2.61799	31.8907	31.7716	31.5603	31.4494	31.3936	31.3632
0.0236982	-2.51327	22.6772	22.608	22.5252	22.4818	22.46	22.4481
0.0236982	-2.40855	15.7204	15.7068	15.6904	15.6818	15.6775	15.6751
0.0236982	-2.30383	10.7437	10.7434	10.7431	10.7429	10.7428	10.7427
0.0236982	-2.19911	7.39759	7.37888	7.35657	7.34495	7.33915	7.336
0.0236982	-2.0944	5.33511	5.27669	5.20712	5.17096	5.15297	5.14324
0.0236982	-1.98968	4.22941	4.12021	3.99029	3.92289	3.88939	3.87128
0.0236982	-1.88496	3.78993	3.6283	3.43615	3.33658	3.28712	3.26041
0.0236982	-1.78024	3.32979	3.1254	2.88254	2.75679	2.69437	2.66066
0.0236982	-1.67552	3.09783	2.85832	2.57385	2.42664	2.35359	2.31415
0.0236982	-1.5708	3.0038	2.74593	2.43971	2.28129	2.2027	2.16028
0.0236982	-1.46608	3.02425	2.76708	2.46168	2.30368	2.2253	2.18299
0.0236982	-1.36136	3.21515	2.97763	2.69551	2.54952	2.47707	2.43796
0.0236982	-1.25664	3.70982	3.50846	3.2692	3.14531	3.0838	3.05059
0.0236982	-1.15192	4.44838	4.28813	4.09762	3.99889	3.94985	3.92336
0.0236982	-1.0472	5.79283	5.68569	5.55819	5.49204	5.45915	5.44137
0.0236982	-0.942478	8.25057	8.19428	8.12725	8.09241	8.07505	8.06564
0.0236982	-0.837758	12.1754	12.1582	12.1377	12.127	12.1217	12.1188
0.0236982	-0.733038	17.9366	17.9365	17.9363	17.9362	17.9361	17.9359
0.0236982	-0.628319	25.8997	25.884	25.8652	25.8553	25.8503	25.8475
0.0236982	-0.523599	36.4062	36.332	36.2432	36.1965	36.173	36.1602
0.0236982	-0.418879	49.4422	49.4422	49.3464	49.2298	49.1711	49.139
0.0236982	-0.314159	65.0017	64.9742	64.9411	64.9236	64.9146	64.773
0.0236982	-0.20944	83.2269	83.2215	83.0015	82.7221	82.4805	82.3499
0.0236982	-0.10472	103.783	103.69	103.278	102.962	102.806	102.721
0.0236982	1.11022e-16	126.757	126.469	126.127	125.949	125.861	125.812
0.0236982	0.10472	151.863	151.738	151.589	151.467	151.297	151.205
0.0236982	0.20944	179.448	179.212	178.832	178.635	178.537	178.483
0.0236982	0.314159	208.018	207.869	207.69	207.597	207.55	207.523
0.0236982	0.418879	237.993	237.948	237.893	237.864	237.848	237.838
0.0236982	0.523599	268.863	268.86	268.857	268.854	268.851	268.849
0.0236982	0.628319	299.945	299.932	299.916	299.906	299.9	299.895
0.0236982	0.733038	329.906	329.882	329.853	329.837	329.828	329.82
0.0236982	0.837758	358.182	358.181	358.18	358.178	358.175	358.171
0.0236982	0.942478	384.383	384.369	384.351	384.341	384.333	384.327
0.0236982	1.0472	407.377	407.326	407.265	407.231	407.213	407.2
0.0236982	1.15192	426.871	426.772	426.652	426.587	426.553	426.532
0.0236982	1.25664	442.269	442.118	441.936	441.839	441.788	441.758
0.0236982	1.36136	453.095	452.897	452.66	452.533	452.468	452.43
0.0236982	1.46608	459.011	458.78	458.501	458.352	458.276	458.232
0.0236982	1.5708	459.522	459.273	458.973	458.814	458.732	458.685
0.0236982	1.67552	454.689	454.443	454.147	453.989	453.908	453.861
0.0236982	1.78024	444.93	444.705	444.435	444.291	444.216	444.173
0.0236982	1.88496	430.565	430.377	430.151	430.03	429.968	429.931
0.0236982	1.98968	412.052	411.912	411.742	411.652	411.605	411.577
0.0236982	2.0944	389.964	389.875	389.768	389.71	389.679	389.66
0.0236982	2.19911	364.636	364.598	364.553	364.528	364.514	364.504
0.0236982	2.30383	337.072	337.065	337.056	337.05	337.046	337.041
0.0236982	2.40855	308.101	308.099	308.095	308.093	308.09	308.086
0.0236982	2.51327	278.161	278.107	278.041	278.006	277.987	277.975
0.0236982	2.61799	247.406	247.399	247.39	247.384	247.38	247.377
0.0236982	2.72271	217.352	217.345	217.337	217.332	217.329	217.326
0.0236982	2.82743	188.592	188.531	188.458	188.42	188.4	188.388
0.0236982	2.93215	161.629	161.452	161.241	161.131	161.076	161.045
0.0236982	3.03687	136.058	136.023	135.981	135.856	135.746	135.686
0.0236982	3.14159	112.869	112.734	112.572	112.488	112.445	112.422
0.0243516	-3.14159	115.551	115.513	115.124	114.444	114.107	113.926
0.0243516	-3.03687	93.8086	93.8065	93.8038	93.7578	93.5166	93.2691
0.0243516	-2.93215	74.6382	74.568	74.4839	74.4397	74.4172	74.4047
0.0243516	-2.82743	58.0595	58.0522	58.0434	58.0387	58.036	58.0344
0.0243516	-2.72271	44.3546	44.3496	44.3435	44.3402	44.3384	44.3373
0.0243516	-2.61799	33.3523	33.2955	33.2278	33.1926	33.175	33.1653
0.0243516	-2.51327	24.8844	24.7269	24.5397	24.4426	24.3943	24.3682
0.0243516	-2.40855	18.6487	18.3522	18.0002	17.8182	17.7279	17.6791
0.0243516	-2.30383	14.1242	13.8477	13.2999	13.0172	12.8772	12.8017
0.0243516	-2.19911	10.9572	10.8139	10.1157	9.72434	9.53079	9.42649
0.0243516	-2.0944	9.04008	8.80501	8.12774	7.6272	7.37994	7.24681
0.0243516	-1.98968	8.04064	7.71043	7.03524	6.43217	6.13457	5.97441
0.0243516	-1.88496	7.66397	7.24527	6.57158	5.87906	5.53758	5.3539
0.0243516	-1.78024	7.66693	7.17503	6.10566	5.34701	4.97313	4.77208
0.0243516	-1.67552	7.62418	7.08323	5.8263	5.01648	4.61754	4.40306
0.0243516	-1.5708	7.45296	6.88427	5.69378	4.8581	4.44651	4.22525
0.0243516	-1.46608	7.34693	6.77927	5.68999	4.85528	4.44415	4.22315
0.0243516	-1.36136	7.36387	6.82595	5.8701	5.06311	4.66556	4.45183
0.0243516	-1.25664	7.64036	7.15825	6.3606	5.60648	5.23482	5.03496
0.0243516	-1.15192	8.38574	7.98049	7.09427	6.404	6.06362	5.88052
0.0243516	-1.0472	9.86871	9.54206	8.40413	7.80483	7.50907	7.34989
0.0243516	-0.942478	12.0117	11.7482	10.7842	10.2886	10.0437	9.91188
0.0243516	-0.837758	15.6015	15.3126	14.5636	14.1779	13.9871	13.8843
0.0243516	-0.733038	21.0156	20.6217	20.0852	19.8084	19.6712	19.5972
0.0243516	-0.628319	28.3163	28.0288	27.6874	27.5108	27.4232	27.3758
0.0243516	-0.523599	38.0144	37.8643	37.6859	37.5932	37.5471	37.522
0.0243516	-0.418879	50.468	50.4161	50.3542	50.3219	50.3056	50.2966
0.0243516	-0.314159	65.9139	65.9104	65.906	65.9035	65.902	65.9009
0.0243516	-0.20944	84.5076	84.4121	84.2854	84.2194	84.1862	83.8542
0.0243516	-0.10472	105.357	105.336	105.311	104.825	104.235	103.918
0.0243516	1.11022e-16	129.108	128.961	128.267	127.354	126.904	126.661
0.0243516	0.10472	154.627	154.239	153.077	152.414	152.086	151.854
0.0243516	0.20944	181.799	181.057	180.179	179.446	178.97	178.714
0.0243516	0.314159	210.201	209.739	208.561	207.848	207.496	207.305
0.0243516	0.418879	239.84	239.014	238.037	237.533	237.284	237.148
0.0243516	0.523599	269.461	268.914	268.265	267.93	267.763	267.671
0.0243516	0.628319	299.329	298.994	298.595	298.388	298.284	298.226
0.0243516	0.733038	328.719	328.535	328.316	328.067	327.845	327.724
0.0243516	0.837758	356.865	356.781	356.184	355.869	355.711	355.624
0.0243516	0.942478	382.533	382.196	381.795	381.586	381.48	381.419
0.0243516	1.0472	404.665	404.441	404.174	404.035	403.963	403.922
0.0243516	1.15192	423.429	423.284	423.11	423.018	422.97	422.942
0.0243516	1.25664	438.247	438.152	438.039	437.978	437.946	437.926
0.0243516	1.36136	448.653	448.589	448.513	448.472	448.449	448.434
0.0243516	1.46608	454.319	454.274	454.218	454.188	454.17	454.158
0.0243516	1.5708	454.798	454.76	454.713	454.687	454.672	454.661
0.0243516	1.67552	450.073	450.034	449.985	449.959	449.943	449.932
0.0243516	1.78024	440.595	440.546	440.487	440.454	440.436	440.423
0.0243516	1.88496	426.675	426.606	426.523	426.479	426.455	426.439
0.0243516	1.98968	408.761	408.658	408.534	408.468	408.433	408.412
0.0243516	2.0944	387.412	387.253	387.063	386.963	386.912	386.881
0.0243516	2.19911	363.019	362.764	362.459	362.3	362.22	362.174
0.0243516	2.30383	336.227	336.047	335.594	335.358	335.24	335.174
0.0243516	2.40855	307.361	307.26	307.138	306.965	306.796	306.702
0.0243516	2.51327	277.711	277.5	277.249	277.118	277.052	277.015
0.0243516	2.61799	248.139	247.766	247.323	247.093	246.978	246.914
0.0243516	2.72271	219.297	218.7	217.993	217.627	217.446	217.346
0.0243516	2.82743	190.924	190.656	189.822	189.281	189.014	188.868
0.0243516	2.93215	164.135	163.652	163.079	162.53	162.156	161.953
0.0243516	3.03687	139.092	138.82	137.911	137.443	137.211	136.985
0.0243516	3.14159	115.551	115.513	115.124	114.444	114.107	113.926
0.025005	-3.14159	117.231	117.231	117.23	117.23	116.787	116.309
0.025005	-3.03687	95.5504	95.5102	95.462	95.4366	95.4236	95.4161
0.025005	-2.93215	76.9298	76.7809	76.6037	76.5116	76.4656	76.4403
0.025005	-2.82743	61.3554	61.0334	60.6511	60.4534	60.3551	60.3018
0.025005	-2.72271	48.0678	47.9718	47.4208	47.0996	46.9405	46.8545
0.025005	-2.61799	37.5476	37.3189	36.6845	36.1978	35.9573	35.8276
0.025005	-2.51327	29.5627	29.1768	28.3234	27.6495	27.3171	27.1382
0.025005	-2.40855	23.5398	22.9459	22.0613	21.1865	20.7557	20.5241
0.025005	-2.30383	19.3937	18.5701	17.5921	16.5111	15.9796	15.6941
0.025005	-2.19911	16.7677	15.7062	14.4523	13.3126	12.6822	12.3439
0.025005	-2.0944	15.3087	14.0143	12.4872	11.2834	10.56	10.172
0.025005	-1.98968	14.6846	13.1754	11.3963	10.134	9.32733	8.89493
0.025005	-1.88496	14.6008	12.9063	10.9103	9.60839	8.73138	8.26151
0.025005	-1.78024	14.8146	12.9741	10.8075	9.12046	8.19267	7.69575
0.025005	-1.67552	14.9319	12.9965	10.7191	8.78683	7.82032	7.30278
0.025005	-1.5708	14.8132	12.825	10.4859	8.61423	7.62834	7.10048
0.025005	-1.46608	14.6776	12.6915	10.3546	8.58653	7.60136	7.07389
0.025005	-1.36136	14.5825	12.653	10.3822	8.75828	7.7939	7.27749
0.025005	-1.25664	14.6637	12.8423	10.6981	9.25273	8.32839	7.8333
0.025005	-1.15192	15.1294	13.4623	11.4985	9.99943	9.12417	8.65524
0.025005	-1.0472	16.2511	14.7761	12.9548	11.3147	10.511	10.0802
0.025005	-0.942478	18.0023	16.7183	15.1568	13.6904	12.9711	12.5853
0.025005	-0.837758	21.0582	20.0088	18.7183	17.4447	16.8192	16.4835
0.025005	-0.733038	25.8509	25.0403	23.9782	22.9086	22.3827	22.1001
0.025005	-0.628319	32.7548	32.1737	31.2714	30.4086	29.9836	29.7551
0.025005	-0.523599	42.121	41.7469	40.9101	40.2482	39.9216	39.7457
0.025005	-0.418879	54.2575	54.0548	53.1655	52.6901	52.455	52.3282
0.025005	-0.314159	69.3618	68.8528	68.2496	67.9384	67.784	67.7005
0.025005	-0.20944	86.9261	86.6391	86.2982	86.1217	86.0337	85.8754
0.025005	-0.10472	107.612	107.473	107.307	106.985	106.672	105.989
0.025005	1.11022e-16	131.355	131.214	130.756	130.043	128.973	128.4
0.025005	0.10472	157.286	157.098	156.311	154.627	153.749	153.278
0.025005	0.20944	185.41	184.908	182.862	181.427	180.462	179.865
0.025005	0.314159	214.396	213.378	211.185	209.448	208.524	208.028
0.025005	0.418879	243.92	242.556	240.114	238.578	237.824	237.419
0.025005	0.523599	273.412	272.052	269.639	268.409	267.803	267.476
0.025005	0.628319	302.784	301.172	299.272	298.3	297.821	297.561
0.025005	0.733038	331.04	329.791	328.316	327.559	327.027	326.644
0.025005	0.837758	358.125	357.169	356.039	355.025	354.433	354.112
0.025005	0.942478	383.286	382.561	381.273	380.272	379.777	379.509
0.025005	1.0472	405.789	404.783	403.172	402.346	401.937	401.715
0.025005	1.15192	424.201	423.043	421.676	420.973	420.625	420.435
0.025005	1.25664	438.451	437.45	436.266	435.656	435.353	435.187
0.025005	1.36136	448.447	447.556	446.502	445.959	445.688	445.54
0.025005	1.46608	453.869	453.049	452.078	451.577	451.327	451.189
0.025005	1.5708	454.317	453.529	452.596	452.114	451.874	451.742
0.025005	1.67552	449.697	448.903	447.964	447.479	447.237	447.104
0.025005	1.78024	440.491	439.657	438.67	438.161	437.908	437.768
0.025005	1.88496	427.005	426.094	425.015	424.46	424.183	424.032
0.025005	1.98968	409.675	408.645	407.428	406.801	406.49	406.32
0.025005	2.0944	388.218	387.788	386.441	385.716	385.356	385.161
0.025005	2.19911	363.954	363.388	362.422	361.549	361.118	360.884
0.025005	2.30383	337.621	336.875	335.992	335.12	334.606	334.328
0.025005	2.40855	309.863	308.851	307.654	307.038	306.652	306.32
0.025005	2.51327	281.321	280.003	278.448	277.651	277.256	277.042
0.025005	2.61799	252.168	251.211	249.215	248.194	247.691	247.419
0.025005	2.72271	223.398	222.337	220.576	219.288	218.655	218.314
0.025005	2.82743	195.292	194.526	192.822	191.482	190.697	190.275
0.025005	2.93215	167.919	167.678	166.231	165.085	164.283	163.768
0.025005	3.03687	141.555	141.487	141.405	140.233	139.515	139.129
0.025005	3.14159	117.231	117.231	117.23	117.23	116.787	116.309
0.0256584	-3.14159	120.969	120.536	120.021	119.755	119.623	119.531
0.0256584	-3.03687	100.118	99.67	98.82	98.3824	98.1656	98.0484
0.0256584	-2.93215	81.6924	81.3442	80.478	79.829	79.5085	79.3357
0.0256584	-2.82743	66.3248	65.7262	64.9891	64.0937	63.6527	63.4154
0.0256584	-2.72271	53.9011	52.9954	51.9246	51.0676	50.5073	50.205
0.0256584	-2.61799	44.2248	42.9659	41.4802	40.3951	39.6913	39.3136
0.0256584	-2.51327	37.0054	35.3869	33.448	32.0336	31.1799	30.7224
0.0256584	-2.40855	31.6744	29.6648	27.3005	25.7188	24.7134	24.1751
0.0256584	-2.30383	28.1401	25.719	22.8747	21.1575	20.0031	19.3856
0.0256584	-2.19911	26.0448	23.2219	19.9099	18.0436	16.7474	16.0545
0.0256584	-2.0944	25.0352	21.8357	18.0861	16.0738	14.6475	13.8855
0.0256584	-1.98968	24.7792	21.2429	17.1024	14.9634	13.4226	12.5999
0.0256584	-1.88496	24.9827	21.1624	16.6928	14.4328	12.8238	11.9506
0.0256584	-1.78024	25.4031	21.3628	16.6386	14.0127	12.3085	11.3992
0.0256584	-1.67552	25.6781	21.4963	16.6085	13.6735	11.9176	10.981
0.0256584	-1.5708	25.6108	21.3507	16.3723	13.4856	11.704	10.7538
0.0256584	-1.46608	25.4461	21.1889	16.2139	13.4334	11.6527	10.703
0.0256584	-1.36136	25.2408	21.0676	16.1896	13.5708	11.8177	10.8826
0.0256584	-1.25664	25.13	21.1184	16.4275	14.0196	12.3199	11.4131
0.0256584	-1.15192	25.3211	21.5426	17.1215	14.7204	13.0867	12.2148
0.0256584	-1.0472	26.0846	22.6013	18.5224	15.9564	14.4197	13.5992
0.0256584	-0.942478	27.4559	24.2729	20.5424	18.2319	16.8113	16.0523
0.0256584	-0.837758	29.9879	27.1851	23.8964	21.8608	20.5717	19.8825
0.0256584	-0.733038	34.1711	31.7725	28.9545	27.1697	26.0233	25.4101
0.0256584	-0.628319	40.3801	38.3944	36.0581	34.4803	33.4837	32.9501
0.0256584	-0.523599	48.9675	47.3877	45.5259	44.092	43.2476	42.795
0.0256584	-0.418879	60.2436	59.0473	57.6352	56.2641	55.5696	55.1968
0.0256584	-0.314159	74.4563	73.6074	72.3185	71.1976	70.6463	70.35
0.0256584	-0.20944	91.7734	91.2232	89.869	89.0194	88.6006	88.3751
0.0256584	-0.10472	112.265	111.561	110.343	109.709	109.284	108.893
0.0256584	1.11022e-16	135.226	134.537	133.715	133.009	132.017	130.99
0.0256584	0.10472	160.77	160.362	159.48	158.075	156.406	155.514
0.0256584	0.20944	188.914	188.344	187.096	184.387	182.957	181.895
0.0256584	0.314159	218.43	217.921	214.985	212.317	210.578	209.649
0.0256584	0.418879	249.036	247.678	244.01	240.919	239.413	238.608
0.0256584	0.523599	279.34	277.006	272.864	270.209	268.913	268.218
0.0256584	0.628319	308.409	306.123	301.831	299.56	298.45	297.854
0.0256584	0.733038	336.594	334.044	330.227	328.29	327.313	326.535
0.0256584	0.837758	363.351	360.584	357.336	355.562	354.278	353.59
0.0256584	0.942478	387.567	385.207	382.434	380.356	379.217	378.605
0.0256584	1.0472	409.235	407.208	404.137	402.078	401.069	400.527
0.0256584	1.15192	427.451	425.707	422.228	420.366	419.452	418.96
0.0256584	1.25664	441.599	439.855	436.492	434.783	433.944	433.491
0.0256584	1.36136	451.479	449.641	446.502	444.904	444.119	443.695
0.0256584	1.46608	456.774	454.95	451.954	450.43	449.679	449.274
0.0256584	1.5708	457.314	455.425	452.497	451.006	450.272	449.876
0.0256584	1.67552	453.091	450.896	447.957	446.461	445.724	445.327
0.0256584	1.78024	443.728	441.884	438.861	437.323	436.566	436.157
0.0256584	1.88496	430.079	428.644	425.503	423.884	423.089	422.66
0.0256584	1.98968	412.588	411.003	408.301	406.563	405.71	405.25
0.0256584	2.0944	391.808	390.017	387.778	385.88	384.949	384.448
0.0256584	2.19911	368.373	366.314	363.891	362.189	361.146	360.585
0.0256584	2.30383	342.89	340.575	337.758	336.25	335.082	334.455
0.0256584	2.40855	315.149	313.433	310.072	308.365	307.527	306.892
0.0256584	2.51327	286.824	284.943	281.521	279.52	278.54	278.013
0.0256584	2.61799	257.723	256.282	252.951	250.607	249.461	248.847
0.0256584	2.72271	228.332	227.592	224.713	222.235	220.9	220.184
0.0256584	2.82743	199.006	198.705	197.111	194.943	193.394	192.565
0.0256584	2.93215	170.708	170.627	170.268	168.64	167.403	166.449
0.0256584	3.03687	144.474	144.253	143.99	143.854	142.803	142.028
0.0256584	3.14159	120.969	120.536	120.021	119.755	119.623	119.531
