#x	y	stats	nuenorm1_corr	nuenorm2_corr	nuenorm3_corr	nuenorm4_corr	nuenorm5_corr
0.426	0.002464	479.713	476.567	469.165	461.883	455.421	450.455
0.426	0.0024715	456.832	453.658	446.304	439.026	432.607	427.653
0.426	0.002479	436.892	433.687	426.383	419.106	412.73	407.789
0.426	0.0024865	419.75	416.655	409.399	402.123	395.79	390.861
0.426	0.002494	405.263	402.246	394.984	387.856	381.522	376.645
0.426	0.0025015	393.712	390.666	383.462	376.342	370.06	365.201
0.426	0.002509	384.76	381.882	374.69	367.687	361.434	356.629
0.426	0.0025165	378.6	375.724	368.6	361.621	355.422	350.64
0.426	0.002524	374.936	372.137	365.057	358.174	352.018	347.286
0.426	0.0025315	373.628	370.831	363.82	356.906	350.732	345.943
0.426	0.002539	374.555	371.724	364.57	357.612	351.296	346.422
0.426	0.0025465	377.762	374.777	367.659	360.623	354.394	349.473
0.426	0.002554	383.465	380.448	373.371	366.207	360.027	355.178
0.4345	0.002464	346.169	344.157	338.929	333.656	329.205	325.623
0.4345	0.0024715	324.545	322.566	317.343	312.078	307.642	304.078
0.4345	0.002479	305.873	303.926	298.707	293.45	289.028	285.481
0.4345	0.0024865	290.056	288.053	282.979	277.771	273.362	269.832
0.4345	0.002494	276.859	274.893	269.83	264.696	260.353	256.857
0.4345	0.0025015	266.608	264.68	259.626	254.506	250.182	246.708
0.4345	0.002509	258.949	256.988	252.062	247.042	242.781	239.345
0.4345	0.0025165	254.037	252.058	247.225	242.281	238.071	234.667
0.4345	0.002524	251.594	249.614	244.841	239.947	235.773	232.398
0.4345	0.0025315	251.38	249.396	244.587	239.627	235.352	231.893
0.4345	0.002539	253.251	251.312	246.406	241.311	236.998	233.524
0.4345	0.0025465	257.525	255.647	250.698	245.574	241.211	237.718
0.4345	0.002554	264.44	262.614	257.563	252.446	248.156	244.734
0.443	0.002464	244.595	243.018	239.611	235.987	232.901	230.5
0.443	0.0024715	224.234	222.696	219.302	215.692	212.624	210.242
0.443	0.002479	206.835	205.336	201.955	198.358	195.306	192.943
0.443	0.0024865	192.339	190.734	187.437	183.916	180.908	178.565
0.443	0.002494	180.434	178.873	175.595	172.093	169.107	166.788
0.443	0.0025015	171.485	169.915	166.709	163.225	160.261	157.966
0.443	0.002509	165.114	163.524	160.345	156.936	154.022	151.759
0.443	0.0025165	161.442	159.808	156.69	153.34	150.469	148.236
0.443	0.002524	160.199	158.513	155.416	152.087	149.225	146.964
0.443	0.0025315	160.858	159.235	156.058	152.65	149.712	147.365
0.443	0.002539	163.703	162.18	158.957	155.505	152.563	150.234
0.443	0.0025465	169.145	167.748	164.457	160.944	157.973	155.685
0.443	0.002554	177.171	175.834	172.618	169.18	166.274	163.981
0.4515	0.002464	170.074	168.913	166.762	164.425	162.455	160.823
0.4515	0.0024715	151.017	149.84	147.709	145.389	143.438	141.796
0.4515	0.002479	134.932	133.737	131.626	129.323	127.39	125.738
0.4515	0.0024865	121.443	120.376	118.29	116.031	114.124	112.542
0.4515	0.002494	110.871	109.789	107.729	105.492	103.609	102.018
0.4515	0.0025015	103.026	102.04	100.006	97.8125	95.961	94.4231
0.4515	0.002509	97.9259	96.9407	94.9381	92.7729	90.9505	89.4049
0.4515	0.0025165	95.3005	94.4082	92.4184	90.2884	88.4889	87.005
0.4515	0.002524	94.9687	94.0536	92.0431	89.8873	88.0583	86.5236
0.4515	0.0025315	96.6648	95.6893	93.6671	91.422	89.5265	87.9383
0.4515	0.002539	100.768	99.6995	97.6983	95.4773	93.5659	91.9062
0.4515	0.0025465	107.512	106.313	104.307	102.102	100.262	98.6083
0.4515	0.002554	116.924	115.735	113.799	111.582	109.634	107.988
0.46	0.002464	117.763	117.335	115.875	114.461	113.255	112.151
0.46	0.0024715	99.8945	99.4572	98.0226	96.628	95.4118	94.3284
0.46	0.002479	85.0063	84.5581	83.1497	81.7741	80.547	79.4845
0.46	0.0024865	72.7546	72.3842	70.9392	69.5749	68.4252	67.3536
0.46	0.002494	63.3954	63.0158	61.6022	60.2622	59.103	58.057
0.46	0.0025015	56.7427	56.4192	54.9842	53.6625	52.562	51.5205
0.46	0.002509	52.7893	52.5015	51.057	49.7542	48.6928	47.6617
0.46	0.0025165	51.2709	51.0009	49.5601	48.2761	47.2347	46.2081
0.46	0.002524	51.7879	51.4678	50.0069	48.6598	47.5629	46.4927
0.46	0.0025315	54.3552	53.9789	52.5626	51.2185	50.0626	49.0079
0.46	0.002539	59.5187	59.0619	57.6976	56.3551	55.1195	54.0861
0.46	0.0025465	67.2561	66.8061	65.5058	64.2313	63.0023	62.03
0.46	0.002554	77.8594	77.3025	76.0636	74.7954	73.4666	72.5341
0.4685	0.002464	83.8797	83.3935	82.4938	81.644	80.9045	80.3036
0.4685	0.0024715	67.1143	66.6701	65.7546	64.9243	64.1772	63.5945
0.4685	0.002479	53.3355	52.8158	52.0024	51.1635	50.4363	49.8677
0.4685	0.0024865	42.2367	41.6406	40.8317	39.9993	39.3036	38.7198
0.4685	0.002494	34.0002	33.4137	32.6275	31.8197	31.1167	30.5562
0.4685	0.0025015	28.3696	27.7607	27.0281	26.2128	25.5547	24.9904
0.4685	0.002509	25.3356	24.7756	24.1019	23.2876	22.6593	22.0995
0.4685	0.0025165	24.6425	24.1114	23.4726	22.6402	22.0242	21.4165
0.4685	0.002524	26.0099	25.4057	24.6787	23.8375	23.157	22.5283
0.4685	0.0025315	29.5801	29.0203	28.202	27.3876	26.6843	26.08
0.4685	0.002539	35.5919	35.2451	34.299	33.5176	32.7557	32.214
0.4685	0.0025465	44.4734	44.198	43.2625	42.5251	41.684	41.1819
0.4685	0.002554	55.9183	55.8142	54.7762	54.1017	53.2673	52.8106
0.477	0.002464	62.8194	62.6148	62.3693	61.7345	61.3434	61.0539
0.477	0.0024715	47.0843	46.8729	46.6193	46.0026	45.6061	45.3307
0.477	0.002479	34.1581	33.9974	33.8049	33.1286	32.7736	32.4628
0.477	0.0024865	23.9802	23.8141	23.615	22.9615	22.6018	22.3098
0.477	0.002494	16.6617	16.5307	16.3342	15.6819	15.3528	15.0429
0.477	0.0025015	12.0152	11.8798	11.7053	11.0531	10.72	10.4338
0.477	0.002509	9.87725	9.77722	9.53232	8.93769	8.6378	8.32175
0.477	0.0025165	9.8979	9.78723	9.5403	8.92528	8.61505	8.27971
0.477	0.002524	11.9541	11.7807	11.5727	10.8752	10.5093	10.1642
0.477	0.0025315	16.4251	16.2536	15.9777	15.3376	14.9266	14.612
0.477	0.002539	23.4874	23.2628	22.9933	22.4083	22.0014	21.744
0.477	0.0025465	33.459	33.1586	32.7957	32.2861	31.8217	31.5681
0.477	0.002554	45.9757	45.6801	45.3253	44.8757	44.4161	44.1652
0.4855	0.002464	51.6323	51.6306	51.1874	50.8778	50.7222	50.5662
0.4855	0.0024715	36.7134	36.7111	36.2887	35.9725	35.8136	35.6659
0.4855	0.002479	24.6679	24.6084	24.1044	23.8387	23.7052	23.5097
0.4855	0.0024865	15.3143	15.2904	14.7758	14.5047	14.3684	14.1859
0.4855	0.002494	8.82956	8.63014	8.18421	7.94938	7.83141	7.62052
0.4855	0.0025015	5.00423	4.68888	4.28612	4.07412	3.96767	3.74095
0.4855	0.002509	3.53289	3.21467	2.83262	2.63156	2.53062	2.29872
0.4855	0.0025165	4.09166	3.82934	3.39642	3.15714	3.03693	2.76227
0.4855	0.002524	6.64057	6.58083	6.05242	5.77389	5.63391	5.38199
0.4855	0.0025315	11.7508	11.7462	11.2925	10.9586	10.7906	10.5733
0.4855	0.002539	19.6049	19.6011	19.1892	18.8604	18.6951	18.5282
0.4855	0.0025465	30.1251	30.106	29.8577	29.456	29.2539	29.1405
0.4855	0.002554	43.4966	43.4792	43.2774	42.882	42.683	42.5746
0.494	0.002464	46.0402	45.9511	45.8444	45.7885	45.7475	45.5826
0.494	0.0024715	31.7803	31.6869	31.5749	31.5163	31.4776	31.3101
0.494	0.002479	20.1211	20.06	19.9868	19.9484	19.8389	19.691
0.494	0.0024865	11.4329	11.3684	11.2912	11.2508	11.1481	10.9981
0.494	0.002494	5.36754	5.32393	5.27177	5.24447	5.09379	4.9581
0.494	0.0025015	1.99885	1.96694	1.92877	1.90881	1.72698	1.60048
0.494	0.002509	1.02917	1.00263	0.970901	0.954308	0.731039	0.609196
0.494	0.0025165	2.01897	1.97299	1.91798	1.88919	1.66276	1.52531
0.494	0.002524	5.24659	5.17768	5.0952	5.052	4.85686	4.70397
0.494	0.0025315	11.0791	10.9735	10.8471	10.7808	10.6322	10.458
0.494	0.002539	19.5947	19.4927	19.3706	19.3065	19.1992	19.027
0.494	0.0025465	30.8781	30.7226	30.5362	30.4384	30.3894	30.1992
0.494	0.002554	44.9169	44.7661	44.5854	44.4906	44.4431	44.2997
0.5025	0.002464	43.9586	43.9483	43.9361	43.767	43.6601	43.602
0.5025	0.0024715	30.0956	30.0867	30.0563	29.883	29.7957	29.7361
0.5025	0.002479	18.9383	18.915	18.7722	18.5949	18.506	18.4577
0.5025	0.0024865	10.6484	10.627	10.4589	10.3095	10.2206	10.1711
0.5025	0.002494	5.03644	4.99986	4.72925	4.57671	4.50019	4.45861
0.5025	0.0025015	2.07814	1.91944	1.66343	1.52892	1.46147	1.42483
0.5025	0.002509	1.3573	1.15797	0.918929	0.793372	0.730421	0.69623
0.5025	0.0025165	2.58399	2.49172	2.19496	2.03896	1.9607	1.91818
0.5025	0.002524	6.05022	6.03126	5.78712	5.5997	5.50563	5.4545
0.5025	0.0025315	12.0848	12.0791	11.9806	11.748	11.6312	11.5677
0.5025	0.002539	20.9778	20.9778	20.9206	20.6922	20.5775	20.5151
0.5025	0.0025465	32.4473	32.4473	32.4472	32.2638	32.1187	32.0397
0.5025	0.002554	46.8884	46.8883	46.8881	46.7378	46.5952	46.5177
0.511	0.002464	43.1522	43.1154	43.0714	43.0484	43.0368	43.0306
0.511	0.0024715	29.3729	29.3546	29.3326	29.3212	29.3155	29.3123
0.511	0.002479	18.251	18.2311	18.2072	18.1948	18.1886	18.1852
0.511	0.0024865	10.0735	10.0639	10.0524	10.0464	10.0434	10.0418
0.511	0.002494	4.5016	4.49098	4.47827	4.47164	4.46832	4.46653
0.511	0.0025015	1.56239	1.55703	1.55062	1.54726	1.54559	1.54468
0.511	0.002509	0.912324	0.908997	0.905023	0.902948	0.901912	0.901351
0.511	0.0025165	2.28988	2.27811	2.26404	2.25669	2.25302	2.25103
0.511	0.002524	6.00975	5.98544	5.95638	5.94118	5.93359	5.92947
0.511	0.0025315	12.3402	12.2929	12.2363	12.2067	12.1919	12.1838
0.511	0.002539	21.4048	21.3599	21.3061	21.278	21.2639	21.2562
0.511	0.0025465	33.1817	33.0998	33.0019	32.9505	32.9248	32.9109
0.511	0.002554	47.7693	47.6909	47.597	47.5477	47.5231	47.5097
0.5195	0.002464	43.4111	43.3725	43.3266	43.3027	43.2908	43.2844
0.5195	0.0024715	29.6285	29.5927	29.5499	29.5189	29.4992	29.4886
0.5195	0.002479	18.4796	18.4185	18.3458	18.3081	18.2893	18.2791
0.5195	0.0024865	10.2638	10.2059	10.1341	10.082	10.0561	10.0421
0.5195	0.002494	4.64402	4.56265	4.46578	4.4155	4.39048	4.36332
0.5195	0.0025015	1.67677	1.57749	1.45423	1.35737	1.30884	1.28249
0.5195	0.002509	0.954147	0.811992	0.641625	0.552242	0.507462	0.483152
0.5195	0.0025165	2.16799	2.08962	1.95378	1.83891	1.78133	1.75007
0.5195	0.002524	5.68905	5.63495	5.57052	5.46285	5.39185	5.35328
0.5195	0.0025315	11.7805	11.7513	11.7164	11.6853	11.5947	11.5455
0.5195	0.002539	20.7242	20.6931	20.656	20.6327	20.5439	20.4957
0.5195	0.0025465	32.2141	32.2036	32.191	32.1845	32.1592	32.0966
0.5195	0.002554	46.6748	46.663	46.649	46.6417	46.6318	46.5704
0.528	0.002464	44.9475	44.93	44.909	44.898	44.8826	44.8266
0.528	0.0024715	30.7201	30.7142	30.7071	30.7034	30.7016	30.7006
0.528	0.002479	19.1552	19.1484	19.1403	19.136	19.1339	19.1328
0.528	0.0024865	10.5141	10.5125	10.5106	10.5096	10.5091	10.5088
0.528	0.002494	4.48554	4.48354	4.48114	4.47989	4.47926	4.47892
0.528	0.0025015	1.0757	1.07546	1.07518	1.07504	1.07496	1.07492
0.528	0.002509	0	0	0	0	0	0
0.528	0.0025165	1.03898	1.03648	1.03349	1.03193	1.03115	1.03073
0.528	0.002524	4.36269	4.35334	4.34216	4.33633	4.33341	4.33183
0.528	0.0025315	10.2973	10.2725	10.2429	10.2274	10.2197	10.2155
0.528	0.002539	18.8431	18.82	18.7923	18.7779	18.7707	18.7668
0.528	0.0025465	30.206	30.1554	30.0949	30.0632	30.0473	30.0387
0.528	0.002554	44.2619	44.2138	44.1564	44.1263	44.1113	44.1031
0.5365	0.002464	49.3459	49.2864	49.2155	49.1786	49.1603	49.1356
0.5365	0.0024715	34.6581	34.6018	34.5348	34.4999	34.4826	34.4732
0.5365	0.002479	22.6358	22.5493	22.4463	22.3929	22.3663	22.3519
0.5365	0.0024865	13.4946	13.4116	13.3129	13.2617	13.2362	13.2224
0.5365	0.002494	6.9841	6.87396	6.74291	6.67493	6.64113	6.62287
0.5365	0.0025015	3.12948	2.99895	2.84369	2.76319	2.72318	2.70157
0.5365	0.002509	1.65755	1.51567	1.34694	1.25947	1.21602	1.19254
0.5365	0.0025165	2.17735	2.07058	1.94354	1.87462	1.83482	1.81331
0.5365	0.002524	4.88535	4.80686	4.71342	4.66491	4.64079	4.62774
0.5365	0.0025315	10.1603	10.1121	10.0547	10.0248	10.0099	10.0019
0.5365	0.002539	18.0838	18.0332	17.9729	17.9416	17.926	17.9176
0.5365	0.0025465	28.7315	28.7083	28.6808	28.6664	28.6593	28.6554
0.5365	0.002554	42.1526	42.1277	42.098	42.0826	42.0749	42.0707
0.545	0.002464	59.8011	59.5832	59.1269	58.8913	58.7745	58.6079
0.545	0.0024715	44.3107	44.142	43.6954	43.4647	43.3504	43.2432
0.545	0.002479	31.3768	31.3718	30.9901	30.7151	30.5789	30.5055
0.545	0.0024865	21.4335	21.4276	21.0893	20.8193	20.6855	20.6134
0.545	0.002494	14.0321	14.0309	13.8714	13.5648	13.4131	13.3313
0.545	0.0025015	9.33356	9.33354	9.30772	8.97546	8.81104	8.72241
0.545	0.002509	7.10889	7.10881	7.10869	6.83131	6.66035	6.56822
0.545	0.0025165	7.05438	7.05434	7.05431	6.83716	6.67311	6.58468
0.545	0.002524	9.25072	9.24941	9.24784	9.04387	8.89309	8.8118
0.545	0.0025315	13.8667	13.8602	13.8523	13.6342	13.5019	13.4305
0.545	0.002539	21.101	21.0816	21.0161	20.7943	20.6844	20.6251
0.545	0.0025465	31.1162	31.0981	30.9506	30.7789	30.6937	30.6477
0.545	0.002554	43.7593	43.7172	43.5107	43.3353	43.2483	43.2013
0.5535	0.002464	78.2713	78.2115	77.8345	77.2327	76.8861	76.4107
0.5535	0.0024715	61.8612	61.8046	61.4874	60.8933	60.6	60.1429
0.5535	0.002479	48.2379	48.1515	48.0238	47.3605	47.0334	46.6878
0.5535	0.0024865	37.3421	37.2593	37.1606	36.5324	36.2089	35.9267
0.5535	0.002494	29.2128	29.1032	28.9728	28.4688	28.118	27.9277
0.5535	0.0025015	23.7466	23.617	23.4629	23.0602	22.6906	22.4918
0.5535	0.002509	20.7172	20.577	20.4101	20.0897	19.7105	19.5066
0.5535	0.0025165	19.9432	19.8142	19.6607	19.4175	19.039	18.8352
0.5535	0.002524	21.2334	21.1252	20.9966	20.7894	20.44	20.2521
0.5535	0.0025315	24.9011	24.8203	24.724	24.5323	24.2109	24.038
0.5535	0.002539	31.1402	31.0891	31.0282	30.8269	30.5405	30.3864
0.5535	0.0025465	40.1302	40.077	40.0137	39.8362	39.5472	39.3916
0.5535	0.002554	51.7161	51.6905	51.66	51.4386	51.1894	51.0553
0.562	0.002464	110.106	109.735	109.118	107.988	107.003	106.306
0.562	0.0024715	92.6338	92.2707	91.7253	90.6055	89.6968	89.0032
0.562	0.002479	78.1341	77.7795	77.2781	76.1809	75.365	74.6455
0.562	0.0024865	66.2477	65.8218	65.3168	64.2885	63.5542	62.8281
0.562	0.002494	57.2388	56.7964	56.2226	55.306	54.6584	53.9039
0.562	0.0025015	50.7688	50.2922	49.7273	48.875	48.2524	47.5428
0.562	0.002509	46.9051	46.3859	45.7706	45.0089	44.3605	43.73
0.562	0.0025165	45.3053	44.7589	44.1117	43.4468	42.7824	42.2409
0.562	0.002524	45.6888	45.2076	44.6373	44.0505	43.4155	42.9404
0.562	0.0025315	48.2969	47.8753	47.3755	46.8321	46.2437	45.8513
0.562	0.002539	53.4279	53.0785	52.6639	52.1454	51.6032	51.2417
0.562	0.0025465	61.2523	60.8976	60.4768	59.9857	59.4407	59.1219
0.562	0.002554	71.6655	71.3897	71.0622	70.5674	70.0769	69.787
0.5705	0.002464	159.401	158.556	157.153	155.215	153.411	151.832
0.5705	0.0024715	140.878	139.943	138.627	136.77	134.983	133.476
0.5705	0.002479	125.213	124.291	123.058	121.27	119.511	118.085
0.5705	0.0024865	112.408	111.419	110.197	108.379	106.713	105.376
0.5705	0.002494	102.171	101.236	100.029	98.2875	96.6992	95.4401
0.5705	0.0025015	94.4271	93.7466	92.4328	90.7846	89.2747	88.0927
0.5705	0.002509	89.3394	88.8518	87.4621	85.8975	84.4613	83.3521
0.5705	0.0025165	86.6899	86.3372	84.907	83.4198	82.0554	81.0013
0.5705	0.002524	86.1744	85.8777	84.4779	83.0866	81.8192	80.7742
0.5705	0.0025315	87.8995	87.5171	86.2454	84.9255	83.7365	82.7136
0.5705	0.002539	92.0095	91.574	90.3704	89.1145	88.0013	87.011
0.5705	0.0025465	98.6924	98.1211	97.0313	95.8273	94.7843	93.8362
0.5705	0.002554	108.127	107.409	106.472	105.302	104.313	103.362
0.579	0.002464	230.433	228.841	226.13	222.709	219.518	216.854
0.579	0.0024715	210.562	209.275	206.635	203.256	200.131	197.552
0.579	0.002479	193.627	192.405	189.857	186.571	183.536	181.043
0.579	0.0024865	179.504	178.484	176.03	172.826	169.849	167.431
0.579	0.002494	168.015	167.143	164.738	161.575	158.682	156.346
0.579	0.0025015	159.289	158.646	156.277	153.16	150.32	148.049
0.579	0.002509	153.181	152.631	150.245	147.31	144.543	142.339
0.579	0.0025165	149.473	149.016	146.613	143.869	141.153	139.019
0.579	0.002524	148.029	147.57	145.247	142.632	140.02	137.935
0.579	0.0025315	148.608	148.204	145.953	143.457	141.034	138.992
0.579	0.002539	151.513	151.161	148.945	146.537	144.213	142.245
0.579	0.0025465	156.94	156.509	154.443	152.117	149.88	147.993
0.579	0.002554	165.022	164.539	162.557	160.263	158.058	156.202
