#x	y	stats	nuenorm1_corr	nuenorm2_corr	nuenorm3_corr	nuenorm4_corr	nuenorm5_corr
-3.14159	0.002464	197.948	197.896	197.833	197.566	197.3	197.155
-3.14159	0.0024715	176.872	176.831	176.782	176.537	176.287	176.15
-3.14159	0.002479	158.805	158.773	158.735	158.514	158.278	158.148
-3.14159	0.0024865	143.747	143.723	143.695	143.498	143.274	143.152
-3.14159	0.002494	131.699	131.682	131.568	131.462	131.276	131.16
-3.14159	0.0025015	122.496	122.346	122.166	122.071	122.023	121.997
-3.14159	0.002509	116.06	115.927	115.766	115.682	115.639	115.615
-3.14159	0.0025165	112.627	112.508	112.365	112.29	112.252	112.23
-3.14159	0.002524	111.888	111.882	111.875	111.87	111.86	111.841
-3.14159	0.0025315	113.857	113.848	113.837	113.831	113.827	113.825
-3.14159	0.002539	118.811	118.798	118.782	118.773	118.768	118.765
-3.14159	0.0025465	126.742	126.725	126.704	126.693	126.686	126.683
-3.14159	0.002554	137.646	137.623	137.597	137.583	137.575	137.57
-3.03687	0.002464	175.883	175.809	175.508	175.173	174.799	174.573
-3.03687	0.0024715	154.91	154.91	154.534	154.222	154.001	153.785
-3.03687	0.002479	136.944	136.944	136.566	136.276	136.129	136.003
-3.03687	0.0024865	121.987	121.986	121.606	121.335	121.199	121.125
-3.03687	0.002494	109.972	109.92	109.653	109.401	109.274	109.205
-3.03687	0.0025015	100.629	100.586	100.535	100.472	100.354	100.289
-3.03687	0.002509	94.2898	94.2553	94.2139	94.1919	94.1806	94.1602
-3.03687	0.0025165	90.9517	90.9244	90.8916	90.8742	90.865	90.8596
-3.03687	0.002524	90.6116	90.5904	90.5649	90.5513	90.5441	90.5397
-3.03687	0.0025315	93.2045	93.1288	93.0386	92.9509	92.891	92.858
-3.03687	0.002539	98.2475	98.1616	98.0591	97.9718	97.9168	97.8864
-3.03687	0.0025465	106.268	106.171	106.056	105.97	105.919	105.891
-3.03687	0.002554	117.258	117.151	117.024	116.939	116.892	116.867
-2.93215	0.002464	155.743	155.669	155.425	154.891	154.603	154.362
-2.93215	0.0024715	134.984	134.902	134.578	134.196	133.923	133.732
-2.93215	0.002479	117.235	117.031	116.736	116.506	116.248	116.107
-2.93215	0.0024865	102.393	102.17	101.902	101.761	101.579	101.445
-2.93215	0.002494	90.5191	90.3166	90.0737	89.9458	89.8814	89.6827
-2.93215	0.0025015	81.5403	81.4714	81.2514	81.1356	81.0772	80.9174
-2.93215	0.002509	75.3409	75.3408	75.3406	75.2693	75.1102	75.0233
-2.93215	0.0025165	72.1415	72.1412	72.1408	72.0828	71.9326	71.8506
-2.93215	0.002524	71.9386	71.9375	71.9359	71.8915	71.7496	71.6721
-2.93215	0.0025315	74.5752	74.5085	74.4285	74.3864	74.3651	74.3531
-2.93215	0.002539	79.6882	79.6303	79.5608	79.5242	79.5056	79.4951
-2.93215	0.0025465	87.7807	87.7305	87.6703	87.6386	87.6224	87.6133
-2.93215	0.002554	98.8461	98.8028	98.7509	98.7235	98.7095	98.7016
-2.82743	0.002464	138.15	138.018	137.496	137.124	136.859	136.486
-2.82743	0.0024715	117.434	117.319	116.939	116.591	116.374	116.014
-2.82743	0.002479	99.7277	99.6273	99.3906	99.0638	98.895	98.5463
-2.82743	0.0024865	85.0305	84.9439	84.8401	84.5435	84.3892	84.085
-2.82743	0.002494	73.3423	73.2681	73.1791	73.0297	72.8363	72.6296
-2.82743	0.0025015	64.6623	64.5991	64.5233	64.4835	64.2207	64.065
-2.82743	0.002509	58.9884	58.935	58.8706	58.6921	58.6023	58.4588
-2.82743	0.0025165	56.199	56.1472	55.8323	55.6665	55.5831	55.5375
-2.82743	0.002524	56.1747	56.0822	55.7896	55.6356	55.5581	55.5158
-2.82743	0.0025315	58.5926	58.5851	58.576	58.5711	58.5235	58.4841
-2.82743	0.002539	63.8826	63.8777	63.8718	63.8685	63.8667	63.8654
-2.82743	0.0025465	72.1506	72.1477	72.1441	72.1421	72.1408	72.1399
-2.82743	0.002554	83.3901	83.3886	83.3867	83.3856	83.3847	83.384
-2.72271	0.002464	122.815	122.469	122.054	121.835	121.391	121.105
-2.72271	0.0024715	102.328	102.09	101.707	101.505	101.105	100.829
-2.72271	0.002479	84.8493	84.7199	84.3664	84.1803	83.8246	83.5589
-2.72271	0.0024865	70.3782	70.3592	70.0335	69.8621	69.5505	69.2943
-2.72271	0.002494	58.9149	58.905	58.7079	58.5501	58.2826	58.0353
-2.72271	0.0025015	50.4582	50.4519	50.3886	50.1323	49.942	49.7811
-2.72271	0.002509	45.0062	44.9834	44.8258	44.7088	44.528	44.4293
-2.72271	0.0025165	42.2545	42.1361	41.9941	41.9196	41.882	41.8615
-2.72271	0.002524	42.3917	42.2851	42.1573	42.0902	42.0564	42.0379
-2.72271	0.0025315	45.4508	45.4263	45.3114	45.251	45.2206	45.2039
-2.72271	0.002539	50.9576	50.9484	50.9373	50.9315	50.9284	50.9265
-2.72271	0.0025465	59.4407	59.4284	59.4136	59.4057	59.4017	59.3993
-2.72271	0.002554	70.8939	70.8782	70.8593	70.8493	70.8442	70.8412
-2.61799	0.002464	109.37	109.195	108.986	108.672	108.282	108.068
-2.61799	0.0024715	89.2304	89.0742	88.887	88.6088	88.2336	88.0288
-2.61799	0.002479	72.1009	71.9612	71.7937	71.5513	71.1909	70.9943
-2.61799	0.0024865	57.9814	57.8567	57.7072	57.5005	57.1541	56.9651
-2.61799	0.002494	46.8714	46.7604	46.6273	46.4555	46.1231	45.9414
-2.61799	0.0025015	38.7699	38.6712	38.504	38.2703	38.0971	37.8371
-2.61799	0.002509	33.3904	33.3503	33.3022	33.0876	32.977	32.7239
-2.61799	0.0025165	30.7901	30.7566	30.7164	30.6954	30.6679	30.4622
-2.61799	0.002524	31.1857	31.1579	31.1247	31.1073	31.0985	30.9387
-2.61799	0.0025315	34.573	34.5503	34.5231	34.5088	34.5015	34.4051
-2.61799	0.002539	40.7492	40.6849	40.6084	40.5685	40.5119	40.4744
-2.61799	0.0025465	49.4853	49.4136	49.3283	49.2838	49.2364	49.2012
-2.61799	0.002554	61.1898	61.1108	61.0166	60.9677	60.9297	60.8965
-2.51327	0.002464	98.2245	98.16	98.0828	97.6052	97.3225	97.1683
-2.51327	0.0024715	78.387	78.3327	78.2677	77.8199	77.5497	77.4024
-2.51327	0.002479	61.5579	61.5125	61.4583	61.0404	60.7819	60.641
-2.51327	0.0024865	47.7372	47.6998	47.655	47.2672	47.0198	46.885
-2.51327	0.002494	36.9248	36.8942	36.7554	36.5002	36.2631	36.0689
-2.51327	0.0025015	29.1193	29.0847	28.8389	28.7098	28.492	28.2227
-2.51327	0.002509	24.0961	24.0939	23.9251	23.8055	23.6402	23.3784
-2.51327	0.0025165	21.7912	21.7902	21.789	21.7884	21.5678	21.3223
-2.51327	0.002524	22.4807	22.4804	22.4801	22.4798	22.3062	22.1226
-2.51327	0.0025315	26.1603	26.1603	26.1602	26.1601	26.0342	25.8942
-2.51327	0.002539	32.6328	32.5311	32.4093	32.3454	32.3133	32.2958
-2.51327	0.0025465	41.6087	41.5151	41.4029	41.344	41.3145	41.2984
-2.51327	0.002554	53.555	53.4686	53.3652	53.3109	53.2836	53.2688
-2.40855	0.002464	89.1085	89.0985	88.8489	88.4572	88.26	88.1526
-2.40855	0.0024715	69.6051	69.5986	69.3582	68.9856	68.798	68.6959
-2.40855	0.002479	53.1086	53.1048	52.8742	52.5194	52.3409	52.2437
-2.40855	0.0024865	39.6194	39.5934	39.3973	39.0592	38.8891	38.7965
-2.40855	0.002494	29.0833	28.9784	28.8527	28.6047	28.4425	28.2553
-2.40855	0.0025015	21.463	21.3684	21.255	21.1548	20.9219	20.7138
-2.40855	0.002509	16.8469	16.7615	16.6592	16.6056	16.3759	16.1737
-2.40855	0.0025165	14.9836	14.9712	14.9564	14.852	14.6573	14.3514
-2.40855	0.002524	16.0003	15.9846	15.9659	15.8865	15.6989	15.4512
-2.40855	0.0025315	20.0056	19.9864	19.9615	19.9105	19.7294	19.5401
-2.40855	0.002539	26.3718	26.3383	26.2982	26.2772	26.2666	26.2411
-2.40855	0.0025465	35.6736	35.6442	35.6089	35.5905	35.5812	35.5761
-2.40855	0.002554	47.9441	47.9182	47.8872	47.871	47.8628	47.8583
-2.30383	0.002464	81.7174	81.7051	81.2073	80.9449	80.8131	80.7091
-2.30383	0.0024715	62.578	62.5355	62.0684	61.8203	61.6957	61.627
-2.30383	0.002479	46.3171	46.2685	45.9357	45.7009	45.5829	45.5187
-2.30383	0.0024865	33.0489	33.0072	32.8094	32.5869	32.4752	32.4144
-2.30383	0.002494	22.7867	22.751	22.6893	22.4783	22.3723	22.2149
-2.30383	0.0025015	15.5292	15.4988	15.4625	15.3737	15.1706	15.0114
-2.30383	0.002509	11.2744	11.2486	11.2178	11.2017	10.9634	10.809
-2.30383	0.0025165	10.0193	9.99762	9.8291	9.68907	9.59125	9.28304
-2.30383	0.002524	11.4358	11.3714	11.1859	11.0531	10.9864	10.7151
-2.30383	0.0025315	15.4203	15.4153	15.4094	15.405	15.3417	15.1357
-2.30383	0.002539	22.1058	22.1022	22.098	22.0958	22.0946	22.0939
-2.30383	0.0025465	31.7648	31.7624	31.7594	31.7579	31.757	31.7566
-2.30383	0.002554	44.3909	44.3893	44.3873	44.3862	44.3857	44.3854
-2.19911	0.002464	75.5237	75.2589	74.9412	74.7741	74.6902	74.5848
-2.19911	0.0024715	56.657	56.4827	56.1842	56.0273	55.9486	55.874
-2.19911	0.002479	40.7767	40.7135	40.4329	40.2854	40.2114	40.1677
-2.19911	0.0024865	27.9017	27.8953	27.6875	27.5487	27.479	27.4412
-2.19911	0.002494	18.0315	18.0271	17.9476	17.8168	17.7512	17.6383
-2.19911	0.0025015	11.1648	11.1618	11.1583	11.0886	10.9246	10.8039
-2.19911	0.002509	7.29927	7.29751	7.29541	7.25436	7.08733	6.97012
-2.19911	0.0025165	6.36495	6.23814	6.08618	6.00648	5.96654	5.79159
-2.19911	0.002524	8.08761	7.96817	7.82507	7.75001	7.71241	7.58658
-2.19911	0.0025315	12.4401	12.4384	12.4364	12.4353	12.4347	12.3694
-2.19911	0.002539	19.5134	19.5109	19.5078	19.5062	19.5054	19.505
-2.19911	0.0025465	29.5586	29.5552	29.5511	29.5489	29.5478	29.5472
-2.19911	0.002554	42.5692	42.5648	42.5596	42.5568	42.5554	42.5546
-2.0944	0.002464	70.1067	69.9473	69.7561	69.6558	69.6056	69.5143
-2.0944	0.0024715	51.7347	51.5862	51.4082	51.3148	51.268	51.203
-2.0944	0.002479	36.3699	36.2315	36.0655	35.9785	35.9348	35.8961
-2.0944	0.0024865	23.9526	23.8833	23.7283	23.647	23.6063	23.5842
-2.0944	0.002494	14.4994	14.4977	14.396	14.32	14.2819	14.2201
-2.0944	0.0025015	8.04841	8.04572	8.04252	7.99615	7.87469	7.78319
-2.0944	0.002509	4.5974	4.52727	4.44333	4.39936	4.37736	4.34642
-2.0944	0.0025165	3.74438	3.67916	3.6011	3.56021	3.53975	3.52864
-2.0944	0.002524	5.88358	5.82272	5.7499	5.71175	5.69267	5.68231
-2.0944	0.0025315	10.7871	10.768	10.7451	10.7333	10.7273	10.7241
-2.0944	0.002539	18.2741	18.2529	18.2276	18.2145	18.2079	18.2043
-2.0944	0.0025465	28.7315	28.7083	28.6808	28.6664	28.6593	28.6554
-2.0944	0.002554	42.1526	42.1277	42.098	42.0826	42.0749	42.0707
-1.98968	0.002464	65.5758	65.4864	65.3793	65.3231	65.295	65.2297
-1.98968	0.0024715	47.6452	47.5628	47.4641	47.4124	47.3866	47.3428
-1.98968	0.002479	32.7211	32.645	32.5539	32.5062	32.4823	32.4602
-1.98968	0.0024865	20.8035	20.7331	20.6488	20.6047	20.5826	20.5706
-1.98968	0.002494	11.8914	11.8263	11.7481	11.7072	11.6867	11.6333
-1.98968	0.0025015	5.87805	5.85786	5.8338	5.77889	5.67827	5.62358
-1.98968	0.002509	2.56716	2.53558	2.49781	2.47806	2.46818	2.46282
-1.98968	0.0025165	2.15441	2.12544	2.0908	2.07268	2.06362	2.05871
-1.98968	0.002524	4.73262	4.70591	4.67398	4.65728	4.64894	4.64441
-1.98968	0.0025315	10.1603	10.1121	10.0547	10.0248	10.0099	10.0019
-1.98968	0.002539	18.0838	18.0332	17.9729	17.9416	17.926	17.9176
-1.98968	0.0025465	28.9761	28.9235	28.8607	28.8281	28.8119	28.8031
-1.98968	0.002554	42.8308	42.7763	42.7115	42.6778	42.661	42.6519
-1.88496	0.002464	61.6755	61.6293	61.574	61.5451	61.5306	61.4996
-1.88496	0.0024715	44.204	44.162	44.1117	44.0854	44.0722	44.0581
-1.88496	0.002479	29.7382	29.6999	29.654	29.63	29.618	29.6115
-1.88496	0.0024865	18.2782	18.2431	18.2011	18.1791	18.1682	18.1622
-1.88496	0.002494	9.82314	9.79087	9.75227	9.73205	9.65379	9.61127
-1.88496	0.0025015	4.22766	4.21484	4.19951	4.16895	4.09288	4.05154
-1.88496	0.002509	1.28026	1.26882	1.25513	1.24798	1.24441	1.24247
-1.88496	0.0025165	1.32655	1.31626	1.30394	1.29751	1.2943	1.29255
-1.88496	0.002524	4.36269	4.35334	4.34216	4.33633	4.33341	4.33183
-1.88496	0.0025315	10.2907	10.2099	10.1138	10.0638	10.039	10.0256
-1.88496	0.002539	18.6698	18.5871	18.4886	18.4375	18.4121	18.3984
-1.88496	0.0025465	30.0165	29.9323	29.832	29.78	29.7541	29.7401
-1.88496	0.002554	44.3241	44.2388	44.1372	44.0845	44.0583	44.0441
-1.78024	0.002464	58.2013	58.1794	58.1533	58.1396	58.1328	58.1291
-1.78024	0.0024715	41.2025	41.1829	41.1594	41.1472	41.1411	41.1377
-1.78024	0.002479	27.209	27.1913	27.1701	27.1591	27.1535	27.1506
-1.78024	0.0024865	16.2206	16.2045	16.1853	16.1753	16.1637	16.1297
-1.78024	0.002494	8.23647	8.22181	8.20429	8.13013	8.06913	8.036
-1.78024	0.0025015	2.99144	2.98813	2.98416	2.98209	2.97554	2.94315
-1.78024	0.002509	0.518805	0.515949	0.512537	0.510757	0.509868	0.509386
-1.78024	0.0025165	1.03898	1.03648	1.03349	1.03193	1.03115	1.03073
-1.78024	0.002524	4.54805	4.54581	4.54315	4.54176	4.54106	4.54068
-1.78024	0.0025315	10.9542	10.8443	10.7135	10.6456	10.6119	10.5937
-1.78024	0.002539	19.8042	19.6934	19.5616	19.4932	19.4592	19.4408
-1.78024	0.0025465	31.6207	31.5095	31.3772	31.3086	31.2745	31.256
-1.78024	0.002554	46.3968	46.2857	46.1535	46.0849	46.0508	46.0324
-1.67552	0.002464	55.0113	55.0016	54.99	54.984	54.9809	54.9793
-1.67552	0.0024715	38.4946	38.486	38.4757	38.4703	38.4676	38.4661
-1.67552	0.002479	24.9828	24.9751	24.9658	24.961	24.9586	24.9573
-1.67552	0.0024865	14.4758	14.4688	14.4604	14.456	14.4129	14.3851
-1.67552	0.002494	6.97269	6.96622	6.94854	6.84814	6.79783	6.77052
-1.67552	0.0025015	2.11055	2.11017	2.10971	2.10947	2.10935	2.10927
-1.67552	0.002509	0.123085	0.122775	0.122405	0.122213	0.122116	0.122064
-1.67552	0.0025165	1.12773	1.12747	1.12716	1.12699	1.12691	1.12686
-1.67552	0.002524	5.12051	5.12027	5.11998	5.11983	5.11975	5.11971
-1.67552	0.0025315	11.9827	11.8523	11.6973	11.617	11.577	11.5554
-1.67552	0.002539	21.3147	21.1849	21.0306	20.9505	20.9107	20.8893
-1.67552	0.0025465	33.6122	33.4835	33.3304	33.251	33.2115	33.1902
-1.67552	0.002554	48.8684	48.7412	48.5899	48.5114	48.4725	48.4514
-1.5708	0.002464	52.0346	52.0301	52.0246	52.0218	52.0203	52.0196
-1.5708	0.0024715	36.0048	36.0007	35.9958	35.9932	35.9919	35.9912
-1.5708	0.002479	22.9799	22.9761	22.9716	22.9692	22.9681	22.9674
-1.5708	0.0024865	12.9596	12.956	12.9518	12.9398	12.8946	12.8701
-1.5708	0.002494	5.94283	5.93945	5.90034	5.81073	5.76583	5.74146
-1.5708	0.0025015	1.49642	1.49642	1.49642	1.49642	1.49642	1.49642
-1.5708	0.002509	0	0	0	0	0	0
-1.5708	0.0025165	1.4952	1.4952	1.4952	1.4952	1.4952	1.4952
-1.5708	0.002524	5.97795	5.97795	5.97794	5.97794	5.97794	5.96313
-1.5708	0.0025315	13.2724	13.1338	12.969	12.8835	12.841	12.8181
-1.5708	0.002539	23.0931	22.9566	22.7942	22.71	22.6682	22.6456
-1.5708	0.0025465	35.8785	35.7446	35.5853	35.5027	35.4617	35.4395
-1.5708	0.002554	51.6215	51.4907	51.335	51.2543	51.2142	51.1926
-1.46608	0.002464	49.2762	49.2731	49.2695	49.2676	49.2666	49.2661
-1.46608	0.0024715	33.7335	33.7305	33.7271	33.7253	33.7243	33.7239
-1.46608	0.002479	21.1957	21.1929	21.1895	21.1877	21.1868	21.1863
-1.46608	0.0024865	11.6627	11.6598	11.6564	11.6525	11.6086	11.5848
-1.46608	0.002494	5.13141	5.13021	5.09935	5.01144	4.96739	4.94348
-1.46608	0.0025015	1.13246	1.13246	1.13246	1.13246	1.13246	1.13246
-1.46608	0.002509	0.128232	0.128231	0.128231	0.128231	0.12823	0.12823
-1.46608	0.0025165	2.11533	2.11531	2.1153	2.11529	2.11529	2.11529
-1.46608	0.002524	7.08958	7.08954	7.08948	7.06523	7.02338	7.00077
-1.46608	0.0025315	14.7893	14.6558	14.497	14.4147	14.3738	14.3517
-1.46608	0.002539	25.1005	24.9706	24.816	24.7359	24.6961	24.6746
-1.46608	0.0025465	38.3758	38.2498	38.1	38.0224	37.9838	37.9629
-1.46608	0.002554	54.608	54.4865	54.3419	54.267	54.2297	54.2096
-1.36136	0.002464	46.8183	46.8146	46.81	46.8077	46.8065	46.8058
-1.36136	0.0024715	31.7581	31.7542	31.7495	31.747	31.7458	31.7452
-1.36136	0.002479	19.7031	19.699	19.6941	19.6915	19.6902	19.6895
-1.36136	0.0024865	10.6531	10.6487	10.6434	10.6406	10.6243	10.5988
-1.36136	0.002494	4.58617	4.58604	4.58587	4.51396	4.46634	4.44048
-1.36136	0.0025015	1.0757	1.07546	1.07518	1.07504	1.07496	1.07492
-1.36136	0.002509	0.559925	0.559542	0.559084	0.558845	0.558726	0.558651
-1.36136	0.0025165	3.03538	3.03478	3.03406	3.03368	3.03349	3.03339
-1.36136	0.002524	8.49782	8.49692	8.47887	8.40478	8.36796	8.34807
-1.36136	0.0025315	16.5704	16.4547	16.317	16.2455	16.21	16.1908
-1.36136	0.002539	27.3692	27.2581	27.1259	27.0574	27.0233	27.0049
-1.36136	0.0025465	41.1315	41.0255	40.8993	40.8339	40.8013	40.7837
-1.36136	0.002554	57.8504	57.7497	57.6298	57.5676	57.5367	57.52
-1.25664	0.002464	44.8182	44.8107	44.8017	44.797	44.7946	44.7934
-1.25664	0.0024715	30.2309	30.2229	30.2132	30.2082	30.2057	30.2043
-1.25664	0.002479	18.6495	18.6408	18.6303	18.6248	18.6221	18.6206
-1.25664	0.0024865	10.0735	10.0639	10.0524	10.0464	10.0434	10.0418
-1.25664	0.002494	4.48554	4.48354	4.46578	4.4155	4.39048	4.36332
-1.25664	0.0025015	1.4547	1.45215	1.44912	1.44753	1.44674	1.44631
-1.25664	0.002509	1.41874	1.41553	1.41168	1.40967	1.40867	1.40812
-1.25664	0.0025165	4.37412	4.37006	4.36522	4.36269	4.36142	4.36072
-1.25664	0.002524	10.3165	10.3114	10.2099	10.1523	10.1236	10.1081
-1.25664	0.0025315	18.7227	18.6344	18.5293	18.4747	18.4476	18.4329
-1.25664	0.002539	30.001	29.918	29.8191	29.7678	29.7422	29.7284
-1.25664	0.0025465	44.2428	44.1652	44.0728	44.0248	43.9584	43.8775
-1.25664	0.002554	61.4407	61.3687	61.283	61.1507	61.0057	60.9268
-1.15192	0.002464	43.5014	43.4844	43.4641	43.4535	43.4482	43.4453
-1.15192	0.0024715	29.3729	29.3546	29.3326	29.3212	29.3155	29.3123
-1.15192	0.002479	18.251	18.2311	18.2072	18.1948	18.1886	18.1852
-1.15192	0.0024865	10.1352	10.1134	10.0873	10.0737	10.0669	10.0632
-1.15192	0.002494	5.02401	4.99521	4.93019	4.8964	4.87957	4.87047
-1.15192	0.0025015	2.46397	2.45331	2.44055	2.43389	2.43056	2.42874
-1.15192	0.002509	2.89432	2.88189	2.86701	2.85923	2.85534	2.85323
-1.15192	0.0025165	6.31629	6.30177	6.28443	6.27536	6.27082	6.20905
-1.15192	0.002524	12.6422	12.5813	12.5087	12.471	12.4523	12.4421
-1.15192	0.0025315	21.4174	21.3614	21.2948	21.2601	21.1733	21.074
-1.15192	0.002539	33.1626	33.1117	33.0509	32.9058	32.7409	32.6511
-1.15192	0.0025465	47.8712	47.8253	47.7706	47.4446	47.2741	47.1814
-1.15192	0.002554	65.5357	65.4949	65.2926	64.942	64.7656	64.6696
-1.0472	0.002464	43.1522	43.1154	43.0714	43.0484	43.0368	43.0306
-1.0472	0.0024715	29.4638	29.4242	29.3769	29.3522	29.3398	29.333
-1.0472	0.002479	18.7828	18.7401	18.6891	18.6623	18.649	18.6417
-1.0472	0.0024865	11.0762	11.0461	11.0072	10.9782	10.9637	10.9559
-1.0472	0.002494	6.30447	6.2774	6.24514	6.22835	6.21998	6.16869
-1.0472	0.0025015	4.35492	4.32487	4.28893	4.27013	4.26072	4.24208
-1.0472	0.002509	5.23329	5.19963	5.15937	5.1383	5.12776	4.97124
-1.0472	0.0025165	9.10374	9.06601	8.98084	8.89809	8.85663	8.69241
-1.0472	0.002524	15.658	15.6286	15.5936	15.5247	15.3326	15.228
-1.0472	0.0025315	24.8821	24.8568	24.8265	24.5522	24.3538	24.2458
-1.0472	0.002539	37.0765	37.055	36.9598	36.5523	36.3471	36.2354
-1.0472	0.0025465	52.1226	52.0977	51.9398	51.5181	51.3058	51.1902
-1.0472	0.002554	70.0355	70.0059	69.8789	69.4422	69.2223	69.1025
-0.942478	0.002464	44.1011	44.0279	43.9401	43.8942	43.8712	43.8587
-0.942478	0.0024715	30.7824	30.7514	30.6578	30.6088	30.5842	30.5709
-0.942478	0.002479	20.422	20.4121	20.3828	20.3304	20.3041	20.2898
-0.942478	0.0024865	13.0663	13.0583	13.0488	13.0438	13.0299	13.0146
-0.942478	0.002494	8.71395	8.70777	8.7004	8.69653	8.68474	8.59998
-0.942478	0.0025015	7.36264	7.35617	7.27533	7.17429	7.11585	7.0091
-0.942478	0.002509	8.72722	8.65339	8.43378	8.31042	8.24855	8.14031
-0.942478	0.0025165	13.0234	12.8182	12.5694	12.4387	12.3731	12.2636
-0.942478	0.002524	19.7379	19.7316	19.693	19.3982	19.1555	19.0233
-0.942478	0.0025315	29.3886	29.3819	29.3198	28.8291	28.5783	28.4417
-0.942478	0.002539	41.8363	41.7773	41.7067	41.2325	40.9731	40.8318
-0.942478	0.0025465	57.2055	57.1387	57.0588	56.6014	56.333	56.1867
-0.942478	0.002554	75.5343	75.4589	75.3685	74.9284	74.6503	74.4987
-0.837758	0.002464	46.4861	46.4856	46.4144	46.3302	46.288	46.265
-0.837758	0.0024715	33.5094	33.5093	33.5091	33.4259	33.3812	33.3569
-0.837758	0.002479	23.5393	23.5393	23.5393	23.5292	23.4818	23.456
-0.837758	0.0024865	16.575	16.5749	16.5747	16.5746	16.5745	16.5614
-0.837758	0.002494	12.615	12.6144	12.6138	12.6134	12.6132	12.5085
-0.837758	0.0025015	11.6569	11.6556	11.5463	11.3654	11.2745	11.2251
-0.837758	0.002509	13.6272	13.4321	13.0701	12.8796	12.7839	12.7319
-0.837758	0.0025165	18.1155	17.9685	17.5869	17.3861	17.2852	17.2303
-0.837758	0.002524	25.1886	25.1879	25.0695	24.682	24.3728	24.2042
-0.837758	0.0025315	35.1191	35.0029	34.8637	34.4878	34.1683	33.9942
-0.837758	0.002539	47.911	47.7832	47.6301	47.266	46.9358	46.7557
-0.837758	0.0025465	63.6704	63.53	63.3618	63.0098	62.6681	62.4818
-0.837758	0.002554	82.3898	82.2357	82.0511	81.7113	81.3577	81.0599
-0.733038	0.002464	50.7907	50.783	50.7737	50.706	50.6341	50.595
-0.733038	0.0024715	38.172	38.1619	38.1499	38.1436	38.0736	38.0324
-0.733038	0.002479	28.5609	28.5482	28.533	28.525	28.5208	28.4775
-0.733038	0.0024865	21.9568	21.941	21.922	21.912	21.907	21.9042
-0.733038	0.002494	18.358	18.3385	18.3151	18.3028	18.2966	18.2333
-0.733038	0.0025015	17.6924	17.6375	17.5721	17.3662	17.2296	17.1552
-0.733038	0.002509	19.7389	19.6909	19.5103	19.2254	19.0821	19.0042
-0.733038	0.0025165	24.6375	24.637	24.3759	24.0771	23.9268	23.845
-0.733038	0.002524	32.3301	32.2187	31.9752	31.7197	31.3251	31.1098
-0.733038	0.0025315	42.5987	42.3795	42.1166	41.8678	41.4605	41.2383
-0.733038	0.002539	55.7506	55.5142	55.2305	54.9884	54.5678	54.3382
-0.733038	0.0025465	71.8707	71.6157	71.3098	71.0745	70.6399	70.4026
-0.733038	0.002554	90.9514	90.6766	90.3467	90.1183	89.669	89.2364
-0.628319	0.002464	57.252	57.2446	57.2356	57.2309	57.2285	57.1864
-0.628319	0.0024715	45.0204	45.0151	45.0088	44.9825	44.9663	44.9316
-0.628319	0.002479	35.7976	35.7825	35.7135	35.6772	35.659	35.649
-0.628319	0.0024865	29.5613	29.4965	29.4188	29.3781	29.3576	29.3464
-0.628319	0.002494	26.1469	26.1328	26.1158	26.0831	26.0417	26.0179
-0.628319	0.0025015	25.5254	25.5148	25.502	25.4953	25.3181	25.2097
-0.628319	0.002509	27.8999	27.8924	27.8833	27.6844	27.4768	27.3637
-0.628319	0.0025165	33.2467	33.2211	33.1906	32.8446	32.6278	32.5096
-0.628319	0.002524	41.4067	41.375	40.9633	40.7435	40.3499	40.076
-0.628319	0.0025315	52.2306	51.861	51.4163	51.1821	50.7886	50.5063
-0.628319	0.002539	65.7097	65.3155	64.8419	64.5924	64.1993	63.908
-0.628319	0.0025465	82.1534	81.7375	81.2332	80.9674	80.5747	80.2741
-0.628319	0.002554	101.468	101.119	100.582	100.299	99.907	99.3795
-0.523599	0.002464	66.2122	66.2093	66.2059	66.204	66.2029	66.2021
-0.523599	0.0024715	54.2625	54.2579	54.2523	54.2493	54.2476	54.2465
-0.523599	0.002479	45.3228	45.3159	45.3075	45.2974	45.2517	45.2268
-0.523599	0.0024865	39.3922	39.3823	39.3696	39.271	39.2215	39.1944
-0.523599	0.002494	36.0875	36.0869	36.0862	36.0857	36.0853	36.0849
-0.523599	0.0025015	35.7545	35.7529	35.7509	35.7498	35.749	35.7005
-0.523599	0.002509	38.4185	38.4152	38.4111	38.4089	38.2782	38.1191
-0.523599	0.0025165	44.0754	44.0696	44.0627	43.9986	43.6952	43.5297
-0.523599	0.002524	52.451	52.3642	52.2608	52.0049	51.7615	51.4157
-0.523599	0.0025315	63.4706	63.3949	63.0782	62.7111	62.4639	62.1079
-0.523599	0.002539	77.3804	77.3627	76.7766	76.3892	76.1383	75.7717
-0.523599	0.0025465	94.0246	94.0007	93.4408	93.032	92.7774	92.3997
-0.523599	0.002554	113.628	113.597	113.063	112.632	112.292	111.801
-0.418879	0.002464	78.0976	78.0592	78.0133	77.9893	77.9772	77.9704
-0.418879	0.0024715	66.3035	66.2709	66.2321	66.2117	66.2014	66.1955
-0.418879	0.002479	57.5176	57.4906	57.4584	57.4415	57.4328	57.4279
-0.418879	0.0024865	51.7389	51.7171	51.6912	51.6775	51.6705	51.6664
-0.418879	0.002494	48.736	48.7051	48.6682	48.6487	48.6388	48.6332
-0.418879	0.0025015	48.6498	48.6124	48.5676	48.544	48.532	48.5252
-0.418879	0.002509	51.5615	51.5166	51.4629	51.4346	51.4202	51.4122
-0.418879	0.0025165	57.2119	57.1868	57.1567	57.141	57.1329	57.1283
-0.418879	0.002524	65.5042	65.4849	65.4618	65.4497	65.4434	65.3999
-0.418879	0.0025315	76.7737	76.7596	76.7427	76.7338	76.5602	76.3116
-0.418879	0.002539	91.014	91.0044	90.9929	90.7369	90.4504	90.1948
-0.418879	0.0025465	108.218	108.212	108.2	107.605	107.305	107.042
-0.418879	0.002554	128.301	128.221	128.053	127.43	127.115	126.77
-0.314159	0.002464	92.5331	92.5318	92.5301	92.529	92.5282	92.5275
-0.314159	0.0024715	80.9353	80.9349	80.9343	80.9337	80.9332	80.9326
-0.314159	0.002479	72.3468	72.3467	72.3465	72.3462	72.3458	72.3452
-0.314159	0.0024865	66.7665	66.7662	66.7657	66.7652	66.7647	66.7551
-0.314159	0.002494	64.1926	64.1914	64.0346	63.9513	63.9097	63.8869
-0.314159	0.0025015	64.4155	64.2944	64.1432	64.0636	64.0234	64.0013
-0.314159	0.002509	67.2102	67.21	67.2095	67.1386	67.094	67.0695
-0.314159	0.0025165	72.7229	72.7229	72.7226	72.7223	72.7219	72.7213
-0.314159	0.002524	81.2192	81.2185	81.2176	81.2169	81.2163	81.2156
-0.314159	0.0025315	92.6934	92.6913	92.6886	92.6869	92.6859	92.6849
-0.314159	0.002539	107.139	107.135	107.129	107.126	107.124	107.123
-0.314159	0.0025465	124.55	124.542	124.532	124.527	124.47	124.242
-0.314159	0.002554	144.479	144.402	144.311	144.263	144.239	144.22
-0.20944	0.002464	110.219	110.201	110.18	110.168	110.162	110.158
-0.20944	0.0024715	98.7705	98.7479	98.7208	98.7063	98.6987	98.6942
-0.20944	0.002479	90.3324	90.3043	90.2705	90.244	90.2267	90.217
-0.20944	0.0024865	84.6333	84.5871	84.5318	84.5028	84.4881	84.4796
-0.20944	0.002494	81.8721	81.8335	81.7874	81.7632	81.7507	81.7436
-0.20944	0.0025015	82.111	82.0796	82.042	82.0222	82.012	82.006
-0.20944	0.002509	85.3465	85.3217	85.2921	85.2764	85.2682	85.2295
-0.20944	0.0025165	91.0655	91.035	90.9985	90.9791	90.969	90.9438
-0.20944	0.002524	99.7178	99.6796	99.6338	99.6096	99.5972	99.59
-0.20944	0.0025315	111.349	111.302	111.246	111.216	111.201	111.192
-0.20944	0.002539	125.952	125.895	125.827	125.791	125.773	125.762
-0.20944	0.0025465	143.178	143.161	143.141	143.13	143.125	143.121
-0.20944	0.002554	162.863	162.852	162.839	162.831	162.827	162.825
-0.10472	0.002464	131.107	131.098	130.941	130.852	130.808	130.783
-0.10472	0.0024715	119.432	119.426	119.419	119.415	119.413	119.411
-0.10472	0.002479	110.764	110.76	110.756	110.754	110.752	110.75
-0.10472	0.0024865	105.101	105.099	105.097	105.096	105.095	105.093
-0.10472	0.002494	102.442	102.441	102.44	102.44	102.439	102.438
-0.10472	0.0025015	102.783	102.783	102.783	102.782	102.782	102.781
-0.10472	0.002509	106.122	106.056	105.882	105.792	105.747	105.722
-0.10472	0.0025165	111.946	111.816	111.661	111.58	111.539	111.517
-0.10472	0.002524	120.673	120.558	120.42	120.349	120.312	120.292
-0.10472	0.0025315	132.377	132.276	132.155	132.092	132.061	132.043
-0.10472	0.002539	147.05	146.963	146.859	146.805	146.777	146.762
-0.10472	0.0025465	163.992	163.989	163.987	163.985	163.983	163.949
-0.10472	0.002554	183.785	183.78	183.774	183.77	183.768	183.766
1.11022e-16	0.002464	154.322	154.283	154.236	154.211	154.173	154.111
1.11022e-16	0.0024715	142.826	142.816	142.802	142.697	142.589	142.531
1.11022e-16	0.002479	134.206	134.192	134.174	134.112	134.011	133.955
1.11022e-16	0.0024865	128.592	128.573	128.549	128.53	128.435	128.383
1.11022e-16	0.002494	125.983	125.957	125.927	125.911	125.861	125.812
1.11022e-16	0.0025015	126.138	126.088	126.029	125.997	125.981	125.972
1.11022e-16	0.002509	128.946	128.905	128.855	128.829	128.816	128.808
1.11022e-16	0.0025165	134.742	134.709	134.669	134.647	134.636	134.63
1.11022e-16	0.002524	143.52	143.494	143.463	143.447	143.438	143.432
1.11022e-16	0.0025315	155.276	155.257	155.234	155.221	155.214	155.21
1.11022e-16	0.002539	170.003	169.989	169.973	169.934	169.851	169.806
1.11022e-16	0.0025465	187.319	187.27	187.015	186.864	186.789	186.747
1.11022e-16	0.002554	207.167	207.106	206.879	206.742	206.674	206.636
0.10472	0.002464	180.428	180.275	180.059	179.946	179.89	179.858
0.10472	0.0024715	168.803	168.635	168.436	168.332	168.28	168.251
0.10472	0.002479	160.153	160	159.817	159.722	159.674	159.648
0.10472	0.0024865	154.507	154.368	154.202	154.116	154.072	154.048
0.10472	0.002494	151.7	151.696	151.589	151.511	151.417	151.32
0.10472	0.0025015	151.511	151.509	151.507	151.467	151.297	151.205
0.10472	0.002509	154.315	154.314	154.313	154.312	154.168	154.08
0.10472	0.0025165	160.107	160.107	160.107	160.106	160.024	159.941
0.10472	0.002524	168.883	168.882	168.881	168.88	168.861	168.783
0.10472	0.0025315	180.636	180.635	180.632	180.63	180.629	180.599
0.10472	0.002539	195.093	194.979	194.842	194.77	194.734	194.713
0.10472	0.0025465	211.957	211.857	211.738	211.675	211.644	211.626
0.10472	0.002554	231.769	231.684	231.582	231.528	231.501	231.485
0.20944	0.002464	208.285	208.226	208.156	208.119	208.043	207.901
0.20944	0.0024715	196.569	196.518	196.457	196.425	196.403	196.266
0.20944	0.002479	187.859	187.815	187.763	187.735	187.721	187.636
0.20944	0.0024865	182.152	182.116	182.072	182.048	181.936	181.875
0.20944	0.002494	179.448	179.418	179.055	178.845	178.74	178.682
0.20944	0.0025015	179.284	179.212	178.832	178.635	178.537	178.483
0.20944	0.002509	182.027	181.953	181.599	181.416	181.324	181.273
0.20944	0.0025165	187.759	187.68	187.352	187.182	187.096	187.049
0.20944	0.002524	196.475	196.388	196.085	195.928	195.849	195.806
0.20944	0.0025315	207.717	207.683	207.642	207.552	207.31	207.178
0.20944	0.002539	221.564	221.538	221.506	221.482	221.251	221.126
0.20944	0.0025465	238.369	238.35	238.326	238.313	238.148	238.029
0.20944	0.002554	258.124	258.11	258.094	258.085	257.992	257.879
0.314159	0.002464	238.425	238.421	238.376	238.033	237.863	237.77
0.314159	0.0024715	226.591	226.589	226.576	226.248	226.085	225.995
0.314159	0.002479	217.762	217.761	217.742	217.466	217.31	217.115
0.314159	0.0024865	211.789	211.609	211.396	211.285	211.054	210.85
0.314159	0.002494	208.407	208.242	208.046	207.944	207.778	207.581
0.314159	0.0025015	208.018	207.869	207.69	207.597	207.496	207.305
0.314159	0.002509	210.621	210.485	210.324	210.24	210.197	210.019
0.314159	0.0025165	216.209	216.088	215.944	215.868	215.829	215.718
0.314159	0.002524	224.78	224.672	224.544	224.477	224.329	224.238
0.314159	0.0025315	235.976	235.976	235.643	235.325	235.167	235.081
0.314159	0.002539	249.707	249.707	249.415	249.116	248.967	248.886
0.314159	0.0025465	266.396	266.395	266.143	265.862	265.722	265.646
0.314159	0.002554	286.036	286.033	285.817	285.555	285.424	285.353
0.418879	0.002464	270.265	269.943	269.56	269.362	269.262	269.067
0.418879	0.0024715	258.218	257.935	257.572	257.384	257.171	257.015
0.418879	0.002479	248.667	248.597	248.513	247.983	247.705	247.554
0.418879	0.0024865	242.113	242.052	241.978	241.505	241.237	241.09
0.418879	0.002494	238.556	238.503	238.439	238.023	237.764	237.623
0.418879	0.0025015	237.993	237.948	237.893	237.533	237.284	237.148
0.418879	0.002509	240.421	240.383	240.338	240.033	239.793	239.663
0.418879	0.0025165	245.836	245.805	245.768	245.518	245.288	245.157
0.418879	0.002524	254.233	254.098	253.712	253.512	253.165	252.904
0.418879	0.0025315	264.993	264.69	264.331	264.144	263.873	263.619
0.418879	0.002539	278.525	278.245	277.913	277.74	277.542	277.297
0.418879	0.0025465	295.014	294.756	294.45	294.29	294.167	293.929
0.418879	0.002554	314.451	314.215	313.934	313.788	313.715	313.509
0.523599	0.002464	302.135	301.98	301.796	301.553	301.133	300.771
0.523599	0.0024715	289.879	289.736	289.25	288.856	288.473	288.118
0.523599	0.002479	280.232	280.223	279.511	279.131	278.812	278.464
0.523599	0.0024865	273.446	273.44	272.768	272.403	272.148	271.806
0.523599	0.002494	269.657	269.653	269.021	268.67	268.479	268.145
0.523599	0.0025015	268.863	268.86	268.265	267.93	267.763	267.476
0.523599	0.002509	271.059	271.058	270.499	270.179	270.019	269.796
0.523599	0.0025165	276.158	275.978	275.717	275.144	274.763	274.526
0.523599	0.002524	283.528	283.363	283.166	282.616	282.246	282.046
0.523599	0.0025315	293.868	293.718	293.539	293.055	292.698	292.505
0.523599	0.002539	307.17	307.035	306.874	306.457	306.112	305.926
0.523599	0.0025465	323.429	323.309	323.165	322.813	322.482	322.302
0.523599	0.002554	342.637	342.531	342.403	342.117	341.798	341.625
0.628319	0.002464	334.521	334.319	333.818	333.226	332.692	332.404
0.628319	0.0024715	321.669	321.263	320.781	320.249	319.725	319.442
0.628319	0.002479	311.592	311.203	310.742	310.269	309.756	309.478
0.628319	0.0024865	304.511	304.14	303.699	303.286	302.783	302.511
0.628319	0.002494	300.424	300.071	299.651	299.297	298.806	298.54
0.628319	0.0025015	299.329	298.994	298.595	298.3	297.821	297.561
0.628319	0.002509	301.222	300.905	300.529	300.125	299.558	299.109
0.628319	0.0025165	305.61	305.537	304.889	304.315	303.822	303.381
0.628319	0.002524	312.693	312.629	312.033	311.479	311.059	310.628
0.628319	0.0025315	322.745	322.69	322.145	321.612	321.266	320.843
0.628319	0.002539	335.761	335.715	335.22	334.707	334.434	334.021
0.628319	0.0025465	351.735	351.696	351.249	350.757	350.513	350.154
0.628319	0.002554	370.657	370.626	370.225	369.755	369.521	369.234
0.733038	0.002464	365.829	365.586	365.115	364.271	363.751	363.205
0.733038	0.0024715	352.416	352.185	351.765	350.937	350.477	349.938
0.733038	0.002479	342	341.78	341.412	340.6	340.199	339.668
0.733038	0.0024865	334.58	334.372	334.054	333.26	332.867	332.395
0.733038	0.002494	330.153	329.957	329.689	328.914	328.53	328.117
0.733038	0.0025015	328.719	328.535	328.316	327.559	327.027	326.535
0.733038	0.002509	330.273	330.101	329.351	328.646	327.949	327.528
0.733038	0.0025165	334.458	333.973	333.168	332.534	331.849	331.481
0.733038	0.002524	341.199	340.732	339.958	339.394	338.724	338.363
0.733038	0.0025315	350.911	350.46	349.717	349.223	348.568	348.214
0.733038	0.002539	363.586	363.149	362.438	362.015	361.374	361.028
0.733038	0.0025465	379.219	378.792	378.114	377.761	377.135	376.797
0.733038	0.002554	397.803	397.383	396.737	396.403	395.844	395.515
0.837758	0.002464	395.927	395.807	394.843	394.194	393.331	392.866
0.837758	0.0024715	382.124	382.01	381.092	380.456	379.648	379.188
0.837758	0.002479	371.317	371.211	370.338	369.714	368.962	368.507
0.837758	0.0024865	363.507	363.407	362.579	361.968	361.272	360.823
0.837758	0.002494	358.69	358.598	357.813	357.216	356.577	355.996
0.837758	0.0025015	356.865	356.781	356.039	355.025	354.278	353.59
0.837758	0.002509	357.701	357.206	356.619	355.525	354.848	354.168
0.837758	0.0025165	361.074	360.598	360.033	359.004	358.396	357.725
0.837758	0.002524	367.419	366.963	366.421	365.457	364.898	364.256
0.837758	0.0025315	376.732	376.296	375.778	374.878	374.331	373.757
0.837758	0.002539	389.006	388.591	388.097	387.261	386.726	386.22
0.837758	0.0025465	404.236	403.841	403.372	402.6	402.078	401.64
0.837758	0.002554	422.413	422.039	421.595	420.887	420.074	419.439
0.942478	0.002464	424.24	423.687	422.732	421.787	421.05	420.653
0.942478	0.0024715	410	409.475	408.537	407.644	406.914	406.521
0.942478	0.002479	398.757	398.258	397.337	396.497	395.775	395.386
0.942478	0.0024865	390.509	390.034	389.133	388.346	387.632	387.247
0.942478	0.002494	385.255	384.802	383.921	383.188	382.087	381.469
0.942478	0.0025015	382.573	382.223	381.273	380.272	379.217	378.605
0.942478	0.002509	382.533	382.196	381.304	380.32	379.329	378.724
0.942478	0.0025165	385.471	385.147	384.313	383.347	382.421	381.823
0.942478	0.002524	391.381	391.072	390.295	389.348	388.487	387.896
0.942478	0.0025315	400.26	399.965	399.245	398.318	397.522	396.939
0.942478	0.002539	412.101	411.821	411.157	410.251	409.52	408.945
0.942478	0.0025465	426.898	426.633	426.024	425.139	424.474	423.791
0.942478	0.002554	444.643	444.393	443.788	442.519	441.601	440.766
1.0472	0.002464	449.363	448.758	448.042	446.816	446.185	445.844
1.0472	0.0024715	434.663	434.068	433.362	432.184	431.558	431.22
1.0472	0.002479	422.957	422.372	421.679	420.548	419.928	419.592
1.0472	0.0024865	414.244	413.67	412.99	411.907	411.168	410.611
1.0472	0.002494	408.522	407.96	407.064	405.845	404.817	404.264
1.0472	0.0025015	405.181	404.948	403.627	402.47	401.452	400.904
1.0472	0.002509	404.665	404.441	403.172	402.078	401.069	400.527
1.0472	0.0025165	407.126	406.912	405.695	404.664	403.666	403.129
1.0472	0.002524	412.562	412.357	411.192	410.225	409.238	408.707
1.0472	0.0025315	420.966	420.771	419.657	418.754	417.779	417.254
1.0472	0.002539	432.332	432.148	431.084	430.246	429.283	428.766
1.0472	0.0025465	446.655	446.482	445.468	444.694	443.485	442.706
1.0472	0.002554	463.927	463.561	462.565	461.154	459.953	459.183
1.15192	0.002464	471.069	470.617	469.714	468.609	468.064	467.768
1.15192	0.0024715	455.862	455.415	454.555	453.456	452.914	452.62
1.15192	0.002479	443.648	443.207	442.391	441.299	440.761	440.469
1.15192	0.0024865	434.427	433.993	433.22	432.065	431.131	430.628
1.15192	0.002494	428.197	427.771	426.604	425.181	424.253	423.754
1.15192	0.0025015	424.457	424.035	422.649	421.282	420.361	419.865
1.15192	0.002509	423.429	423.043	421.676	420.366	419.452	418.96
1.15192	0.0025165	425.381	425.028	423.681	422.428	421.523	421.035
1.15192	0.002524	430.306	429.985	428.66	427.465	426.568	426.085
1.15192	0.0025315	438.2	437.91	436.608	435.471	434.584	434.106
1.15192	0.002539	449.058	448.796	447.519	446.441	445.563	445.091
1.15192	0.0025465	462.873	462.637	461.386	460.26	458.907	458.181
1.15192	0.002554	479.402	478.838	477.566	476.187	474.848	474.13
1.25664	0.002464	488.985	488.643	487.539	486.573	486.095	485.835
1.25664	0.0024715	473.242	472.903	471.838	470.874	470.397	470.138
1.25664	0.002479	460.493	460.157	459.131	458.17	457.694	457.233
1.25664	0.0024865	450.737	450.404	449.418	448.129	447.277	446.817
1.25664	0.002494	443.972	443.488	442.281	440.696	439.847	439.39
1.25664	0.0025015	439.812	438.979	437.782	436.249	435.404	434.949
1.25664	0.002509	438.247	437.45	436.266	434.783	433.944	433.491
1.25664	0.0025165	439.661	438.898	437.727	436.297	435.464	435.014
1.25664	0.002524	444.049	443.319	442.164	440.786	439.959	439.513
1.25664	0.0025315	451.407	450.707	449.57	448.245	447.425	446.982
1.25664	0.002539	461.729	461.058	459.939	458.668	457.855	457.284
1.25664	0.0025465	475.009	474.365	473.266	471.697	470.421	469.736
1.25664	0.002554	490.598	490.123	488.622	487.077	485.811	485.132
1.36136	0.002464	502.592	502.328	501.083	500.22	499.793	499.56
1.36136	0.0024715	486.296	486.031	484.822	483.958	483.53	483.298
1.36136	0.002479	472.992	472.728	471.555	470.691	470.143	469.715
1.36136	0.0024865	462.682	462.418	461.282	459.948	459.156	458.729
1.36136	0.002494	455.364	454.706	453.556	451.949	451.158	450.732
1.36136	0.0025015	450.537	449.64	448.538	446.935	446.147	445.721
1.36136	0.002509	448.447	447.556	446.502	444.904	444.119	443.695
1.36136	0.0025165	449.333	448.449	447.403	445.853	445.071	444.649
1.36136	0.002524	453.191	452.316	451.28	449.777	448.999	448.579
1.36136	0.0025315	460.017	459.151	458.127	456.671	455.898	455.481
1.36136	0.002539	469.804	468.95	467.938	466.531	465.763	465.112
1.36136	0.0025465	482.547	481.705	480.599	478.874	477.651	476.994
1.36136	0.002554	497.437	497.02	495.353	493.688	492.474	491.822
1.46608	0.002464	511.511	511.297	509.986	509.196	508.804	508.59
1.46608	0.0024715	494.65	494.433	493.156	492.361	491.968	491.753
1.46608	0.002479	480.782	480.563	479.319	478.522	478.012	477.608
1.46608	0.0024865	469.907	469.688	468.477	467.198	466.448	466.043
1.46608	0.002494	462.025	461.329	460.15	458.624	457.873	457.467
1.46608	0.0025015	456.52	455.698	454.561	453.035	452.284	451.879
1.46608	0.002509	453.869	453.049	451.954	450.43	449.679	449.274
1.46608	0.0025165	454.196	453.378	452.326	450.804	450.055	449.651
1.46608	0.002524	457.495	456.681	455.673	454.155	453.408	453.005
1.46608	0.0025315	463.762	462.954	461.989	460.477	459.733	459.331
1.46608	0.002539	472.992	472.19	471.241	469.765	469.024	468.403
1.46608	0.0025465	485.178	484.384	483.323	481.54	480.347	479.707
1.46608	0.002554	499.654	499.268	497.51	495.781	494.595	493.958
1.5708	0.002464	515.513	515.329	514.036	513.29	512.92	512.718
1.5708	0.0024715	498.086	497.897	496.636	495.883	495.509	495.306
1.5708	0.002479	483.652	483.459	482.23	481.471	481.094	480.724
1.5708	0.0024865	472.213	472.017	470.818	469.7	468.973	468.581
1.5708	0.002494	463.766	463.176	462.032	460.55	459.82	459.426
1.5708	0.0025015	457.764	456.979	455.873	454.386	453.654	453.259
1.5708	0.002509	454.552	453.765	452.695	451.205	450.472	450.076
1.5708	0.0025165	454.317	453.529	452.497	451.006	450.272	449.876
1.5708	0.002524	457.056	456.268	455.274	453.783	453.049	452.653
1.5708	0.0025315	462.764	461.977	461.022	459.532	458.799	458.403
1.5708	0.002539	471.436	470.651	469.722	468.248	467.516	467.039
1.5708	0.0025465	483.064	482.284	481.36	479.585	478.401	477.765
1.5708	0.002554	497.135	496.756	494.987	493.253	492.073	491.439
1.67552	0.002464	514.536	514.362	513.179	512.45	512.089	511.891
1.67552	0.0024715	496.551	496.371	495.217	494.478	494.111	493.912
1.67552	0.002479	481.56	481.374	480.249	479.501	479.13	478.928
1.67552	0.0024865	469.563	469.372	468.275	467.424	466.703	466.313
1.67552	0.002494	460.559	460.223	459.181	457.706	456.98	456.588
1.67552	0.0025015	454.25	453.468	452.458	450.974	450.244	449.85
1.67552	0.002509	450.484	449.696	448.718	447.227	446.493	446.097
1.67552	0.0025165	449.697	448.903	447.957	446.461	445.724	445.327
1.67552	0.002524	451.883	451.086	450.142	448.672	447.934	447.535
1.67552	0.0025315	457.04	456.24	455.293	453.857	453.117	452.717
1.67552	0.002539	465.161	464.36	463.411	462.009	461.268	460.868
1.67552	0.0025465	476.24	475.439	474.49	473.044	471.847	471.204
1.67552	0.002554	489.921	489.471	487.827	486.147	484.951	484.309
1.78024	0.002464	508.681	508.501	507.517	506.779	506.413	506.214
1.78024	0.0024715	490.154	489.967	489.009	488.258	487.885	487.682
1.78024	0.002479	474.623	474.427	473.495	472.732	472.353	472.147
1.78024	0.0024865	462.085	461.882	460.975	460.201	459.758	459.362
1.78024	0.002494	452.541	452.332	451.45	450.221	449.481	449.081
1.78024	0.0025015	445.99	445.304	444.341	442.938	442.191	441.788
1.78024	0.002509	441.815	440.99	440.015	438.639	437.887	437.481
1.78024	0.0025165	440.491	439.657	438.67	437.323	436.566	436.157
1.78024	0.002524	442.142	441.3	440.304	438.984	438.223	437.813
1.78024	0.0025315	446.764	445.915	444.911	443.62	442.855	442.443
1.78024	0.002539	454.311	453.496	452.486	451.224	450.457	450.043
1.78024	0.0025465	464.816	464.039	463.023	461.791	460.862	460.2
1.78024	0.002554	478.208	477.535	476.219	474.649	473.415	472.752
1.88496	0.002464	498.208	498.006	497.302	496.529	496.146	495.937
1.88496	0.0024715	479.166	478.953	478.271	477.482	477.091	476.878
1.88496	0.002479	463.118	462.894	462.235	461.43	461.031	460.814
1.88496	0.0024865	450.065	449.832	449.194	448.374	447.968	447.748
1.88496	0.002494	440.006	439.764	439.147	438.314	437.594	437.177
1.88496	0.0025015	432.94	432.689	431.73	430.555	429.774	429.352
1.88496	0.002509	428.571	427.943	426.882	425.728	424.94	424.514
1.88496	0.0025165	426.675	426.094	425.015	423.884	423.089	422.66
1.88496	0.002524	427.758	427.221	426.128	425.019	424.218	423.785
1.88496	0.0025315	431.816	431.321	430.214	429.129	428.322	427.887
1.88496	0.002539	438.843	438.388	437.27	436.209	435.397	434.959
1.88496	0.0025465	448.834	448.417	447.289	446.252	445.436	444.996
1.88496	0.002554	461.781	461.401	460.265	459.076	457.781	457.086
1.98968	0.002464	483.521	483.275	482.921	482.085	481.671	481.446
1.98968	0.0024715	463.994	463.735	463.399	462.543	462.119	461.888
1.98968	0.002479	447.463	447.19	446.864	445.996	445.562	445.327
1.98968	0.0024865	433.927	433.641	433.299	432.445	432.002	431.762
1.98968	0.002494	423.385	423.086	422.73	421.889	421.438	421.194
1.98968	0.0025015	415.837	415.525	415.126	414.229	413.395	412.946
1.98968	0.002509	411.143	410.956	409.785	408.905	408.061	407.606
1.98968	0.0025165	408.761	408.645	407.428	406.563	405.71	405.25
1.98968	0.002524	409.359	409.25	408.049	407.202	406.34	405.876
1.98968	0.0025315	412.932	412.818	411.646	410.815	409.946	409.478
1.98968	0.002539	419.476	419.357	418.212	417.4	416.524	416.052
1.98968	0.0025465	428.984	428.861	427.743	426.949	426.067	425.591
1.98968	0.002554	441.45	441.323	440.232	439.457	438.485	437.745
2.0944	0.002464	465.14	464.827	464.454	463.947	463.487	463.237
2.0944	0.0024715	445.169	444.837	444.443	443.944	443.473	443.217
2.0944	0.002479	428.193	427.843	427.427	426.938	426.455	426.193
2.0944	0.0024865	414.212	413.845	413.409	412.928	412.434	412.167
2.0944	0.002494	403.226	402.842	402.386	401.913	401.409	401.136
2.0944	0.0025015	395.233	394.833	394.358	393.893	393.379	393.075
2.0944	0.002509	390.231	389.816	389.254	388.544	387.764	387.269
2.0944	0.0025165	387.412	387.253	386.441	385.716	384.949	384.448
2.0944	0.002524	387.563	387.396	386.608	385.869	385.115	384.609
2.0944	0.0025315	390.69	390.515	389.75	388.998	388.259	387.747
2.0944	0.002539	396.788	396.605	395.863	395.099	394.374	393.857
2.0944	0.0025465	405.851	405.661	404.942	404.167	403.456	402.935
2.0944	0.002554	417.873	417.677	416.98	416.194	415.499	414.973
2.19911	0.002464	443.19	443.147	442.78	442.525	442.177	441.895
2.19911	0.0024715	423.31	422.874	422.356	422.087	421.742	421.452
2.19911	0.002479	405.858	405.473	404.928	404.645	404.304	404.006
2.19911	0.0024865	391.396	391.069	390.497	390.201	389.862	389.558
2.19911	0.002494	379.932	379.659	379.062	378.752	378.416	378.106
2.19911	0.0025015	371.465	371.244	370.622	370.299	369.966	369.649
2.19911	0.002509	365.994	365.822	365.175	364.84	364.51	364.096
2.19911	0.0025165	363.272	363.029	362.669	361.815	361.392	360.849
2.19911	0.002524	363.019	362.764	362.422	361.549	361.118	360.585
2.19911	0.0025315	365.742	365.475	365.151	364.262	363.822	363.299
2.19911	0.002539	371.437	371.159	370.827	369.947	369.499	368.986
2.19911	0.0025465	380.098	379.809	379.465	378.599	378.144	377.641
2.19911	0.002554	391.718	391.419	391.063	390.212	389.75	389.258
2.30383	0.002464	418.293	418.199	418.087	418.027	417.996	417.878
2.30383	0.0024715	398.062	397.956	397.829	397.475	397.297	397.2
2.30383	0.002479	380.358	380.348	380.036	379.662	379.476	379.373
2.30383	0.0024865	365.538	365.525	365.237	364.846	364.651	364.544
2.30383	0.002494	353.716	353.699	353.435	353.027	352.824	352.712
2.30383	0.0025015	344.892	344.87	344.628	344.204	343.992	343.876
2.30383	0.002509	339.063	339.037	338.814	338.374	338.155	338.035
2.30383	0.0025165	336.227	336.195	335.992	335.536	335.256	334.984
2.30383	0.002524	336.38	336.047	335.594	335.12	334.606	334.328
2.30383	0.0025315	338.795	338.397	337.924	337.459	336.935	336.651
2.30383	0.002539	344.133	343.719	343.228	342.771	342.237	341.949
2.30383	0.0025465	352.437	352.009	351.499	351.051	350.508	350.215
2.30383	0.002554	363.702	363.259	362.733	362.293	361.742	361.444
2.40855	0.002464	391.647	391.468	391.256	391.145	391.088	391.055
2.40855	0.0024715	371.113	370.917	370.682	370.56	370.497	370.462
2.40855	0.002479	353.181	353.135	353.079	352.955	352.709	352.575
2.40855	0.0024865	338.054	337.999	337.933	337.815	337.559	337.419
2.40855	0.002494	325.925	325.862	325.785	325.672	325.405	325.26
2.40855	0.0025015	316.794	316.721	316.634	316.525	316.248	316.097
2.40855	0.002509	310.658	310.576	310.477	310.372	310.085	309.929
2.40855	0.0025165	307.515	307.423	307.313	307.211	306.915	306.754
2.40855	0.002524	307.361	307.26	307.138	306.965	306.652	306.32
2.40855	0.0025315	310.085	309.999	309.315	308.962	308.652	308.313
2.40855	0.002539	315.045	315.008	314.299	313.933	313.626	313.281
2.40855	0.0025465	322.976	322.968	322.252	321.874	321.569	321.218
2.40855	0.002554	333.87	333.86	333.167	332.777	332.476	332.119
2.51327	0.002464	363.1	363.084	363.065	363.054	363.035	362.982
2.51327	0.0024715	342.229	342.218	342.205	342.197	342.172	342.115
2.51327	0.002479	324.363	324.356	324.347	324.342	324.31	324.249
2.51327	0.0024865	309.502	309.498	309.384	309.3	309.256	309.231
2.51327	0.002494	297.296	297.146	296.968	296.874	296.826	296.799
2.51327	0.0025015	287.91	287.745	287.548	287.445	287.393	287.363
2.51327	0.002509	281.519	281.338	281.124	281.011	280.954	280.922
2.51327	0.0025165	278.12	277.925	277.692	277.57	277.508	277.473
2.51327	0.002524	277.711	277.5	277.249	277.118	277.052	277.015
2.51327	0.0025315	280.185	280.061	279.792	279.539	279.293	279.159
2.51327	0.002539	284.886	284.84	284.746	284.235	283.982	283.843
2.51327	0.0025465	292.557	292.505	292.428	291.901	291.64	291.497
2.51327	0.002554	303.193	303.134	303.064	302.531	302.262	302.116
2.61799	0.002464	333.989	333.988	333.987	333.985	333.983	333.98
2.61799	0.0024715	312.918	312.916	312.913	312.911	312.908	312.905
2.61799	0.002479	294.853	294.848	294.842	294.838	294.835	294.832
2.61799	0.0024865	279.792	279.784	279.774	279.768	279.764	279.76
2.61799	0.002494	267.737	267.724	267.709	267.701	267.646	267.597
2.61799	0.0025015	258.445	258.426	258.274	258.084	257.989	257.936
2.61799	0.002509	251.77	251.756	251.632	251.429	251.327	251.27
2.61799	0.0025165	248.092	248.081	247.983	247.766	247.657	247.597
2.61799	0.002524	247.406	247.399	247.323	247.093	246.978	246.914
2.61799	0.0025315	249.708	249.704	249.648	249.406	249.284	249.217
2.61799	0.002539	254.866	254.732	254.572	254.489	254.202	254.016
2.61799	0.0025465	262.33	262.185	262.011	261.921	261.634	261.442
2.61799	0.002554	272.758	272.601	272.415	272.317	272.03	271.833
2.72271	0.002464	305.2	305.169	305.133	305.113	305.102	305.094
2.72271	0.0024715	283.984	283.944	283.897	283.871	283.857	283.849
2.72271	0.002479	265.772	265.723	265.663	265.631	265.614	265.604
2.72271	0.0024865	250.565	250.504	250.432	250.394	250.374	250.361
2.72271	0.002494	238.361	238.29	238.204	238.159	238.135	238.121
2.72271	0.0025015	228.847	228.846	228.845	228.843	228.842	228.839
2.72271	0.002509	222.02	222.019	222.016	222.014	222.012	222.009
2.72271	0.0025165	218.19	218.186	218.181	218.178	218.175	218.173
2.72271	0.002524	217.352	217.345	217.337	217.332	217.329	217.326
2.72271	0.0025315	219.501	219.492	219.48	219.473	219.469	219.465
2.72271	0.002539	224.634	224.621	224.605	224.596	224.591	224.585
2.72271	0.0025465	232.745	232.647	232.296	232.113	232.022	231.971
2.72271	0.002554	243.197	242.902	242.531	242.338	242.241	242.188
2.82743	0.002464	276.441	276.433	276.424	276.405	276.22	276.119
2.82743	0.0024715	255.42	255.366	255.244	255.178	255.145	255.126
2.82743	0.002479	237.075	236.987	236.882	236.826	236.797	236.781
2.82743	0.0024865	221.688	221.614	221.525	221.477	221.453	221.438
2.82743	0.002494	209.308	209.246	209.171	209.131	209.11	209.098
2.82743	0.0025015	199.935	199.883	199.82	199.787	199.769	199.759
2.82743	0.002509	193.462	193.419	193.368	193.34	193.326	193.317
2.82743	0.0025165	189.531	189.48	189.418	189.385	189.368	189.357
2.82743	0.002524	188.592	188.531	188.458	188.42	188.4	188.388
2.82743	0.0025315	190.641	190.57	190.486	190.442	190.419	190.405
2.82743	0.002539	195.672	195.592	195.496	195.445	195.42	195.404
2.82743	0.0025465	203.68	203.59	203.482	203.426	203.387	203.302
2.82743	0.002554	213.87	213.869	213.868	213.644	213.482	213.393
2.93215	0.002464	248.942	248.934	248.542	248.324	248.214	248.153
2.93215	0.0024715	227.773	227.751	227.463	227.264	227.163	227.107
2.93215	0.002479	209.335	209.32	209.301	209.208	209.116	209.065
2.93215	0.0024865	193.905	193.895	193.882	193.875	193.871	193.868
2.93215	0.002494	181.48	181.474	181.467	181.462	181.459	181.457
2.93215	0.0025015	172.061	172.058	172.054	172.051	172.049	172.047
2.93215	0.002509	165.645	165.644	165.642	165.641	165.639	165.637
2.93215	0.0025165	162.23	162.23	162.219	162.162	162.116	162.088
2.93215	0.002524	161.351	161.273	161.179	161.13	161.076	161.045
2.93215	0.0025315	163.277	163.209	163.127	163.083	163.022	162.989
2.93215	0.002539	168.189	168.13	168.059	168.016	167.951	167.914
2.93215	0.0025465	176.08	176.029	175.968	175.926	175.856	175.817
2.93215	0.002554	186.492	186.454	186.409	186.385	186.373	186.324
3.03687	0.002464	222.494	222.326	222.125	222.019	221.922	221.712
3.03687	0.0024715	201.36	201.213	201.036	200.943	200.879	200.679
3.03687	0.002479	183.237	183.108	182.953	182.872	182.83	182.65
3.03687	0.0024865	168.124	168.012	167.878	167.807	167.77	167.627
3.03687	0.002494	155.718	155.707	155.694	155.545	155.434	155.373
3.03687	0.0025015	146.302	146.286	146.268	146.125	146.022	145.966
3.03687	0.002509	139.888	139.867	139.841	139.706	139.611	139.559
3.03687	0.0025165	136.423	136.408	136.389	136.286	136.198	136.149
3.03687	0.002524	135.357	135.346	135.333	135.326	135.322	135.319
3.03687	0.0025315	137.281	137.274	137.265	137.26	137.257	137.255
3.03687	0.002539	142.19	142.186	142.18	142.177	142.174	142.172
3.03687	0.0025465	150.078	150.076	150.072	150.07	150.069	150.067
3.03687	0.002554	160.939	160.938	160.936	160.935	160.934	160.932
3.14159	0.002464	197.948	197.896	197.833	197.566	197.3	197.155
3.14159	0.0024715	176.872	176.831	176.782	176.537	176.287	176.15
3.14159	0.002479	158.805	158.773	158.735	158.514	158.278	158.148
3.14159	0.0024865	143.747	143.723	143.695	143.498	143.274	143.152
3.14159	0.002494	131.699	131.682	131.568	131.462	131.276	131.16
3.14159	0.0025015	122.496	122.346	122.166	122.071	122.023	121.997
3.14159	0.002509	116.06	115.927	115.766	115.682	115.639	115.615
3.14159	0.0025165	112.627	112.508	112.365	112.29	112.252	112.23
3.14159	0.002524	111.888	111.882	111.875	111.87	111.86	111.841
3.14159	0.0025315	113.857	113.848	113.837	113.831	113.827	113.825
3.14159	0.002539	118.811	118.798	118.782	118.773	118.768	118.765
3.14159	0.0025465	126.742	126.725	126.704	126.693	126.686	126.683
3.14159	0.002554	137.646	137.623	137.597	137.583	137.575	137.57
