#x	y	stats	nuenorm1_corr	nuenorm2_corr	nuenorm3_corr	nuenorm4_corr	nuenorm5_corr
0.426	-3.14159	516.163	508.098	497.894	488.773	481.276	475.372
0.426	-3.03687	487.952	480.915	471.335	462.299	454.598	448.657
0.426	-2.93215	463.413	457.323	448.321	439.069	431.485	425.513
0.426	-2.82743	442.544	437.313	428.596	419.32	411.647	405.646
0.426	-2.72271	425.23	420.695	411.827	402.914	395.189	389.289
0.426	-2.61799	411.019	407.168	398.288	389.448	381.995	376.215
0.426	-2.51327	399.842	396.127	387.694	378.955	371.769	366.123
0.426	-2.40855	391.356	387.64	379.707	371.086	364.159	358.563
0.426	-2.30383	385.18	381.451	373.735	365.461	358.658	353.204
0.426	-2.19911	380.916	377.166	369.589	361.682	354.991	349.704
0.426	-2.0944	377.936	374.396	366.945	359.356	352.787	347.655
0.426	-1.98968	376.004	372.774	365.435	358.114	351.667	346.674
0.426	-1.88496	374.968	371.973	364.719	357.504	351.088	346.148
0.426	-1.78024	374.23	371.36	364.128	357.055	350.782	345.943
0.426	-1.67552	373.782	370.951	363.865	356.906	350.732	345.97
0.426	-1.5708	373.628	370.831	363.82	356.941	350.825	346.11
0.426	-1.46608	373.743	370.974	363.966	357.136	351.034	346.339
0.426	-1.36136	374.193	371.388	364.37	357.515	351.426	346.724
0.426	-1.25664	375.134	372.173	365.186	358.233	352.16	347.424
0.426	-1.15192	376.643	373.496	366.468	359.363	353.24	348.432
0.426	-1.0472	378.922	375.484	368.474	361.177	355.062	350.184
0.426	-0.942478	382.312	378.82	371.816	364.279	358.155	353.209
0.426	-0.837758	387.312	383.908	376.851	369.073	362.797	357.822
0.426	-0.733038	394.492	391.169	383.762	375.986	369.539	364.489
0.426	-0.628319	404.274	401.023	393.2	385.439	378.806	373.683
0.426	-0.523599	417.053	413.372	405.552	397.775	390.996	385.81
0.426	-0.418879	433.173	428.831	421.158	413.043	406.46	401.222
0.426	-0.314159	452.903	447.807	439.977	431.805	425.155	419.974
0.426	-0.20944	476.414	470.472	462.183	454.237	447.458	442.299
0.426	-0.10472	503.726	496.887	488.083	480.047	473.506	468.395
0.426	1.11022e-16	534.777	526.983	517.287	509.289	502.82	497.841
0.426	0.10472	569.424	560.547	549.49	541.936	535.455	530.616
0.426	0.20944	607.294	597.219	584.722	576.994	570.927	566.241
0.426	0.314159	647.819	636.485	622.485	614.583	608.592	604.133
0.426	0.418879	690.24	677.681	662.141	653.56	647.98	643.682
0.426	0.523599	733.796	720.005	702.913	693.448	688.028	684.02
0.426	0.628319	777.545	762.538	743.909	733.566	728.165	724.291
0.426	0.733038	820.452	804.267	784.146	772.948	767.088	763.532
0.426	0.837758	861.422	844.122	822.584	810.571	804.274	800.76
0.426	0.942478	899.345	881.015	858.167	845.397	838.694	834.949
0.426	1.0472	933.143	913.889	889.866	876.416	869.347	865.393
0.426	1.15192	961.813	941.68	916.535	902.434	895.013	890.86
0.426	1.25664	983.925	963.162	937.212	922.643	914.969	910.672
0.426	1.36136	999.326	978.096	951.548	936.631	928.768	924.364
0.426	1.46608	1007.54	986.013	959.089	943.953	935.972	931.5
0.426	1.5708	1008.32	986.679	959.61	944.389	936.362	931.864
0.426	1.67552	1001.66	980.099	953.119	937.95	929.951	925.469
0.426	1.78024	987.268	965.98	939.359	924.4	916.515	912.097
0.426	1.88496	966.198	945.356	919.306	904.678	896.973	892.658
0.426	1.98968	939.134	918.902	893.631	879.457	871.997	867.821
0.426	2.0944	906.919	887.447	863.146	849.535	842.379	838.376
0.426	2.19911	870.515	851.936	828.772	815.82	809.019	805.218
0.426	2.30383	830.955	813.382	791.498	779.285	772.881	768.822
0.426	2.40855	789.184	772.819	752.333	740.922	734.925	730.531
0.426	2.51327	746.252	731.058	712.191	701.705	695.51	690.881
0.426	2.61799	703.317	689.335	672.001	662.398	656.13	651.234
0.426	2.72271	661.284	648.532	632.75	623.776	617.007	611.938
0.426	2.82743	620.951	609.425	595.186	586.403	579.56	574.258
0.426	2.93215	582.987	572.663	559.932	551.299	543.956	538.452
0.426	3.03687	547.926	538.762	527.48	518.429	511.128	505.493
0.426	3.14159	516.163	508.098	497.894	488.773	481.276	475.372
0.4345	-3.14159	387.936	382.108	374.765	367.896	362.375	358.048
0.4345	-3.03687	360.681	355.724	348.813	342.177	336.479	332.115
0.4345	-2.93215	336.989	332.824	326.302	319.529	313.832	309.444
0.4345	-2.82743	316.857	313.4	307.138	300.243	294.68	290.298
0.4345	-2.72271	300.173	297.337	290.877	284.315	278.895	274.549
0.4345	-2.61799	286.73	284.141	277.785	271.537	266.001	261.762
0.4345	-2.51327	276.247	273.538	267.585	261.383	256.03	251.894
0.4345	-2.40855	268.387	265.55	259.943	253.78	248.637	244.616
0.4345	-2.30383	262.572	259.806	254.431	248.387	243.41	239.418
0.4345	-2.19911	258.304	255.882	250.381	244.537	239.694	235.827
0.4345	-2.0944	255.196	253.085	247.613	242.037	237.371	233.624
0.4345	-1.98968	253.245	251.252	245.938	240.588	236.077	232.441
0.4345	-1.88496	252.125	250.128	245.038	239.873	235.492	231.953
0.4345	-1.78024	251.569	249.574	244.651	239.627	235.352	231.893
0.4345	-1.67552	251.38	249.396	244.587	239.661	235.462	232.065
0.4345	-1.5708	251.444	249.481	244.732	239.862	235.709	232.354
0.4345	-1.46608	251.594	249.614	244.841	239.947	235.773	232.398
0.4345	-1.36136	251.707	249.774	244.966	240.05	235.872	232.503
0.4345	-1.25664	252.265	250.388	245.494	240.514	236.303	232.923
0.4345	-1.15192	253.504	251.692	246.657	241.571	237.301	233.894
0.4345	-1.0472	255.731	253.72	248.758	243.524	239.173	235.725
0.4345	-0.942478	259.31	257.014	252.152	246.732	242.278	238.78
0.4345	-0.837758	264.641	261.989	257.056	251.588	247.015	243.463
0.4345	-0.733038	271.52	268.976	263.846	258.419	253.725	250.121
0.4345	-0.628319	280.578	278.234	272.847	267.427	262.688	259.042
0.4345	-0.523599	292.559	290.41	284.713	279.083	274.388	270.634
0.4345	-0.418879	307.804	305.188	299.776	293.913	289.137	285.395
0.4345	-0.314159	326.579	323.374	317.941	312.18	307.328	303.62
0.4345	-0.20944	349.059	345.177	339.489	333.874	329.137	325.412
0.4345	-0.10472	375.304	370.66	364.665	358.892	354.205	350.558
0.4345	1.11022e-16	405.246	399.757	393.048	387.466	382.805	379.303
0.4345	0.10472	438.673	432.267	424.42	419.033	414.596	411.12
0.4345	0.20944	475.227	467.838	458.771	453.33	449.016	445.774
0.4345	0.314159	514.395	505.974	495.62	489.962	485.865	482.665
0.4345	0.418879	555.518	546.029	534.342	527.937	524.048	521.153
0.4345	0.523599	597.798	587.225	574.182	567.014	563.298	560.435
0.4345	0.628319	640.32	628.669	614.271	606.337	602.217	599.7
0.4345	0.733038	682.078	669.374	653.651	644.885	640.321	637.785
0.4345	0.837758	721.88	708.062	690.934	681.449	676.504	673.753
0.4345	0.942478	758.454	743.712	725.416	715.264	709.964	707.013
0.4345	1.0472	791.023	775.451	756.105	745.351	739.729	736.596
0.4345	1.15192	818.621	802.331	782.077	770.802	764.901	761.61
0.4345	1.25664	840.405	823.529	802.532	790.829	784.699	781.278
0.4345	1.36136	855.702	838.386	816.828	804.802	798.499	794.98
0.4345	1.46608	863.642	846.016	824.065	811.813	805.389	801.8
0.4345	1.5708	864.187	846.458	824.377	812.049	805.584	801.972
0.4345	1.67552	857.536	839.871	817.869	805.588	799.147	795.55
0.4345	1.78024	843.93	826.492	804.78	792.665	786.314	782.768
0.4345	1.88496	823.831	806.78	785.558	773.727	767.528	764.068
0.4345	1.98968	797.691	781.236	760.771	749.375	743.408	740.067
0.4345	2.0944	766.289	750.52	730.925	720.028	714.33	711.154
0.4345	2.19911	730.844	715.878	697.301	686.988	681.602	678.602
0.4345	2.30383	692.361	678.298	660.862	651.201	646.163	643.359
0.4345	2.40855	651.873	638.791	622.592	613.636	608.973	605.984
0.4345	2.51327	610.396	598.351	583.457	575.243	570.885	567.61
0.4345	2.61799	568.895	557.921	544.373	536.919	532.33	528.863
0.4345	2.72271	528.254	518.362	506.171	499.483	494.611	490.894
0.4345	2.82743	489.249	480.432	469.584	463.085	457.971	454.081
0.4345	2.93215	452.537	444.765	435.222	428.816	423.593	419.471
0.4345	3.03687	418.637	411.867	403.569	396.954	391.426	387.228
0.4345	3.14159	387.936	382.108	374.765	367.896	362.375	358.048
0.443	-3.14159	291.28	287.4	282.487	277.627	273.678	270.662
0.443	-3.03687	265.066	261.892	257.212	252.473	248.496	245.355
0.443	-2.93215	242.348	239.801	235.313	230.67	226.595	223.478
0.443	-2.82743	223.116	221.117	216.731	211.833	207.784	204.602
0.443	-2.72271	207.258	205.548	200.961	196.171	192.154	188.978
0.443	-2.61799	194.525	192.493	188.074	183.508	179.598	176.452
0.443	-2.51327	184.448	182.163	177.994	173.636	169.79	166.743
0.443	-2.40855	176.243	174.359	170.395	166.045	162.332	159.502
0.443	-2.30383	170.255	168.719	164.851	160.564	157.017	154.288
0.443	-2.19911	166.118	164.778	160.901	156.853	153.463	150.838
0.443	-2.0944	163.449	162.015	158.378	154.537	151.292	148.767
0.443	-1.98968	161.887	160.372	156.928	153.264	150.146	147.716
0.443	-1.88496	161.112	159.532	156.24	152.721	149.712	147.365
0.443	-1.78024	160.761	159.084	155.845	152.376	149.395	147.059
0.443	-1.67552	160.378	158.683	155.532	152.149	149.239	146.964
0.443	-1.5708	160.199	158.513	155.416	152.087	149.225	146.993
0.443	-1.46608	160.2	158.551	155.476	152.169	149.33	147.124
0.443	-1.36136	160.444	158.861	155.775	152.457	149.619	147.422
0.443	-1.25664	161.082	159.591	156.46	153.1	150.241	148.037
0.443	-1.15192	162.344	160.969	157.759	154.325	151.423	149.176
0.443	-1.0472	164.201	162.917	159.583	156.037	153.062	150.791
0.443	-0.942478	167.258	166.122	162.645	158.974	155.93	153.568
0.443	-0.837758	172.008	170.622	167.222	163.543	160.419	157.897
0.443	-0.733038	178.866	177.165	173.689	170.016	166.806	164.225
0.443	-0.628319	188.096	186.153	182.565	178.784	175.531	172.956
0.443	-0.523599	199.578	197.963	194.221	190.315	187.023	184.469
0.443	-0.418879	214.209	212.837	208.979	204.933	201.608	199.094
0.443	-0.314159	232.253	230.444	226.739	222.872	219.515	216.824
0.443	-0.20944	253.881	251.554	247.783	243.873	240.567	237.995
0.443	-0.10472	279.154	276.229	272.346	268.385	265.145	262.721
0.443	1.11022e-16	308.008	304.405	300.02	296.284	293.078	290.557
0.443	0.10472	340.24	335.885	330.575	326.902	323.86	321.577
0.443	0.20944	375.502	370.329	364.011	360.395	357.533	355.226
0.443	0.314159	413.296	407.253	399.857	395.843	393.087	391.047
0.443	0.418879	452.984	446.03	437.504	432.864	430.37	428.368
0.443	0.523599	493.79	485.904	476.217	470.931	468.205	466.466
0.443	0.628319	534.828	526.004	515.149	509.21	506.141	504.444
0.443	0.733038	575.12	565.376	553.37	546.784	543.376	541.488
0.443	0.837758	613.635	603.007	589.894	582.685	578.949	576.876
0.443	0.942478	649.326	637.873	623.723	615.929	611.883	609.636
0.443	1.0472	681.176	668.975	653.885	645.559	641.23	638.809
0.443	1.15192	707.971	695.055	679.064	670.226	665.626	663.068
0.443	1.25664	728.871	715.432	698.782	689.568	684.768	682.098
0.443	1.36136	743.484	729.65	712.503	703.006	698.055	695.3
0.443	1.46608	751.356	737.267	719.797	710.116	705.067	702.257
0.443	1.5708	752.252	738.053	720.446	710.686	705.595	702.761
0.443	1.67552	745.959	731.812	714.269	704.547	699.476	696.653
0.443	1.78024	732.567	718.624	701.339	691.764	686.771	683.992
0.443	1.88496	712.894	699.296	682.448	673.121	668.261	665.557
0.443	1.98968	687.576	674.457	658.212	649.229	644.552	641.951
0.443	2.0944	657.405	644.885	629.394	620.84	616.391	613.918
0.443	2.19911	623.287	611.47	596.864	588.812	584.629	582.306
0.443	2.30383	586.195	575.168	561.555	554.065	550.179	548.023
0.443	2.40855	546.844	536.768	524.346	517.527	513.975	511.999
0.443	2.51327	506.565	497.397	486.112	479.932	476.738	474.572
0.443	2.61799	466.296	458.061	447.939	442.411	439.331	437.006
0.443	2.72271	426.897	419.597	410.641	405.762	402.418	399.875
0.443	2.82743	389.124	382.744	374.93	370.452	366.913	364.233
0.443	2.93215	353.615	348.121	341.405	336.911	333.207	330.364
0.443	3.03687	320.875	316.219	310.538	306.033	302.159	299.117
0.443	3.14159	291.28	287.4	282.487	277.627	273.678	270.662
0.4515	-3.14159	221.72	219.334	216.108	212.733	209.967	207.815
0.4515	-3.03687	196.426	194.587	191.405	188.048	185.2	183.023
0.4515	-2.93215	174.521	173.153	169.975	166.637	163.731	161.434
0.4515	-2.82743	155.994	154.851	151.625	148.213	145.401	143.162
0.4515	-2.72271	140.733	139.202	136.139	132.865	130.096	127.991
0.4515	-2.61799	128.153	126.612	123.672	120.528	117.816	115.712
0.4515	-2.51327	117.989	116.814	113.96	110.935	108.29	106.209
0.4515	-2.40855	110.365	109.485	106.685	103.768	101.197	99.1554
0.4515	-2.30383	104.916	103.908	101.353	98.5542	96.1823	94.1926
0.4515	-2.19911	101.262	100.051	97.6638	95.0364	92.7944	90.8882
0.4515	-2.0944	98.8936	97.4543	95.1227	92.5645	90.4022	88.6242
0.4515	-1.98968	96.9439	95.7071	93.4884	91.0649	89.0102	87.3363
0.4515	-1.88496	95.8011	94.7155	92.5852	90.2736	88.3126	86.7195
0.4515	-1.78024	95.2061	94.2263	92.1642	89.9418	88.0583	86.5236
0.4515	-1.67552	94.9687	94.0536	92.0431	89.8873	88.0638	86.5659
0.4515	-1.5708	94.9773	94.0891	92.116	90.0043	88.2226	86.7401
0.4515	-1.46608	95.2055	94.3076	92.359	90.2694	88.4889	87.005
0.4515	-1.36136	95.3412	94.4082	92.4339	90.3107	88.5226	87.0144
0.4515	-1.25664	95.8155	94.8013	92.8301	90.6927	88.8992	87.3453
0.4515	-1.15192	96.9526	95.8146	93.8305	91.658	89.844	88.2224
0.4515	-1.0472	99.0456	97.7403	95.7236	93.4957	91.5895	89.9366
0.4515	-0.942478	101.993	100.923	98.8505	96.5471	94.482	92.8307
0.4515	-0.837758	106.554	105.744	103.54	101.072	98.9288	97.2833
0.4515	-0.733038	113.132	112.377	109.964	107.473	105.321	103.69
0.4515	-0.628319	121.997	121.014	118.626	116.105	113.949	112.341
0.4515	-0.523599	133.502	132.195	129.819	127.264	125.116	123.437
0.4515	-0.418879	147.656	146.459	144.062	141.463	139.314	137.458
0.4515	-0.314159	164.785	164.013	161.42	158.771	156.491	154.757
0.4515	-0.20944	185.425	184.304	181.842	179.256	177.081	175.497
0.4515	-0.10472	209.639	208.092	205.722	203.194	201.142	199.374
0.4515	1.11022e-16	237.369	235.32	232.837	230.311	228.177	226.609
0.4515	0.10472	268.424	265.797	262.609	260.258	258.344	256.847
0.4515	0.20944	302.467	299.196	295.217	293.035	291.082	289.642
0.4515	0.314159	339.02	335.046	330.203	327.595	325.902	324.645
0.4515	0.418879	377.463	372.739	366.974	363.859	362.265	361.033
0.4515	0.523599	417.045	411.541	404.812	401.166	399.297	398.267
0.4515	0.628319	456.906	450.607	442.893	438.704	436.521	435.315
0.4515	0.733038	496.015	488.841	480.041	475.248	472.781	471.418
0.4515	0.837758	533.141	525.205	515.456	510.135	507.391	505.874
0.4515	0.942478	567.525	558.873	548.231	542.41	539.404	537.741
0.4515	1.0472	598.183	588.879	577.422	571.145	567.899	566.101
0.4515	1.15192	624.203	614.328	602.158	595.48	592.023	590.107
0.4515	1.25664	644.789	634.441	621.679	614.669	611.035	609.021
0.4515	1.36136	659.207	648.468	635.216	627.928	624.149	622.052
0.4515	1.46608	666.617	655.652	642.118	634.67	630.807	628.663
0.4515	1.5708	667.272	656.212	642.556	635.04	631.141	628.976
0.4515	1.67552	661.173	650.148	636.535	629.045	625.158	623.001
0.4515	1.78024	648.54	637.68	624.275	616.902	613.077	610.955
0.4515	1.88496	629.803	619.233	606.194	599.026	595.311	593.25
0.4515	1.98968	605.134	595.025	582.562	575.72	572.176	570.211
0.4515	2.0944	575.734	566.15	554.344	547.872	544.523	542.667
0.4515	2.19911	542.527	533.558	522.521	516.48	513.358	511.629
0.4515	2.30383	506.462	498.18	488.002	482.441	479.571	477.983
0.4515	2.40855	468.512	460.972	451.718	446.673	444.073	442.637
0.4515	2.51327	429.638	422.876	414.588	410.079	407.761	406.481
0.4515	2.61799	390.756	384.786	377.48	373.517	371.482	369.803
0.4515	2.72271	352.701	347.521	341.191	337.767	335.502	333.893
0.4515	2.82743	316.213	311.8	306.418	303.433	300.953	298.996
0.4515	2.93215	281.912	278.229	273.746	270.641	268.071	266.193
0.4515	3.03687	250.293	247.29	243.641	240.42	237.655	235.519
0.4515	3.14159	221.72	219.334	216.108	212.733	209.967	207.815
0.46	-3.14159	174.234	173.024	171.007	168.846	167.047	165.482
0.46	-3.03687	149.943	149.112	146.943	144.696	142.818	141.405
0.46	-2.93215	128.972	128.231	126.09	123.758	121.768	120.295
0.46	-2.82743	111.31	110.033	108.038	105.85	103.944	102.356
0.46	-2.72271	95.9732	95.0239	93.0129	90.8659	89.0733	87.5651
0.46	-2.61799	83.6618	83.0104	80.951	78.841	77.0573	75.6986
0.46	-2.51327	74.1497	73.5095	71.5305	69.362	67.5086	66.1407
0.46	-2.40855	66.8365	65.8167	64.1304	62.1325	60.3162	58.9685
0.46	-2.30383	61.2248	60.2259	58.6199	56.8411	55.1458	53.8328
0.46	-2.19911	57.1452	56.3709	54.82	53.1549	51.6385	50.3701
0.46	-2.0944	54.4904	53.8886	52.3738	50.8086	49.4393	48.2211
0.46	-1.98968	52.9106	52.4373	50.9458	49.4666	48.215	47.0487
0.46	-1.88496	52.0952	51.7136	50.2384	48.8318	47.6704	46.5544
0.46	-1.78024	51.7879	51.4678	50.0069	48.6598	47.5629	46.4927
0.46	-1.67552	51.5897	51.3056	49.81	48.4582	47.4008	46.3189
0.46	-1.5708	51.3413	51.0744	49.6031	48.2912	47.2533	46.2081
0.46	-1.46608	51.2709	51.0009	49.5601	48.2761	47.2347	46.2183
0.46	-1.36136	51.4404	51.1469	49.743	48.4754	47.4075	46.4123
0.46	-1.25664	51.9955	51.6557	50.2937	49.0314	47.9134	46.9336
0.46	-1.15192	53.1592	52.7461	51.4285	50.1605	48.9675	47.9993
0.46	-1.0472	55.221	54.702	53.4272	52.1254	50.8463	49.8679
0.46	-0.942478	58.1251	57.4822	56.223	54.9004	53.495	52.535
0.46	-0.837758	62.6636	61.8338	60.6061	59.0865	57.6907	56.7556
0.46	-0.733038	69.0287	68.1756	66.883	65.1833	63.8164	62.8534
0.46	-0.628319	77.3363	76.8948	75.233	73.5804	72.2508	71.1639
0.46	-0.523599	88.3674	87.8649	86.2361	84.629	83.3479	82.1166
0.46	-0.418879	102.445	101.686	100.199	98.6349	97.1569	96.0186
0.46	-0.314159	119.727	118.736	117.362	115.587	114.104	113.111
0.46	-0.20944	139.551	139.174	137.377	135.698	134.368	133.253
0.46	-0.10472	162.834	162.196	160.681	159.16	157.806	156.708
0.46	1.11022e-16	189.521	188.547	187.275	185.635	184.286	183.393
0.46	0.10472	219.428	218.044	216.372	214.914	213.837	212.777
0.46	0.20944	252.229	250.367	248.113	246.911	245.638	244.899
0.46	0.314159	287.461	285.06	282.147	280.59	279.673	278.819
0.46	0.418879	324.522	321.531	317.897	315.947	314.954	314.385
0.46	0.523599	362.686	359.067	354.663	352.293	351.084	350.419
0.46	0.628319	401.117	396.848	391.644	388.837	387.402	386.612
0.46	0.733038	438.895	433.971	427.958	424.708	423.043	422.125
0.46	0.837758	475.05	469.482	462.675	458.986	457.094	456.051
0.46	0.942478	508.594	502.415	494.849	490.742	488.631	487.466
0.46	1.0472	538.402	531.605	523.272	518.739	516.407	515.119
0.46	1.15192	563.397	556.111	547.17	542.299	539.79	538.404
0.46	1.25664	583.128	575.434	565.988	560.835	558.178	556.709
0.46	1.36136	596.979	588.973	579.138	573.768	570.998	569.465
0.46	1.46608	604.519	596.305	586.211	580.696	577.85	576.275
0.46	1.5708	605.517	597.206	586.991	581.409	578.527	576.933
0.46	1.67552	599.403	591.122	580.945	575.384	572.513	570.925
0.46	1.78024	586.969	578.832	568.833	563.372	560.554	558.995
0.46	1.88496	568.635	560.75	551.065	545.779	543.053	541.545
0.46	1.98968	544.994	537.462	528.216	523.175	520.577	519.141
0.46	2.0944	516.79	509.7	501.004	496.269	493.832	492.485
0.46	2.19911	484.871	478.3	470.248	465.871	463.62	462.377
0.46	2.30383	449.821	443.895	436.643	432.709	430.689	429.575
0.46	2.40855	412.964	407.664	401.186	397.679	395.882	394.891
0.46	2.51327	375.243	370.591	364.915	361.849	360.28	359.416
0.46	2.61799	337.546	333.548	328.677	326.053	324.712	323.774
0.46	2.72271	300.688	297.331	293.248	291.054	289.686	288.582
0.46	2.82743	265.386	262.642	259.31	257.524	255.812	254.638
0.46	2.93215	232.244	230.069	227.433	225.43	223.823	222.47
0.46	3.03687	201.743	200.082	198.074	195.851	193.997	192.682
0.46	3.14159	174.234	173.024	171.007	168.846	167.047	165.482
0.4685	-3.14159	144.98	144.55	143.051	141.605	140.399	139.315
0.4685	-3.03687	121.611	120.988	119.524	117.896	116.614	115.597
0.4685	-2.93215	100.955	100.116	98.8215	97.2975	95.8566	94.8949
0.4685	-2.82743	82.974	82.4352	80.9857	79.5333	78.2281	77.1278
0.4685	-2.72271	68.1515	67.8401	66.2056	64.7058	63.5238	62.4187
0.4685	-2.61799	56.2928	55.5347	54.2966	52.7501	51.5352	50.5804
0.4685	-2.51327	46.6216	45.889	44.8382	43.4148	42.1832	41.3592
0.4685	-2.40855	39.1434	38.6398	37.5536	36.3985	35.1635	34.3864
0.4685	-2.30383	33.7745	33.4427	32.3027	31.2648	30.14	29.3767
0.4685	-2.19911	30.146	29.9377	28.7327	27.7443	26.7623	26.0246
0.4685	-2.0944	27.8918	27.6641	26.4942	25.5496	24.6837	23.9794
0.4685	-1.98968	26.6576	26.1792	25.1918	24.2236	23.4422	22.7129
0.4685	-1.88496	25.7185	25.0715	24.2345	23.3057	22.5963	21.9101
0.4685	-1.78024	25.0728	24.4642	23.7319	22.8383	22.1804	21.5354
0.4685	-1.67552	24.7338	24.1788	23.5111	22.6495	22.0242	21.4165
0.4685	-1.5708	24.6425	24.1114	23.4726	22.6402	22.0297	21.4541
0.4685	-1.46608	24.774	24.2386	23.5948	22.7895	22.1764	21.6276
0.4685	-1.36136	25.1876	24.6197	23.9365	23.1567	22.5235	21.9968
0.4685	-1.25664	25.7079	25.0886	24.3433	23.5576	22.8932	22.357
0.4685	-1.15192	26.4701	26.0216	25.1638	24.4058	23.6861	23.1724
0.4685	-1.0472	28.0631	27.8574	26.8398	26.1084	25.3128	24.8233
0.4685	-0.942478	30.8498	30.7067	29.6971	28.9909	28.0966	27.6069
0.4685	-0.837758	35.2046	34.967	34.0944	33.2919	32.3939	31.836
0.4685	-0.733038	41.5181	41.144	40.4062	39.4148	38.5762	37.9348
0.4685	-0.628319	50.1771	49.6153	48.9396	47.7771	47.0106	46.2691
0.4685	-0.523599	61.3101	60.7338	59.759	58.7194	57.9533	57.1803
0.4685	-0.418879	74.7602	74.5859	73.3934	72.4816	71.5641	70.9311
0.4685	-0.314159	91.2525	90.9069	90.007	89.0672	88.1125	87.4996
0.4685	-0.20944	111.142	110.555	109.85	108.683	107.932	107.191
0.4685	-0.10472	133.916	133.59	132.506	131.599	130.791	130.186
0.4685	1.11022e-16	159.526	159.255	158.399	157.572	156.735	156.178
0.4685	0.10472	188.305	187.8	187.192	186.22	185.648	185.017
0.4685	0.20944	219.941	219.132	218.157	217.562	216.812	216.401
0.4685	0.314159	253.987	252.809	251.387	250.632	250.209	249.687
0.4685	0.418879	289.861	288.258	286.319	285.286	284.752	284.456
0.4685	0.523599	326.783	324.657	322.08	320.703	320.004	319.62
0.4685	0.628319	363.815	361.184	357.99	356.279	355.408	354.93
0.4685	0.733038	400.212	397.061	393.23	391.173	390.125	389.548
0.4685	0.837758	435.034	431.364	426.897	424.493	423.265	422.59
0.4685	0.942478	467.326	463.156	458.072	455.332	453.93	453.159
0.4685	1.0472	496.16	491.524	485.867	482.811	481.247	480.385
0.4685	1.15192	520.675	515.625	509.455	506.118	504.408	503.465
0.4685	1.25664	540.033	534.603	527.966	524.371	522.527	521.509
0.4685	1.36136	553.24	547.548	540.585	536.81	534.872	533.803
0.4685	1.46608	560.339	554.471	547.291	543.397	541.396	540.293
0.4685	1.5708	561.115	555.165	547.883	543.932	541.903	540.783
0.4685	1.67552	555.56	549.624	542.361	538.42	536.396	535.279
0.4685	1.78024	543.876	538.051	530.925	527.059	525.075	523.98
0.4685	1.88496	525.992	520.401	513.565	509.86	507.959	506.91
0.4685	1.98968	502.935	497.641	491.171	487.669	485.873	484.882
0.4685	2.0944	475.476	470.552	464.539	461.288	459.623	458.705
0.4685	2.19911	444.44	439.947	434.465	431.506	429.992	429.158
0.4685	2.30383	410.718	406.701	401.807	399.17	397.822	397.08
0.4685	2.40855	375.229	371.718	367.447	365.15	363.978	363.333
0.4685	2.51327	338.879	335.888	332.254	330.304	329.311	328.765
0.4685	2.61799	302.533	300.058	297.056	295.449	294.631	294.132
0.4685	2.72271	266.984	265.005	262.608	261.329	260.488	259.743
0.4685	2.82743	232.855	231.385	229.578	228.496	227.371	226.672
0.4685	2.93215	200.851	199.789	198.508	197.125	196.107	195.149
0.4685	3.03687	171.446	170.733	169.585	168.178	166.865	166.056
0.4685	3.14159	144.98	144.55	143.051	141.605	140.399	139.315
0.477	-3.14159	128.45	127.758	126.88	125.87	125.151	124.432
0.477	-3.03687	104.938	104.493	103.744	102.666	101.815	101.138
0.477	-2.93215	84.589	84.3568	83.301	82.4574	81.4524	80.8893
0.477	-2.82743	67.4334	66.9949	65.9507	64.9636	64.1586	63.4317
0.477	-2.72271	52.8559	52.2833	51.5943	50.4681	49.7338	48.9774
0.477	-2.61799	40.8186	40.4703	39.7589	38.792	37.9805	37.3454
0.477	-2.51327	31.4901	31.3028	30.4248	29.6905	28.8206	28.2895
0.477	-2.40855	24.5578	24.4513	23.4174	22.7679	21.9582	21.515
0.477	-2.30383	19.6743	19.1654	18.4065	17.7428	17.0658	16.6014
0.477	-2.19911	15.8273	15.3557	14.7888	14.0486	13.4701	12.9912
0.477	-2.0944	13.0911	12.7526	12.3462	11.6003	11.1104	10.6535
0.477	-1.98968	11.4021	11.159	10.8674	10.1187	9.69768	9.26903
0.477	-1.88496	10.4607	10.2831	10.0541	9.32255	8.95316	8.55582
0.477	-1.78024	10.0198	9.88456	9.64089	8.981	8.648	8.28239
0.477	-1.67552	9.8979	9.78723	9.5403	8.92528	8.61505	8.27971
0.477	-1.5708	9.98807	9.88793	9.65231	9.05745	8.75745	8.4498
0.477	-1.46608	9.87725	9.77722	9.53232	8.93769	8.6378	8.32175
0.477	-1.36136	9.92296	9.81004	9.61181	8.99255	8.68018	8.39142
0.477	-1.25664	10.3558	10.2154	10.0472	9.41072	9.07316	8.81092
0.477	-1.15192	11.3919	11.2055	10.982	10.3996	10.023	9.78862
0.477	-1.0472	13.312	13.0553	12.7472	12.227	11.7957	11.5603
0.477	-0.942478	16.4477	16.0894	15.6589	15.2084	14.7048	14.4298
0.477	-0.837758	21.1387	20.6592	20.0657	19.6919	19.0958	18.77
0.477	-0.733038	26.8919	26.8013	26.0043	25.5832	25.0119	24.6312
0.477	-0.628319	34.8684	34.7728	34.1792	33.6048	33.1424	32.6861
0.477	-0.523599	45.4891	45.2793	44.9459	44.1764	43.7876	43.294
0.477	-0.418879	59.0654	58.6838	58.2253	57.5869	57.075	56.7441
0.477	-0.314159	75.5228	75.224	74.4799	74.0618	73.4006	73.0389
0.477	-0.20944	94.6256	94.5155	93.938	93.3468	92.9071	92.4479
0.477	-0.10472	117.077	116.812	116.494	115.81	115.386	115.068
0.477	1.11022e-16	142.801	142.333	141.742	141.414	140.838	140.523
0.477	0.10472	170.478	170.407	169.948	169.444	169.189	168.809
0.477	0.20944	200.924	200.717	200.469	200.065	199.689	199.484
0.477	0.314159	233.705	233.294	232.8	232.539	232.342	232.058
0.477	0.418879	268.257	267.582	266.768	266.338	266.12	266
0.477	0.523599	303.899	302.907	301.711	301.076	300.754	300.577
0.477	0.628319	339.845	338.497	336.868	336.001	335.562	335.32
0.477	0.733038	375.23	373.499	371.405	370.288	369.721	369.409
0.477	0.837758	409.072	406.906	404.282	402.88	402.166	401.774
0.477	0.942478	440.144	437.591	434.492	432.833	431.988	431.524
0.477	1.0472	467.869	464.948	461.4	459.497	458.527	457.993
0.477	1.15192	491.413	488.161	484.207	482.083	480.999	480.402
0.477	1.25664	510.053	506.519	502.219	499.905	498.724	498.074
0.477	1.36136	523.206	519.45	514.878	512.416	511.158	510.465
0.477	1.46608	530.257	526.343	521.575	519.007	517.694	516.971
0.477	1.5708	530.821	526.841	521.991	519.377	518.041	517.305
0.477	1.67552	525.267	521.298	516.463	513.857	512.525	511.792
0.477	1.78024	513.79	509.912	505.187	502.643	501.343	500.626
0.477	1.88496	496.779	493.065	488.544	486.111	484.868	484.183
0.477	1.98968	474.788	471.308	467.073	464.796	463.633	462.993
0.477	2.0944	448.168	445.017	441.188	439.131	438.083	437.506
0.477	2.19911	418.007	415.2	411.79	409.962	409.031	408.518
0.477	2.30383	385.269	382.836	379.884	378.304	377.5	377.058
0.477	2.40855	350.846	348.803	346.328	345.006	344.334	343.965
0.477	2.51327	315.618	313.967	311.969	310.904	310.364	310.067
0.477	2.61799	280.426	279.151	277.612	276.794	276.379	276.151
0.477	2.72271	246.038	245.112	243.996	243.403	242.903	242.452
0.477	2.82743	213.135	212.515	211.769	211.088	210.441	210.087
0.477	2.93215	182.287	181.919	181.35	180.386	179.781	179.158
0.477	3.03687	153.948	153.771	152.747	152.023	151.108	150.606
0.477	3.14159	128.45	127.758	126.88	125.87	125.151	124.432
0.4855	-3.14159	119.841	119.664	119.217	118.503	118.107	117.587
0.4855	-3.03687	97.2353	97.1808	96.2735	95.7901	95.1157	94.705
0.4855	-2.93215	77.4026	76.9298	76.3613	75.7113	75.1345	74.7708
0.4855	-2.82743	60.0441	59.7861	59.4413	58.5908	58.1608	57.6097
0.4855	-2.72271	45.7679	45.6565	45.0221	44.4096	43.874	43.3958
0.4855	-2.61799	34.3871	34.2145	33.416	32.9941	32.339	31.9546
0.4855	-2.51327	25.3188	24.8636	24.3164	23.7808	23.2074	22.8941
0.4855	-2.40855	17.8707	17.5912	17.2558	16.6367	16.1839	15.8716
0.4855	-2.30383	12.4648	12.3088	12.122	11.4261	11.0708	10.7374
0.4855	-2.19911	8.74595	8.67042	8.36725	7.81532	7.53706	7.19831
0.4855	-2.0944	6.36157	6.33271	5.90875	5.47422	5.25542	4.92317
0.4855	-1.98968	4.97928	4.97271	4.43896	4.09256	3.91831	3.60088
0.4855	-1.88496	4.30382	4.21449	3.67817	3.39546	3.25336	2.95599
0.4855	-1.78024	4.09166	3.85075	3.39642	3.15714	3.03693	2.76227
0.4855	-1.67552	3.8589	3.52061	3.11438	2.90054	2.78051	2.50593
0.4855	-1.5708	3.5789	3.26144	2.8803	2.67972	2.57902	2.31969
0.4855	-1.46608	3.53289	3.21467	2.83262	2.63156	2.53062	2.29872
0.4855	-1.36136	3.71628	3.4392	3.03015	2.81482	2.70669	2.50241
0.4855	-1.25664	4.19172	4.0713	3.6068	3.36213	3.2392	3.06418
0.4855	-1.15192	5.22203	5.22163	4.76573	4.4742	4.32766	4.18568
0.4855	-1.0472	7.01813	7.01105	6.68304	6.33378	6.15808	6.04621
0.4855	-0.942478	9.61644	9.58606	9.43647	8.99729	8.77613	8.65568
0.4855	-0.837758	13.7507	13.6719	13.5777	13.1572	12.8754	12.7219
0.4855	-0.733038	19.7984	19.637	19.4434	19.1689	18.8088	18.6123
0.4855	-0.628319	28.1333	27.8451	27.4992	27.3172	26.9242	26.6734
0.4855	-0.523599	38.7884	38.6361	38.0737	37.777	37.5456	37.2276
0.4855	-0.418879	51.8025	51.7645	51.4516	51.0005	50.7731	50.5541
0.4855	-0.314159	67.911	67.7789	67.6204	67.2051	66.8768	66.6975
0.4855	-0.20944	87.2715	86.9807	86.6314	86.4475	86.0749	85.8266
0.4855	-0.10472	109.307	109.3	108.798	108.469	108.303	108.077
0.4855	1.11022e-16	134.069	133.998	133.912	133.537	133.273	133.129
0.4855	0.10472	161.852	161.645	161.396	161.265	161.085	160.874
0.4855	0.20944	191.772	191.772	191.446	191.184	191.052	190.979
0.4855	0.314159	223.317	223.278	223.231	223.201	222.981	222.861
0.4855	0.418879	256.579	256.437	256.266	256.175	256.129	256.102
0.4855	0.523599	290.899	290.595	290.23	290.036	289.938	289.883
0.4855	0.628319	325.515	325.002	324.384	324.057	323.891	323.799
0.4855	0.733038	359.591	358.832	357.918	357.433	357.187	357.051
0.4855	0.837758	392.241	391.214	389.975	389.317	388.984	388.8
0.4855	0.942478	422.568	421.265	419.691	418.853	418.428	418.194
0.4855	1.0472	449.564	447.966	446.032	445.002	444.478	444.19
0.4855	1.15192	472.173	470.327	468.092	466.899	466.293	465.959
0.4855	1.25664	490.038	487.978	485.483	484.149	483.471	483.097
0.4855	1.36136	502.598	500.368	497.665	496.219	495.484	495.079
0.4855	1.46608	509.457	507.11	504.263	502.74	501.965	501.538
0.4855	1.5708	510.406	508	505.081	503.519	502.723	502.286
0.4855	1.67552	504.964	502.569	499.664	498.109	497.318	496.882
0.4855	1.78024	493.708	491.384	488.564	487.056	486.288	485.865
0.4855	1.88496	477.11	474.912	472.249	470.824	470.1	469.701
0.4855	1.98968	455.707	453.688	451.242	449.936	449.271	448.906
0.4855	2.0944	430.173	428.375	426.198	425.037	424.447	424.122
0.4855	2.19911	401.282	399.735	397.865	396.868	396.362	396.084
0.4855	2.30383	369.672	368.428	366.925	366.126	365.721	365.498
0.4855	2.40855	336.307	335.337	334.168	333.547	333.232	333.059
0.4855	2.51327	302.192	301.485	300.634	300.183	299.955	299.829
0.4855	2.61799	268.141	267.673	267.109	266.811	266.66	266.563
0.4855	2.72271	234.902	234.634	234.312	234.141	233.72	233.486
0.4855	2.82743	203.133	203.016	202.813	202.211	201.906	201.703
0.4855	2.93215	173.39	173.316	172.563	172.165	171.714	171.351
0.4855	3.03687	145.48	145.112	144.67	144.101	143.6	143.326
0.4855	3.14159	119.841	119.664	119.217	118.503	118.107	117.587
0.494	-3.14159	117.13	116.729	116.248	115.994	115.589	115.296
0.494	-3.03687	94.3262	94.1254	93.8846	93.4205	93.0298	92.8163
0.494	-2.93215	74.6382	74.568	74.223	73.6867	73.416	73.0747
0.494	-2.82743	58.0595	57.9265	57.2689	56.9217	56.5008	56.1424
0.494	-2.72271	43.8317	43.489	43.0773	42.7385	42.2354	41.9605
0.494	-2.61799	31.9477	31.7716	31.5603	31.0449	30.6679	30.4622
0.494	-2.51327	22.6772	22.608	22.388	21.8427	21.5678	21.3223
0.494	-2.40855	15.7204	15.7068	15.2389	14.852	14.6573	14.3514
0.494	-2.30383	10.7437	10.5326	10.0279	9.76188	9.59125	9.28304
0.494	-2.19911	7.04136	6.76096	6.42443	6.24742	6.046	5.79159
0.494	-2.0944	4.49983	4.31849	4.10108	3.98691	3.76634	3.55456
0.494	-1.98968	3.00102	2.88668	2.7497	2.67788	2.44781	2.26889
0.494	-1.88496	2.25298	2.17842	2.08915	2.0424	1.77478	1.61839
0.494	-1.78024	1.55472	1.50722	1.4504	1.4166	1.16227	1.02372
0.494	-1.67552	1.18044	1.14765	1.10843	1.07808	0.844449	0.71721
0.494	-1.5708	1.02917	1.00263	0.970901	0.954308	0.731039	0.609196
0.494	-1.46608	1.07776	1.051	1.01901	1.00228	0.804607	0.682566
0.494	-1.36136	1.38276	1.34923	1.30914	1.28816	1.12212	0.994272
0.494	-1.25664	2.07836	2.02939	1.97081	1.94015	1.81285	1.67325
0.494	-1.15192	3.05994	2.98753	2.90083	2.85543	2.76754	2.61247
0.494	-1.0472	4.77721	4.66079	4.52132	4.44818	4.41154	4.24208
0.494	-0.942478	7.69792	7.51281	7.29086	7.17429	7.11585	7.0091
0.494	-0.837758	12.1754	11.8901	11.5463	11.3654	11.2745	11.2251
0.494	-0.733038	17.9366	17.9365	17.6381	17.3662	17.2296	17.1552
0.494	-0.628319	25.8997	25.884	25.8652	25.5171	25.3181	25.2097
0.494	-0.523599	36.4062	36.332	36.2432	36.1342	35.8536	35.7005
0.494	-0.418879	49.7533	49.5683	49.3464	49.2298	49.1069	48.897
0.494	-0.314159	65.9139	65.8178	65.3901	65.1647	65.0512	64.9892
0.494	-0.20944	84.5076	84.494	84.4775	84.1333	83.9431	83.8392
0.494	-0.10472	106.216	106.139	106.047	105.998	105.838	105.686
0.494	1.11022e-16	131.114	130.902	130.646	130.511	130.443	130.405
0.494	0.10472	158.079	158.079	158.078	157.855	157.72	157.647
0.494	0.20944	187.493	187.457	187.41	187.382	187.367	187.358
0.494	0.314159	219.08	218.927	218.742	218.645	218.595	218.567
0.494	0.418879	251.26	251.255	251.248	251.244	251.241	251.238
0.494	0.523599	284.294	284.282	284.268	284.259	284.254	284.249
0.494	0.628319	317.619	317.545	317.456	317.408	317.383	317.367
0.494	0.733038	350.425	350.244	350.025	349.909	349.849	349.815
0.494	0.837758	381.856	381.533	381.145	380.939	380.834	380.774
0.494	0.942478	411.043	410.558	409.974	409.664	409.507	409.419
0.494	1.0472	437.141	436.485	435.696	435.277	435.064	434.946
0.494	1.15192	459.366	458.544	457.538	457.004	456.732	456.582
0.494	1.25664	476.508	475.528	474.345	473.716	473.397	473.221
0.494	1.36136	488.51	487.412	486.086	485.381	485.023	484.825
0.494	1.46608	495.005	493.824	492.397	491.639	491.253	491.04
0.494	1.5708	495.792	494.569	493.091	492.305	491.906	491.685
0.494	1.67552	490.859	489.638	488.162	487.377	486.978	486.758
0.494	1.78024	480.055	478.889	477.482	476.733	476.353	476.143
0.494	1.88496	463.885	462.809	461.51	460.82	460.47	460.276
0.494	1.98968	443.082	442.13	440.981	440.371	440.062	439.89
0.494	2.0944	418.299	417.497	416.529	416.016	415.755	415.611
0.494	2.19911	390.286	389.649	388.881	388.474	388.267	388.152
0.494	2.30383	359.854	359.385	358.821	358.523	358.371	358.286
0.494	2.40855	327.841	327.532	327.161	326.964	326.864	326.808
0.494	2.51327	295.026	294.869	294.681	294.581	294.53	294.501
0.494	2.61799	262.108	262.051	261.982	261.945	261.878	261.742
0.494	2.72271	230.007	230.002	229.89	229.57	229.407	229.318
0.494	2.82743	199.146	198.858	198.513	198.33	198.237	197.998
0.494	2.93215	169.293	169.166	169.013	168.723	168.4	168.223
0.494	3.03687	141.881	141.851	141.476	141.05	140.836	140.609
0.494	3.14159	117.13	116.729	116.248	115.994	115.589	115.296
0.5025	-3.14159	115.727	115.683	115.63	115.23	114.983	114.844
0.5025	-3.03687	93.8086	93.8065	93.2484	92.9319	92.7724	92.5149
0.5025	-2.93215	74.264	73.9887	73.6583	73.4843	73.125	72.8738
0.5025	-2.82743	57.2373	57.1172	56.9732	56.6202	56.2887	56.1078
0.5025	-2.72271	43.1718	43.1416	42.9353	42.4835	42.2558	42.1316
0.5025	-2.61799	31.8907	31.8577	31.3039	31.0118	30.8649	30.6104
0.5025	-2.51327	22.7575	22.4829	22.1534	21.98	21.7882	21.5334
0.5025	-2.40855	15.5242	15.38	15.2072	15.1164	14.8291	14.6325
0.5025	-2.30383	10.2921	10.2308	10.1573	10.0304	9.75501	9.60493
0.5025	-2.19911	6.71854	6.70186	6.6819	6.45738	6.24817	6.13426
0.5025	-2.0944	4.46298	4.46233	4.46154	4.15248	3.99352	3.90702
0.5025	-1.98968	3.20423	3.20038	3.05957	2.81677	2.69478	2.62845
0.5025	-1.88496	2.25479	2.23863	1.95804	1.76332	1.66557	1.61244
0.5025	-1.78024	1.71895	1.61551	1.31459	1.15639	1.07702	1.0339
0.5025	-1.67552	1.47316	1.25747	0.998779	0.862858	0.794696	0.757671
0.5025	-1.5708	1.3573	1.15797	0.918929	0.793372	0.730421	0.69623
0.5025	-1.46608	1.49558	1.29565	1.0559	0.929961	0.866819	0.832525
0.5025	-1.36136	1.86248	1.72559	1.46466	1.32756	1.2588	1.22146
0.5025	-1.25664	2.29334	2.25897	2.00134	1.84515	1.76679	1.72422
0.5025	-1.15192	3.0742	3.05703	2.94603	2.75404	2.65766	2.60528
0.5025	-1.0472	4.68682	4.68334	4.67919	4.50823	4.38501	4.31801
0.5025	-0.942478	7.44528	7.44439	7.44329	7.40444	7.24345	7.15584
0.5025	-0.837758	11.6962	11.678	11.6562	11.6448	11.5568	11.4412
0.5025	-0.733038	17.801	17.7361	17.6585	17.6177	17.5973	17.5091
0.5025	-0.628319	26.117	25.9665	25.7861	25.6913	25.6438	25.6178
0.5025	-0.523599	36.7721	36.693	36.3516	36.172	36.0817	36.0325
0.5025	-0.418879	49.4422	49.4422	49.4421	49.221	49.0774	48.9991
0.5025	-0.314159	65.0017	64.9742	64.9411	64.9236	64.8446	64.7226
0.5025	-0.20944	83.7315	83.6166	83.4787	83.4062	83.3695	83.3492
0.5025	-0.10472	105.357	105.336	105.096	104.927	104.842	104.795
0.5025	1.11022e-16	129.304	129.302	129.3	129.298	129.263	129.177
0.5025	0.10472	156.191	156.141	156.08	156.048	156.031	156.021
0.5025	0.20944	185.586	185.525	185.359	185.252	185.198	185.168
0.5025	0.314159	216.093	216.089	216.084	216.081	216.078	216.075
0.5025	0.418879	248.284	248.269	248.252	248.242	248.236	248.231
0.5025	0.523599	281.262	281.147	281.009	280.937	280.899	280.878
0.5025	0.628319	313.338	313.308	313.271	313.25	313.238	313.23
0.5025	0.733038	344.919	344.918	344.916	344.914	344.912	344.908
0.5025	0.837758	375.175	375.16	375.141	375.129	375.122	375.116
0.5025	0.942478	403.267	403.204	403.128	403.086	403.063	403.049
0.5025	1.0472	428.378	428.246	428.086	428	427.956	427.929
0.5025	1.15192	449.751	449.539	449.284	449.148	449.078	449.037
0.5025	1.25664	466.638	466.342	465.985	465.796	465.698	465.643
0.5025	1.36136	478.124	477.761	477.325	477.093	476.974	476.907
0.5025	1.46608	484.293	483.882	483.387	483.124	482.99	482.914
0.5025	1.5708	484.95	484.514	483.989	483.711	483.569	483.489
0.5025	1.67552	480.088	479.653	479.13	478.852	478.71	478.63
0.5025	1.78024	469.881	469.473	468.981	468.72	468.587	468.512
0.5025	1.88496	454.284	453.934	453.513	453.289	453.175	453.11
0.5025	1.98968	434.098	433.817	433.479	433.299	433.207	433.155
0.5025	2.0944	410.079	409.876	409.632	409.502	409.435	409.397
0.5025	2.19911	382.953	382.829	382.678	382.598	382.556	382.531
0.5025	2.30383	353.507	353.45	353.381	353.343	353.323	353.309
0.5025	2.40855	322.553	322.541	322.525	322.516	322.51	322.505
0.5025	2.51327	290.895	290.893	290.891	290.889	290.886	290.883
0.5025	2.61799	259.298	259.212	258.96	258.826	258.758	258.72
0.5025	2.72271	227.402	227.315	227.211	227.155	227.127	227.11
0.5025	2.82743	196.705	196.694	196.681	196.524	196.337	196.231
0.5025	2.93215	167.935	167.814	167.416	167.206	167.099	167.04
0.5025	3.03687	140.568	140.413	140.227	140.128	139.904	139.708
0.5025	3.14159	115.727	115.683	115.63	115.23	114.983	114.844
0.511	-3.14159	115.141	114.913	114.641	114.497	114.424	114.291
0.511	-3.03687	92.896	92.8095	92.7058	92.6346	92.3327	92.1677
0.511	-2.93215	73.6278	73.615	73.5491	73.154	72.9548	72.846
0.511	-2.82743	57.3345	57.2039	56.7533	56.5159	56.3964	56.2873
0.511	-2.72271	43.1908	42.9956	42.7615	42.6384	42.5034	42.2801
0.511	-2.61799	31.5836	31.5062	31.4134	31.3503	31.0523	30.8898
0.511	-2.51327	22.5205	22.5052	22.4869	22.2222	22.0126	21.8984
0.511	-2.40855	15.7138	15.7134	15.5425	15.2609	15.1193	15.0423
0.511	-2.30383	10.8429	10.6955	10.3504	10.1688	10.0776	10.028
0.511	-2.19911	7.13172	6.9559	6.74512	6.63444	6.57896	6.54881
0.511	-2.0944	4.63304	4.53254	4.41217	4.34907	4.31747	4.30032
0.511	-1.98968	3.07852	3.02181	2.95395	2.91841	2.90063	2.89099
0.511	-1.88496	1.92086	1.89319	1.8601	1.8428	1.83415	1.82946
0.511	-1.78024	1.27391	1.26138	1.24638	1.23855	1.23464	1.23252
0.511	-1.67552	0.970359	0.964642	0.957811	0.954234	0.952452	0.951486
0.511	-1.5708	0.912324	0.908997	0.905023	0.902948	0.901912	0.901351
0.511	-1.46608	1.07672	1.07331	1.06924	1.06712	1.06606	1.06549
0.511	-1.36136	1.51703	1.51101	1.50381	1.50004	1.49816	1.49714
0.511	-1.25664	1.93182	1.91998	1.90581	1.89841	1.89471	1.89271
0.511	-1.15192	2.91544	2.88903	2.85745	2.84093	2.83268	2.8282
0.511	-1.0472	4.77444	4.71985	4.65453	4.62032	4.6032	4.59391
0.511	-0.942478	7.81688	7.71355	7.58976	7.52486	7.49235	7.47468
0.511	-0.837758	12.3825	12.2018	11.9852	11.8714	11.8144	11.7833
0.511	-0.733038	18.2482	18.2271	18.1758	17.9894	17.8957	17.8448
0.511	-0.628319	26.1692	26.1691	26.1688	26.1686	26.0577	25.9787
0.511	-0.523599	36.4689	36.4555	36.4394	36.4309	36.4265	36.4239
0.511	-0.418879	49.3484	49.2752	49.1875	49.1415	49.1182	49.1054
0.511	-0.314159	65.2366	65.0481	64.822	64.7031	64.6432	64.6103
0.511	-0.20944	83.2269	83.2215	83.215	83.2113	83.1232	83.0593
0.511	-0.10472	104.333	104.322	104.308	104.3	104.296	104.293
0.511	1.11022e-16	128.516	128.433	128.334	128.281	128.255	128.239
0.511	0.10472	154.977	154.937	154.889	154.864	154.851	154.843
0.511	0.20944	183.42	183.42	183.419	183.418	183.416	183.415
0.511	0.314159	214.033	214.005	213.97	213.952	213.941	213.934
0.511	0.418879	245.771	245.67	245.551	245.487	245.455	245.436
0.511	0.523599	277.794	277.773	277.747	277.733	277.725	277.719
0.511	0.628319	309.954	309.952	309.929	309.692	309.573	309.507
0.511	0.733038	341.171	340.954	340.695	340.56	340.492	340.453
0.511	0.837758	370.301	370.196	370.07	370.004	369.969	369.948
0.511	0.942478	397.347	397.309	397.262	397.236	397.221	397.211
0.511	1.0472	421.52	421.513	421.504	421.497	421.492	421.486
0.511	1.15192	442.088	442.088	442.086	442.084	442.08	442.076
0.511	1.25664	458.413	458.404	458.393	458.385	458.379	458.373
0.511	1.36136	469.54	469.515	469.485	469.467	469.456	469.447
0.511	1.46608	475.423	475.385	475.338	475.312	475.297	475.286
0.511	1.5708	475.99	475.944	475.888	475.857	475.839	475.827
0.511	1.67552	471.233	471.187	471.131	471.1	471.083	471.07
0.511	1.78024	461.32	461.282	461.237	461.211	461.196	461.185
0.511	1.88496	446.408	446.387	446.361	446.345	446.335	446.327
0.511	1.98968	426.86	426.853	426.843	426.837	426.831	426.826
0.511	2.0944	403.622	403.621	403.62	403.618	403.615	403.611
0.511	2.19911	377.396	377.387	377.375	377.368	377.362	377.357
0.511	2.30383	348.945	348.902	348.849	348.821	348.805	348.794
0.511	2.40855	319.055	318.941	318.806	318.734	318.697	318.675
0.511	2.51327	287.612	287.58	287.542	287.521	287.51	287.502
0.511	2.61799	255.99	255.989	255.988	255.986	255.984	255.981
0.511	2.72271	225.105	225.085	225.06	224.893	224.806	224.757
0.511	2.82743	194.909	194.787	194.64	194.562	194.523	194.5
0.511	2.93215	166.041	166.011	165.975	165.955	165.815	165.691
0.511	3.03687	139.482	139.482	139.303	139.028	138.889	138.813
0.511	3.14159	115.141	114.913	114.641	114.497	114.424	114.291
0.5195	-3.14159	113.565	113.563	113.56	113.481	113.303	113.205
0.5195	-3.03687	92.2232	92.2092	91.8244	91.6214	91.5191	91.4631
0.5195	-2.93215	72.9467	72.7967	72.6168	72.5221	72.4744	72.3921
0.5195	-2.82743	56.3181	56.2733	56.2196	56.1913	55.9954	55.8526
0.5195	-2.72271	42.5563	42.5546	42.5524	42.2859	42.1139	42.0201
0.5195	-2.61799	31.4934	31.4784	31.1119	30.9048	30.8008	30.744
0.5195	-2.51327	22.3989	22.2227	22.0115	21.9005	21.8449	21.8145
0.5195	-2.40855	15.232	15.155	15.0628	15.0144	14.9902	14.977
0.5195	-2.30383	10.0193	9.99762	9.97166	9.95807	9.95125	9.87599
0.5195	-2.19911	6.43222	6.43129	6.43017	6.42957	6.40144	6.30791
0.5195	-2.0944	4.14372	4.13859	4.13247	4.12926	4.04576	3.9765
0.5195	-1.98968	2.84531	2.82033	2.79056	2.74604	2.65101	2.59937
0.5195	-1.88496	1.8268	1.77745	1.71868	1.6052	1.53105	1.49077
0.5195	-1.78024	1.26373	1.18731	1.0559	0.939166	0.880651	0.848873
0.5195	-1.67552	1.01082	0.901466	0.714715	0.616703	0.567591	0.540926
0.5195	-1.5708	0.954147	0.811992	0.641625	0.552242	0.507462	0.483152
0.5195	-1.46608	1.1255	0.989309	0.818342	0.728642	0.683704	0.659308
0.5195	-1.36136	1.52277	1.42621	1.29765	1.19864	1.14903	1.1221
0.5195	-1.25664	1.96851	1.89037	1.79735	1.74905	1.70983	1.67851
0.5195	-1.15192	2.83539	2.78434	2.72353	2.69193	2.6762	2.66769
0.5195	-1.0472	4.53295	4.50895	4.48035	4.46546	4.45804	4.45401
0.5195	-0.942478	7.36264	7.35812	7.35273	7.3499	7.34847	7.34767
0.5195	-0.837758	11.6569	11.6556	11.654	11.6531	11.6526	11.6523
0.5195	-0.733038	17.7622	17.7383	17.7098	17.6949	17.6873	17.6832
0.5195	-0.628319	26.0205	25.9388	25.841	25.7897	25.764	25.7499
0.5195	-0.523599	36.6438	36.5598	36.3454	36.2294	36.1711	36.1393
0.5195	-0.418879	48.9656	48.9487	48.9285	48.9178	48.9123	48.8982
0.5195	-0.314159	64.1926	64.1914	64.1899	64.1889	64.1881	64.1874
0.5195	-0.20944	82.4821	82.4403	82.3901	82.3636	82.35	82.3422
0.5195	-0.10472	103.783	103.69	103.564	103.473	103.426	103.401
0.5195	1.11022e-16	127.043	127.028	127.009	126.999	126.993	126.989
0.5195	0.10472	153.131	153.127	153.123	153.12	153.118	153.116
0.5195	0.20944	181.761	181.702	181.584	181.466	181.406	181.372
0.5195	0.314159	211.496	211.43	211.352	211.31	211.289	211.276
0.5195	0.418879	242.593	242.587	242.579	242.574	242.491	242.397
0.5195	0.523599	274.682	274.673	274.361	274.154	274.05	273.993
0.5195	0.628319	306.015	305.856	305.667	305.567	305.516	305.356
0.5195	0.733038	336.408	336.347	336.274	335.997	335.745	335.607
0.5195	0.837758	365.514	365.502	365.076	364.713	364.531	364.431
0.5195	0.942478	392.423	392.011	391.522	391.267	391.139	391.068
0.5195	1.0472	415.71	415.43	415.096	414.922	414.833	414.783
0.5195	1.15192	435.524	435.336	435.112	434.994	434.934	434.898
0.5195	1.25664	451.25	451.123	450.973	450.893	450.85	450.825
0.5195	1.36136	461.899	461.814	461.712	461.657	461.627	461.608
0.5195	1.46608	467.542	467.477	467.4	467.358	467.335	467.319
0.5195	1.5708	468.058	468.003	467.937	467.9	467.88	467.866
0.5195	1.67552	463.442	463.387	463.32	463.283	463.263	463.249
0.5195	1.78024	453.856	453.79	453.712	453.669	453.645	453.63
0.5195	1.88496	439.405	439.313	439.203	439.144	439.113	439.093
0.5195	1.98968	420.518	420.386	420.227	420.144	420.1	420.074
0.5195	2.0944	398.079	397.883	397.648	397.525	397.462	397.425
0.5195	2.19911	372.746	372.476	372.128	371.947	371.855	371.804
0.5195	2.30383	344.35	344.35	344.349	344.123	343.991	343.918
0.5195	2.40855	314.497	314.483	314.465	314.455	314.448	314.442
0.5195	2.51327	283.958	283.891	283.81	283.767	283.744	283.73
0.5195	2.61799	253.054	252.988	252.908	252.865	252.843	252.829
0.5195	2.72271	222.099	222.089	222.078	222.071	222.066	222.063
0.5195	2.82743	192.461	192.455	192.448	192.444	192.421	192.357
0.5195	2.93215	164.442	164.278	164.08	163.976	163.923	163.894
0.5195	3.03687	137.684	137.633	137.572	137.539	137.522	137.512
0.5195	3.14159	113.565	113.563	113.56	113.481	113.303	113.205
0.528	-3.14159	112.193	112.087	111.961	111.894	111.86	111.841
0.528	-3.03687	90.6116	90.5904	90.5649	90.5513	90.5441	90.5397
0.528	-2.93215	71.9386	71.9375	71.9359	71.8915	71.7496	71.6721
0.528	-2.82743	56.1747	56.0822	55.7896	55.6356	55.5581	55.5158
0.528	-2.72271	42.2545	42.1361	41.9941	41.9196	41.882	41.8615
0.528	-2.61799	30.7901	30.7566	30.7164	30.6954	30.6847	30.6788
0.528	-2.51327	21.7912	21.7902	21.789	21.7884	21.7698	21.6746
0.528	-2.40855	14.9836	14.9712	14.9564	14.9028	14.7885	14.7263
0.528	-2.30383	10.061	10.0027	9.8291	9.68907	9.61882	9.58063
0.528	-2.19911	6.36495	6.23814	6.08618	6.00648	5.96654	5.94485
0.528	-2.0944	3.74438	3.67916	3.6011	3.56021	3.53975	3.52864
0.528	-1.98968	2.15441	2.12544	2.0908	2.07268	2.06362	2.05871
0.528	-1.88496	1.28026	1.26882	1.25513	1.24798	1.24441	1.24247
0.528	-1.78024	0.518805	0.515949	0.512537	0.510757	0.509868	0.509386
0.528	-1.67552	0.123085	0.122775	0.122405	0.122213	0.122116	0.122064
0.528	-1.5708	0	0	0	0	0	0
0.528	-1.46608	0.128232	0.128231	0.128231	0.128231	0.12823	0.12823
0.528	-1.36136	0.559925	0.559542	0.559084	0.558845	0.558726	0.558651
0.528	-1.25664	1.41874	1.41553	1.41168	1.40967	1.40867	1.40812
0.528	-1.15192	2.46397	2.45331	2.44055	2.43389	2.43056	2.42874
0.528	-1.0472	4.35492	4.32487	4.28893	4.27013	4.26072	4.25561
0.528	-0.942478	7.42369	7.35617	7.27533	7.23299	7.21178	7.20025
0.528	-0.837758	11.9434	11.8193	11.6718	11.5952	11.5571	11.5365
0.528	-0.733038	17.6924	17.6375	17.5721	17.538	17.521	17.5118
0.528	-0.628319	25.5254	25.5148	25.502	25.4953	25.4919	25.4899
0.528	-0.523599	35.7545	35.7529	35.7509	35.7498	35.749	35.7485
0.528	-0.418879	48.6498	48.6124	48.5676	48.544	48.532	48.5252
0.528	-0.314159	64.3051	64.1917	64.0346	63.9513	63.9097	63.8869
0.528	-0.20944	81.8721	81.8335	81.7874	81.7632	81.7507	81.7436
0.528	-0.10472	102.442	102.441	102.44	102.44	102.439	102.438
0.528	1.11022e-16	125.983	125.957	125.927	125.911	125.861	125.812
0.528	0.10472	151.863	151.738	151.589	151.511	151.471	151.449
0.528	0.20944	179.448	179.418	179.383	179.364	179.353	179.346
0.528	0.314159	209.117	209.117	209.116	208.908	208.767	208.689
0.528	0.418879	240.151	239.916	239.622	239.465	239.387	239.343
0.528	0.523599	270.871	270.772	270.653	270.59	270.343	270.18
0.528	0.628319	301.828	301.804	301.655	301.23	301.018	300.903
0.528	0.733038	332.272	332.01	331.459	331.173	330.92	330.625
0.528	0.837758	360.546	360.253	359.904	359.501	359.059	358.819
0.528	0.942478	386.607	386.435	386.143	385.424	385.067	384.873
0.528	1.0472	409.901	409.809	409.099	408.519	408.23	408.072
0.528	1.15192	429.727	429.517	428.599	428.125	427.889	427.759
0.528	1.25664	445.229	444.595	443.842	443.453	443.258	443.151
0.528	1.36136	455.441	454.895	454.247	453.911	453.742	453.649
0.528	1.46608	460.887	460.396	459.814	459.512	459.36	459.275
0.528	1.5708	461.395	460.93	460.379	460.093	459.949	459.868
0.528	1.67552	456.957	456.492	455.939	455.653	455.508	455.428
0.528	1.78024	447.729	447.229	446.634	446.326	446.171	446.084
0.528	1.88496	433.408	432.958	432.29	431.945	431.772	431.676
0.528	1.98968	414.625	414.605	413.882	413.479	413.277	413.166
0.528	2.0944	392.287	392.239	391.968	391.483	391.242	391.109
0.528	2.19911	367.069	366.969	366.85	366.597	366.303	366.142
0.528	2.30383	339.699	339.517	339.299	339.185	339.126	338.951
0.528	2.40855	310.625	310.61	310.26	310.07	309.975	309.921
0.528	2.51327	280.095	280.094	280.093	280.091	280.017	279.936
0.528	2.61799	249.526	249.491	249.449	249.426	249.414	249.406
0.528	2.72271	219.555	219.434	219.289	219.214	219.175	219.153
0.528	2.82743	189.829	189.801	189.767	189.748	189.738	189.732
0.528	2.93215	161.813	161.812	161.812	161.811	161.81	161.808
0.528	3.03687	136.058	136.023	135.981	135.861	135.78	135.735
0.528	3.14159	112.193	112.087	111.961	111.894	111.86	111.841
0.5365	-3.14159	111.888	111.882	111.875	111.87	111.868	111.866
0.5365	-3.03687	91.144	91.0783	91	90.9123	90.8472	90.8113
0.5365	-2.93215	72.447	72.3705	72.2789	72.2307	72.2062	72.1926
0.5365	-2.82743	56.286	56.2751	56.262	56.255	56.2513	56.249
0.5365	-2.72271	42.9259	42.922	42.9171	42.9145	42.913	42.912
0.5365	-2.61799	32.207	32.1573	32.0982	32.0674	31.9929	31.9505
0.5365	-2.51327	23.5878	23.4568	23.2998	23.2174	23.176	23.1535
0.5365	-2.40855	16.3396	16.2903	16.2313	16.2004	16.1849	16.1765
0.5365	-2.30383	10.9921	10.9833	10.9727	10.9672	10.9644	10.9629
0.5365	-2.19911	7.2319	7.23145	7.2309	7.2306	7.23043	7.23033
0.5365	-2.0944	4.74716	4.73234	4.71466	4.70545	4.70086	4.69836
0.5365	-1.98968	3.24348	3.20072	3.14979	3.12331	3.11013	3.10299
0.5365	-1.88496	2.45895	2.38312	2.29285	2.24598	2.22267	2.21006
0.5365	-1.78024	2.17735	2.07058	1.94354	1.87763	1.84486	1.82716
0.5365	-1.67552	1.83771	1.70881	1.55548	1.47597	1.43646	1.41512
0.5365	-1.5708	1.65755	1.51567	1.34694	1.25947	1.21602	1.19254
0.5365	-1.46608	1.69997	1.55859	1.39045	1.30329	1.25999	1.2366
0.5365	-1.36136	2.01675	1.88927	1.73762	1.65899	1.61991	1.5988
0.5365	-1.25664	2.72955	2.62713	2.50527	2.44204	2.4106	2.39361
0.5365	-1.15192	4.02445	3.95406	3.87026	3.82673	3.80507	3.79336
0.5365	-1.0472	5.8623	5.82085	5.77147	5.74578	5.73299	5.72605
0.5365	-0.942478	8.66581	8.65206	8.63566	8.6271	8.62282	8.62047
0.5365	-0.837758	12.9215	12.9213	12.921	12.9208	12.9206	12.9205
0.5365	-0.733038	18.9621	18.9519	18.9397	18.9333	18.93	18.8921
0.5365	-0.628319	27.1153	27.0623	26.9989	26.8745	26.8006	26.7606
0.5365	-0.523599	37.271	37.1492	37.0043	36.9291	36.8915	36.871
0.5365	-0.418879	49.5801	49.5417	49.4959	49.472	49.4598	49.453
0.5365	-0.314159	64.6859	64.6847	64.6831	64.6821	64.6813	64.6806
0.5365	-0.20944	82.719	82.7008	82.679	82.6586	82.5566	82.5011
0.5365	-0.10472	103.444	103.282	103.09	102.99	102.94	102.912
0.5365	1.11022e-16	126.138	126.088	126.029	125.997	125.981	125.972
0.5365	0.10472	151.511	151.509	151.507	151.467	151.297	151.205
0.5365	0.20944	179.284	179.212	178.832	178.635	178.537	178.483
0.5365	0.314159	208.018	207.869	207.69	207.597	207.496	207.305
0.5365	0.418879	237.993	237.948	237.893	237.533	237.284	237.148
0.5365	0.523599	268.863	268.86	268.265	267.93	267.763	267.476
0.5365	0.628319	299.329	298.994	298.595	298.3	297.821	297.561
0.5365	0.733038	328.719	328.535	328.316	327.559	327.185	326.831
0.5365	0.837758	356.865	356.781	356.039	355.457	354.873	354.436
0.5365	0.942478	382.994	382.561	381.701	381.021	380.326	379.95
0.5365	1.0472	405.789	405.241	404.59	403.604	403.003	402.679
0.5365	1.15192	424.703	424.295	423.653	422.602	422.083	421.801
0.5365	1.25664	439.41	439.093	438.224	437.288	436.826	436.574
0.5365	1.36136	449.695	449.439	448.409	447.556	447.134	446.905
0.5365	1.46608	455.23	455.011	453.899	453.1	452.704	452.488
0.5365	1.5708	455.843	455.641	454.533	453.759	453.376	453.167
0.5365	1.67552	451.487	451.281	450.294	449.516	449.13	448.92
0.5365	1.78024	441.853	441.627	440.816	440.007	439.606	439.388
0.5365	1.88496	427.776	427.508	426.952	426.084	425.654	425.421
0.5365	1.98968	409.709	409.375	408.979	408.178	407.705	407.449
0.5365	2.0944	388.218	387.788	387.277	386.829	386.296	386.008
0.5365	2.19911	363.514	363.388	362.718	362.371	362.044	361.715
0.5365	2.30383	336.227	336.195	335.992	335.536	335.309	335.185
0.5365	2.40855	307.361	307.26	307.138	307.038	306.733	306.567
0.5365	2.51327	277.711	277.5	277.249	277.118	277.052	277.015
0.5365	2.61799	247.406	247.399	247.323	247.093	246.978	246.914
0.5365	2.72271	217.352	217.345	217.337	217.332	217.329	217.326
0.5365	2.82743	188.592	188.531	188.458	188.42	188.4	188.388
0.5365	2.93215	161.351	161.273	161.179	161.13	161.076	161.045
0.5365	3.03687	135.357	135.346	135.333	135.326	135.322	135.319
0.5365	3.14159	111.888	111.882	111.875	111.87	111.868	111.866
0.545	-3.14159	116.202	116.145	116.062	115.921	115.85	115.812
0.545	-3.03687	95.1055	95.1015	95.0967	95.0939	95.0921	95.0906
0.545	-2.93215	76.7948	76.7818	76.7662	76.7578	76.7533	76.7506
0.545	-2.82743	61.2752	61.1936	61.0964	61.0457	61.0203	61.0063
0.545	-2.72271	48.1202	48.0444	47.9536	47.8911	47.8283	47.7942
0.545	-2.61799	36.9329	36.9191	36.9024	36.8936	36.8891	36.8865
0.545	-2.51327	28.1605	28.1596	28.1584	28.1577	28.1572	28.1569
0.545	-2.40855	21.5409	21.5123	21.4781	21.4603	21.4514	21.4465
0.545	-2.30383	16.7807	16.6933	16.5893	16.5353	16.5084	16.4938
0.545	-2.19911	13.2758	13.1173	12.9287	12.831	12.7824	12.7562
0.545	-2.0944	10.7428	10.6448	10.3495	10.1968	10.121	10.08
0.545	-1.98968	8.86762	8.84292	8.69722	8.48849	8.38502	8.32919
0.545	-1.88496	7.75881	7.75079	7.73658	7.47647	7.34763	7.27814
0.545	-1.78024	7.20603	7.20451	7.20269	6.97201	6.82239	6.74172
0.545	-1.67552	7.05438	7.05434	7.05431	6.83716	6.67311	6.58468
0.545	-1.5708	7.16064	7.16054	7.16041	6.90558	6.73433	6.64203
0.545	-1.46608	7.10889	7.10881	7.10869	6.83131	6.66035	6.56822
0.545	-1.36136	7.39539	7.39531	7.39521	7.07903	6.91645	6.82881
0.545	-1.25664	8.141	8.13892	8.05877	7.76225	7.61544	7.53629
0.545	-1.15192	9.52963	9.51973	9.30368	9.05147	8.92652	8.85912
0.545	-1.0472	11.7996	11.7514	11.3656	11.1661	11.0673	11.0139
0.545	-0.942478	15.0159	14.7833	14.5071	14.3641	14.2931	14.2547
0.545	-0.837758	19.0298	18.8759	18.6928	18.5979	18.5507	18.5251
0.545	-0.733038	24.6779	24.6015	24.5106	24.4633	24.4397	24.3529
0.545	-0.628319	32.3773	32.3556	32.3297	32.3161	32.2174	32.0918
0.545	-0.523599	42.4267	42.4266	42.4265	42.2913	42.1267	42.0378
0.545	-0.418879	55.0836	55.0627	54.7832	54.5733	54.4691	54.4126
0.545	-0.314159	69.9721	69.7928	69.5795	69.4688	69.4136	69.3834
0.545	-0.20944	87.2644	87.1992	87.1214	87.0808	87.0279	86.8729
0.545	-0.10472	107.449	107.442	107.434	107.222	107.027	106.922
0.545	1.11022e-16	130.466	130.446	129.983	129.744	129.625	129.56
0.545	0.10472	155.262	155.065	154.829	154.707	154.53	154.313
0.545	0.20944	182.033	181.962	181.878	181.514	181.226	181.07
0.545	0.314159	210.764	210.755	210.236	209.845	209.65	209.338
0.545	0.418879	240.547	240.155	239.689	239.403	238.876	238.591
0.545	0.523599	270.347	270.135	269.884	269.129	268.723	268.335
0.545	0.628319	300.374	300.283	299.526	298.913	298.273	297.816
0.545	0.733038	329.906	329.377	328.513	327.738	327.027	326.535
0.545	0.837758	357.306	356.793	356.184	355.025	354.278	353.59
0.545	0.942478	382.533	382.196	381.273	380.272	379.217	378.605
0.545	1.0472	404.665	404.441	403.172	402.078	401.069	400.527
0.545	1.15192	423.429	423.043	421.676	420.366	419.452	418.96
0.545	1.25664	438.247	437.45	436.266	434.783	433.944	433.491
0.545	1.36136	448.447	447.556	446.502	444.904	444.119	443.695
0.545	1.46608	453.869	453.049	451.954	450.43	449.679	449.274
0.545	1.5708	454.317	453.529	452.497	451.006	450.272	449.876
0.545	1.67552	449.697	448.903	447.957	446.461	445.724	445.327
0.545	1.78024	440.491	439.657	438.67	437.323	436.566	436.157
0.545	1.88496	426.675	426.094	425.015	423.884	423.089	422.66
0.545	1.98968	408.761	408.645	407.428	406.563	405.71	405.25
0.545	2.0944	387.412	387.253	386.441	385.716	384.949	384.448
0.545	2.19911	363.019	362.764	362.422	361.549	361.118	360.585
0.545	2.30383	336.429	336.047	335.594	335.12	334.606	334.328
0.545	2.40855	308.101	307.962	307.305	306.965	306.652	306.32
0.545	2.51327	278.46	278.426	278.294	277.817	277.58	277.45
0.545	2.61799	248.854	248.743	248.611	248.541	248.255	248.08
0.545	2.72271	219.931	219.689	219.401	219.251	219.175	219.133
0.545	2.82743	191.301	191.298	191.295	191.047	190.914	190.841
0.545	2.93215	164.139	164.124	164.105	164.095	164.089	164.078
0.545	3.03687	139.127	139.038	138.931	138.874	138.846	138.83
0.545	3.14159	116.202	116.145	116.062	115.921	115.85	115.812
0.5535	-3.14159	127.433	127.41	127.382	127.367	127.134	127.008
0.5535	-3.03687	107.143	107.035	106.906	106.839	106.805	106.767
0.5535	-2.93215	89.5467	89.293	88.9916	88.8354	88.7576	88.7152
0.5535	-2.82743	73.6212	73.6175	73.6128	73.3715	73.2331	73.1581
0.5535	-2.72271	60.3347	60.324	60.3112	60.3044	60.1722	60.057
0.5535	-2.61799	49.586	49.5182	49.4375	49.3955	49.3745	49.2872
0.5535	-2.51327	41.1652	40.9983	40.7998	40.6969	40.6457	40.6179
0.5535	-2.40855	34.7747	34.5177	34.1631	33.9797	33.8887	33.8395
0.5535	-2.30383	29.5229	29.5172	29.2643	28.9875	28.8504	28.7764
0.5535	-2.19911	25.8453	25.844	25.8267	25.4504	25.2643	25.164
0.5535	-2.0944	23.4433	23.4256	23.4044	23.1002	22.8654	22.739
0.5535	-1.98968	21.9293	21.886	21.8343	21.5599	21.2838	21.1351
0.5535	-1.88496	20.799	20.723	20.6325	20.3843	20.0683	19.8983
0.5535	-1.78024	20.1869	20.0805	19.9539	19.7142	19.3666	19.1796
0.5535	-1.67552	19.9432	19.8142	19.6607	19.4175	19.0484	18.8499
0.5535	-1.5708	19.9802	19.84	19.6733	19.4182	19.039	18.8352
0.5535	-1.46608	20.2772	20.139	19.9747	19.7009	19.3236	19.1206
0.5535	-1.36136	20.8286	20.702	20.5513	20.2	19.8331	19.6358
0.5535	-1.25664	21.371	21.269	21.1475	20.7547	20.4113	20.2267
0.5535	-1.15192	22.5256	22.455	22.3709	21.9211	21.6111	21.4443
0.5535	-1.0472	24.5264	24.4883	24.4429	23.9134	23.6447	23.5001
0.5535	-0.942478	27.6494	27.6376	27.4322	26.9832	26.7613	26.6115
0.5535	-0.837758	32.1982	32.1982	31.7549	31.4062	31.2336	31.0303
0.5535	-0.733038	38.4887	38.2016	37.7179	37.4682	37.3444	37.0628
0.5535	-0.628319	46.1497	45.8744	45.5476	45.3785	45.0762	44.8199
0.5535	-0.523599	55.6711	55.5235	55.3479	55.1682	54.7902	54.5867
0.5535	-0.418879	67.7322	67.6776	67.6125	67.1808	66.8965	66.7432
0.5535	-0.314159	82.5287	82.5231	82.1602	81.7574	81.5579	81.3512
0.5535	-0.20944	100.16	99.7441	99.2509	98.996	98.7269	98.4249
0.5535	-0.10472	119.539	119.316	119.051	118.775	118.344	118.112
0.5535	1.11022e-16	141.684	141.596	141.458	140.82	140.505	140.239
0.5535	0.10472	166.431	166.417	165.689	165.252	164.829	164.439
0.5535	0.20944	193.047	192.601	192.072	191.57	190.997	190.689
0.5535	0.314159	220.762	220.52	220.181	219.292	218.825	218.245
0.5535	0.418879	249.92	249.817	248.913	248.256	247.415	246.931
0.5535	0.523599	279.945	279.277	278.373	277.401	276.659	275.943
0.5535	0.628319	309.051	308.539	307.772	306.545	305.556	304.849
0.5535	0.733038	337.438	337.131	335.984	334.88	333.734	332.878
0.5535	0.837758	364.408	364.105	362.599	361.19	360.085	359.104
0.5535	0.942478	389.393	388.383	387.184	385.468	384.088	383.195
0.5535	1.0472	410.826	410.016	408.595	406.948	405.421	404.604
0.5535	1.15192	429.019	428.366	426.707	424.898	423.487	422.731
0.5535	1.25664	443.417	442.878	441.023	439.087	437.767	437.058
0.5535	1.36136	453.482	453.027	451.089	449.098	447.845	447.172
0.5535	1.46608	458.508	458.099	456.09	454.094	452.887	452.238
0.5535	1.5708	458.801	458.413	456.413	454.442	453.254	452.615
0.5535	1.67552	454.361	453.969	452.059	450.173	448.981	448.341
0.5535	1.78024	445.339	444.919	443.177	441.433	440.215	439.561
0.5535	1.88496	432.036	431.562	430.058	428.503	427.238	426.558
0.5535	1.98968	414.538	413.965	412.782	411.477	410.13	409.407
0.5535	2.0944	393.627	392.928	392.068	390.644	389.567	388.792
0.5535	2.19911	369.811	369.198	368.169	367.073	366.285	365.474
0.5535	2.30383	343.315	343.203	342.157	341.43	340.533	340.051
0.5535	2.40855	315.462	315.251	314.746	313.917	313.353	312.802
0.5535	2.51327	286.964	286.607	286.183	285.58	285.07	284.772
0.5535	2.61799	258.208	257.945	257.283	256.941	256.499	256.159
0.5535	2.72271	229.187	229.151	228.913	228.412	228.164	227.974
0.5535	2.82743	201.372	201.247	201.097	200.915	200.57	200.383
0.5535	2.93215	175.249	174.973	174.644	174.474	174.388	174.198
0.5535	3.03687	150.32	150.32	150.13	149.828	149.678	149.597
0.5535	3.14159	127.433	127.41	127.382	127.367	127.134	127.008
0.562	-3.14159	150.04	149.724	149.35	149.079	148.577	148.307
0.562	-3.03687	130.209	130.083	129.438	129.105	128.817	128.472
0.562	-2.93215	112.31	112.282	112.044	111.538	111.288	111.049
0.562	-2.82743	97.1186	97.0064	96.8728	96.4707	96.1208	95.9323
0.562	-2.72271	84.5594	84.3116	84.0172	83.8438	83.3821	83.1338
0.562	-2.61799	74.4843	74.0573	73.5509	73.2894	72.9513	72.6386
0.562	-2.51327	65.8882	65.8862	65.2859	64.8969	64.6544	64.2745
0.562	-2.40855	59.038	59.0103	58.6714	58.1529	57.8967	57.5177
0.562	-2.30383	53.9605	53.876	53.7401	53.073	52.7439	52.3885
0.562	-2.19911	50.39	50.2286	50.0368	49.4098	49.0081	48.6536
0.562	-2.0944	48.0357	47.7872	47.492	46.9049	46.4343	46.0647
0.562	-1.98968	46.6232	46.2868	45.8876	45.3147	44.782	44.3877
0.562	-1.88496	45.9082	45.4918	44.998	44.4226	43.8376	43.4147
0.562	-1.78024	45.6888	45.2076	44.6373	44.0505	43.4251	42.9741
0.562	-1.67552	45.4152	44.8911	44.2701	43.6257	42.9745	42.4573
0.562	-1.5708	45.3053	44.7589	44.1117	43.4468	42.7824	42.2409
0.562	-1.46608	45.4289	44.8865	44.244	43.5601	42.8981	42.3392
0.562	-1.36136	45.8344	45.322	44.7148	44.0126	43.3684	42.7982
0.562	-1.25664	46.6355	46.1765	45.6323	44.9092	44.2974	43.7198
0.562	-1.15192	48.0058	47.6189	47.16	46.4083	45.8422	45.2011
0.562	-1.0472	49.8335	49.5196	49.147	48.2784	47.7556	47.0886
0.562	-0.942478	52.6303	52.4057	52.1192	51.1997	50.6628	50.049
0.562	-0.837758	56.8094	56.6707	56.2381	55.4631	54.8958	54.3419
0.562	-0.733038	62.6808	62.6147	61.9718	61.3466	60.7246	60.2354
0.562	-0.628319	70.5493	70.5279	69.5999	69.1226	68.4132	67.9914
0.562	-0.523599	80.5915	80.0372	79.3804	78.8631	78.2041	77.8454
0.562	-0.418879	92.3037	91.9514	91.5334	90.8376	90.3033	89.8223
0.562	-0.314159	106.638	106.45	106.126	105.281	104.795	104.218
0.562	-0.20944	123.714	123.642	122.909	122.284	121.577	121.083
0.562	-0.10472	143.562	143.133	142.293	141.569	140.815	140.253
0.562	1.11022e-16	165.179	164.734	164.187	163.146	162.448	161.728
0.562	0.10472	189.005	188.765	187.999	187.059	186.087	185.478
0.562	0.20944	215.056	214.956	213.717	212.69	211.742	210.908
0.562	0.314159	242.733	241.965	241.056	239.768	238.733	237.886
0.562	0.418879	270.706	270.207	269.156	267.918	266.602	265.732
0.562	0.523599	299.488	299.192	297.66	296.162	294.916	293.804
0.562	0.628319	328.442	327.682	326.214	324.384	322.837	321.763
0.562	0.733038	356.201	355.262	353.67	351.76	350.102	348.719
0.562	0.837758	382.298	381.601	379.668	377.525	375.688	374.357
0.562	0.942478	406.499	405.989	403.702	401.322	399.247	398.018
0.562	1.0472	428.108	427.182	424.971	422.35	420.209	419.067
0.562	1.15192	446.365	445.009	442.729	440	437.994	436.923
0.562	1.25664	460	458.663	456.272	453.531	451.64	450.629
0.562	1.36136	469.382	468.167	465.693	462.896	461.081	460.11
0.562	1.46608	474.364	473.226	470.721	467.91	466.144	465.199
0.562	1.5708	474.792	473.688	471.21	468.434	466.69	465.757
0.562	1.67552	470.661	469.551	467.16	464.466	462.718	461.783
0.562	1.78024	461.684	460.517	458.31	455.78	453.996	453.042
0.562	1.88496	448.501	447.24	445.216	442.845	441.001	440.015
0.562	1.98968	431.272	430.235	428.431	426.247	424.315	423.283
0.562	2.0944	410.523	410.024	408.142	406.136	404.429	403.336
0.562	2.19911	387.101	386.691	385.026	383.323	381.903	380.735
0.562	2.30383	361.675	361.111	359.871	358.473	357.096	356.091
0.562	2.40855	334.857	334.065	333.128	331.69	330.58	329.749
0.562	2.51327	306.411	306.178	304.928	303.882	302.986	302.185
0.562	2.61799	277.691	277.487	276.675	275.835	274.934	274.37
0.562	2.72271	249.636	249.264	248.822	247.884	247.351	246.692
0.562	2.82743	222.749	222.196	221.483	220.96	220.292	219.932
0.562	2.93215	196.339	196.294	195.684	195.139	194.684	194.241
0.562	3.03687	172.007	171.858	171.68	171.034	170.657	170.356
0.562	3.14159	150.04	149.724	149.35	149.079	148.577	148.307
0.5705	-3.14159	188.67	188.312	187.238	186.29	185.444	184.655
0.5705	-3.03687	168.848	168.708	167.803	167.034	166.034	165.444
0.5705	-2.93215	151.631	151.333	150.795	149.775	148.958	148.307
0.5705	-2.82743	137.025	136.516	135.913	134.931	134.239	133.48
0.5705	-2.72271	124.695	124.188	123.28	122.446	121.663	120.955
0.5705	-2.61799	114.08	114.009	112.957	112.202	111.267	110.624
0.5705	-2.51327	105.737	105.568	104.764	103.927	102.94	102.326
0.5705	-2.40855	99.4211	99.1239	98.4812	97.4435	96.478	95.8128
0.5705	-2.30383	94.8611	94.4157	93.8617	92.623	91.6484	90.9046
0.5705	-2.19911	91.77	91.167	90.4529	89.2131	88.2079	87.3905
0.5705	-2.0944	89.6253	88.8796	87.9973	86.7312	85.6614	84.7831
0.5705	-1.98968	88.009	87.2946	86.2394	84.9482	83.8228	82.8859
0.5705	-1.88496	86.8947	86.3827	85.1777	83.8525	82.6722	81.6871
0.5705	-1.78024	86.331	85.9562	84.6341	83.2736	82.0445	81.023
0.5705	-1.67552	86.1744	85.8777	84.4779	83.0866	81.8192	80.7742
0.5705	-1.5708	86.3403	86.0667	84.6331	83.2193	81.9267	80.8716
0.5705	-1.46608	86.6899	86.3372	84.907	83.4198	82.0554	81.0013
0.5705	-1.36136	87.0066	86.5689	85.1914	83.6931	82.3238	81.2808
0.5705	-1.25664	87.7872	87.2068	85.9244	84.4207	83.0574	82.0203
0.5705	-1.15192	89.2041	88.4174	87.2671	85.7581	84.4075	83.3837
0.5705	-1.0472	91.2524	90.4158	89.4266	87.9052	86.5687	85.5609
0.5705	-0.942478	94.1389	93.4553	92.6227	91.0965	89.7687	88.7739
0.5705	-0.837758	98.3389	97.8146	96.8727	95.5106	94.0832	92.9971
0.5705	-0.733038	103.838	103.45	102.366	101.083	99.7461	98.6438
0.5705	-0.628319	111.226	110.981	109.724	108.434	107.248	106.108
0.5705	-0.523599	120.837	120.681	119.196	117.855	116.669	115.617
0.5705	-0.418879	132.907	132.112	130.997	129.55	128.303	127.364
0.5705	-0.314159	146.73	146.07	145.147	143.67	142.318	141.334
0.5705	-0.20944	163.08	162.661	161.488	160.133	158.794	157.672
0.5705	-0.10472	182.139	181.912	180.375	178.877	177.555	176.433
0.5705	1.11022e-16	203.847	203.059	201.739	200.023	198.524	197.427
0.5705	0.10472	227.108	226.331	224.989	223.283	221.673	220.354
0.5705	0.20944	252.218	251.719	250.017	248.125	246.441	245.156
0.5705	0.314159	279.145	278.622	276.693	274.546	272.623	271.154
0.5705	0.418879	307.252	306.02	304.135	301.794	299.766	298.147
0.5705	0.523599	335.056	334.158	331.961	329.419	327.16	325.45
0.5705	0.628319	363.053	362.424	359.844	357.047	354.541	352.556
0.5705	0.733038	390.57	389.395	386.718	383.562	380.875	379.019
0.5705	0.837758	416.573	415.008	412.134	408.82	405.927	404.201
0.5705	0.942478	439.693	438.441	435.436	432.052	429.05	427.449
0.5705	1.0472	460.19	459.159	455.918	451.999	449.168	447.662
0.5705	1.15192	477.55	476.451	472.848	468.847	466.166	464.738
0.5705	1.25664	491.242	489.82	486.173	482.122	479.559	478.193
0.5705	1.36136	500.837	499.184	495.515	491.438	488.961	487.641
0.5705	1.46608	506.006	504.257	500.596	496.526	494.106	492.815
0.5705	1.5708	506.089	504.351	500.792	496.824	494.429	493.152
0.5705	1.67552	501.623	499.982	496.499	492.602	490.199	488.918
0.5705	1.78024	492.757	491.324	487.951	484.161	481.719	480.418
0.5705	1.88496	479.783	478.657	475.422	471.766	469.256	467.918
0.5705	1.98968	463.115	462.332	459.301	455.797	453.188	451.798
0.5705	2.0944	443.063	442.117	439.448	436.473	433.834	432.367
0.5705	2.19911	420.23	419.089	416.728	413.993	411.607	410.053
0.5705	2.30383	395.439	394.117	392.054	389.553	387.425	385.767
0.5705	2.40855	368.439	367.867	365.858	363.613	361.625	360.124
0.5705	2.51327	340.821	340.32	338.543	336.614	334.928	333.666
0.5705	2.61799	313.239	312.506	311.154	309.5	307.95	306.701
0.5705	2.72271	286.123	285.27	284.055	282.436	281.073	280.133
0.5705	2.82743	259.103	258.914	257.499	256.205	255.123	254.058
0.5705	2.93215	233.712	233.346	232.415	231.319	230.117	229.328
0.5705	3.03687	210.324	209.72	209.003	207.772	206.837	206.049
0.5705	3.14159	188.67	188.312	187.238	186.29	185.444	184.655
0.579	-3.14159	247.336	246.977	245.035	242.97	241.062	239.565
0.579	-3.03687	228.36	227.765	226.135	224.183	222.382	220.998
0.579	-2.93215	211.939	211.052	209.619	207.705	205.955	204.419
0.579	-2.82743	197.703	196.846	195.397	193.41	191.582	190.115
0.579	-2.72271	185.314	185.068	183.182	181.263	179.47	178.043
0.579	-2.61799	175.287	174.886	173.192	171.285	169.487	168.067
0.579	-2.51327	167.238	166.633	165.056	163.101	161.255	159.806
0.579	-2.40855	161.133	160.304	158.764	156.721	154.799	153.26
0.579	-2.30383	156.709	155.643	154.081	151.919	149.901	148.248
0.579	-2.19911	153.402	152.383	150.756	148.458	146.333	144.575
0.579	-2.0944	150.995	150.26	148.459	146.1	143.865	142.015
0.579	-1.98968	149.542	149.02	146.983	144.597	142.282	140.352
0.579	-1.88496	148.811	148.442	146.206	143.762	141.392	139.398
0.579	-1.78024	148.355	147.953	145.657	143.118	140.607	138.568
0.579	-1.67552	148.044	147.603	145.297	142.712	140.144	138.072
0.579	-1.5708	148.029	147.57	145.247	142.632	140.02	137.935
0.579	-1.46608	148.29	147.837	145.495	142.866	140.225	138.145
0.579	-1.36136	148.873	148.45	146.084	143.435	140.8	138.738
0.579	-1.25664	149.887	149.416	147.113	144.403	141.724	139.608
0.579	-1.15192	151.217	150.522	148.373	145.498	142.867	140.781
0.579	-1.0472	153.18	152.257	150.185	147.387	144.817	142.771
0.579	-0.942478	156.229	155.012	152.996	150.295	147.793	145.789
0.579	-0.837758	160.244	159.057	157.076	154.469	152.033	150.069
0.579	-0.733038	165.624	164.677	162.691	160.164	157.783	155.85
0.579	-0.628319	172.864	172.15	170.103	167.628	165.284	163.364
0.579	-0.523599	182.23	181.733	179.551	177.091	174.736	172.692
0.579	-0.418879	193.954	193.326	191.218	188.457	185.962	184.033
0.579	-0.314159	208.103	206.782	204.673	201.942	199.455	197.501
0.579	-0.20944	223.833	222.781	220.575	217.849	215.328	213.302
0.579	-0.10472	242.116	241.382	238.974	236.188	233.584	231.446
0.579	1.11022e-16	262.989	262.267	259.753	256.602	253.848	251.742
0.579	0.10472	286.295	284.797	282.205	279.025	276.173	273.918
0.579	0.20944	310.608	309.401	306.622	303.345	300.3	297.902
0.579	0.314159	336.586	335.727	332.656	328.829	325.562	323.068
0.579	0.418879	363.9	362.558	359.207	355.296	351.876	349.174
0.579	0.523599	391.535	389.755	386.38	382.27	378.452	375.811
0.579	0.628319	418.316	416.919	413.315	408.747	404.891	402.425
0.579	0.733038	444.608	443.37	439.09	434.369	430.366	428.076
0.579	0.837758	469.727	467.891	463.542	458.606	454.548	452.398
0.579	0.942478	492.932	490.572	486.116	480.66	476.838	474.81
0.579	1.0472	512.825	510.772	506.048	500.262	496.64	494.717
0.579	1.15192	529.713	527.903	522.669	516.866	513.409	511.574
0.579	1.25664	542.887	541.268	535.787	530.001	526.676	524.909
0.579	1.36136	551.763	549.961	544.505	538.774	535.554	533.842
0.579	1.46608	556.404	554.506	549.085	543.372	540.211	538.53
0.579	1.5708	556.664	554.764	549.395	543.727	540.59	538.923
0.579	1.67552	552.543	550.737	545.439	539.841	536.695	535.023
0.579	1.78024	544.15	542.565	537.352	531.848	528.659	526.965
0.579	1.88496	531.317	529.76	524.924	519.563	516.287	514.546
0.579	1.98968	514.954	513.238	508.97	503.718	500.328	498.527
0.579	2.0944	495.566	493.634	489.688	484.878	481.337	479.458
0.579	2.19911	473.394	471.522	467.782	463.551	459.845	457.87
0.579	2.30383	448.768	447.521	443.961	439.904	436.426	434.336
0.579	2.40855	422.882	421.927	418.792	414.934	411.673	409.451
0.579	2.51327	396.39	395.117	392.323	389.064	386.127	383.781
0.579	2.61799	369.518	368.089	365.556	362.486	359.779	357.695
0.579	2.72271	342.282	341.654	339.234	336.363	333.85	331.898
0.579	2.82743	316.214	315.499	313.321	310.81	308.511	306.697
0.579	2.93215	291.764	290.735	288.862	286.516	284.401	282.796
0.579	3.03687	268.775	267.886	266.209	263.954	261.898	260.231
0.579	3.14159	247.336	246.977	245.035	242.97	241.062	239.565
