#x	y	stats	nuenorm1_corr	nuenorm2_corr	nuenorm3_corr	nuenorm4_corr	nuenorm5_corr
0.0178175	0.002464	130.156	113.485	92.1483	78.4707	71.2803	66.9009
0.0178175	0.0024715	114.402	97.7816	77.0838	63.7056	56.4976	52.4676
0.0178175	0.002479	101.454	85.0123	64.3009	51.6774	44.6013	40.6462
0.0178175	0.0024865	90.5554	74.9715	54.497	42.4763	35.3854	31.4218
0.0178175	0.002494	82.492	67.7228	47.2315	35.8214	28.9115	24.9984
0.0178175	0.0025015	77.0333	63.0657	42.698	31.3589	25.051	21.1616
0.0178175	0.002509	74.3639	60.3856	40.7396	29.3917	23.4539	19.7532
0.0178175	0.0025165	74.2555	60.2715	41.2914	29.8548	23.8694	20.5253
0.0178175	0.002524	76.7816	62.6956	44.3825	32.7771	26.7013	23.2836
0.0178175	0.0025315	82.0631	67.7738	50.0524	38.2784	32.0688	28.6051
0.0178175	0.002539	89.8861	75.6065	57.5212	46.5595	40.1756	36.6113
0.0178175	0.0025465	100.525	85.9494	67.8413	57.3785	51.0057	47.4496
0.0178175	0.002554	113.8	99.2394	80.6994	70.3819	64.6832	61.0035
0.0184709	0.002464	103.948	92.5833	77.5402	68.19	63.2918	60.0442
0.0184709	0.0024715	88.282	77.165	62.8345	53.4579	48.573	45.6724
0.0184709	0.002479	75.5647	64.4236	50.6674	41.5952	36.8178	34.1058
0.0184709	0.0024865	65.566	54.5886	40.8974	32.4233	27.6339	24.9722
0.0184709	0.002494	58.1827	47.3663	33.7917	25.9824	21.2653	18.6442
0.0184709	0.0025015	52.879	42.838	29.3652	21.9548	17.4809	14.8789
0.0184709	0.002509	50.2696	40.9476	27.4623	20.0449	16.1239	13.5196
0.0184709	0.0025165	50.1938	41.2835	28.019	20.5301	16.6467	14.3858
0.0184709	0.002524	52.688	43.6949	31.0641	23.4389	19.4834	17.2391
0.0184709	0.0025315	57.8435	48.6852	36.7168	28.8899	24.8276	22.5747
0.0184709	0.002539	65.7005	56.3758	44.7922	37.0849	32.8805	30.5477
0.0184709	0.0025465	76.1206	66.7292	54.9701	47.9144	43.7214	41.3951
0.0184709	0.002554	89.4288	79.8248	67.8535	61.2889	57.3074	54.8827
0.0191243	0.002464	83.047	76.1223	65.916	60.0056	56.6228	54.5039
0.0191243	0.0024715	67.7077	60.8783	51.2374	45.3065	42.244	40.1598
0.0191243	0.002479	55.0131	48.2661	39.3708	33.5999	30.537	28.8214
0.0191243	0.0024865	45.2479	38.5572	30.2453	24.457	21.4694	19.8182
0.0191243	0.002494	38.0667	31.4344	23.3078	18.1312	15.2001	13.5803
0.0191243	0.0025015	33.5993	27.0311	18.984	14.3929	11.4882	9.88321
0.0191243	0.002509	31.7631	25.1923	17.1356	12.757	10.1784	8.57165
0.0191243	0.0025165	31.7196	25.8544	17.6991	13.2659	10.9875	9.46472
0.0191243	0.002524	34.1829	29.0469	20.7033	16.1655	13.8141	12.4785
0.0191243	0.0025315	39.2155	34.0408	26.2662	21.573	19.1589	17.8275
0.0191243	0.002539	46.9398	41.5748	34.5691	29.6883	27.1658	25.7739
0.0191243	0.0025465	57.3129	51.9388	45.0648	40.5307	38.0168	36.6298
0.0191243	0.002554	70.4281	64.8245	57.9726	54.1696	51.5215	50.0596
0.0197777	0.002464	67.4313	63.1765	57.0629	53.7271	51.4268	50.1085
0.0197777	0.0024715	52.2339	48.5526	42.4116	39.0915	37.1345	35.8719
0.0197777	0.002479	39.74	36.2824	30.7331	27.4288	25.7205	24.5603
0.0197777	0.0024865	30.0729	26.5996	21.6318	18.4181	16.7738	15.8698
0.0197777	0.002494	23.0441	19.67	15.3351	12.2012	10.5982	9.71711
0.0197777	0.0025015	18.7155	15.3879	11.3413	8.5391	6.95544	6.08506
0.0197777	0.002509	16.9327	13.5996	9.54627	7.27771	5.69173	4.82006
0.0197777	0.0025165	17.6329	14.2424	10.1185	7.90337	6.65614	5.74345
0.0197777	0.002524	20.8462	17.3455	13.0865	10.7976	9.58564	8.91163
0.0197777	0.0025315	25.9078	23.0283	18.5672	16.168	14.9447	14.2736
0.0197777	0.002539	33.4222	30.9644	26.7601	24.2125	22.9126	22.1992
0.0197777	0.0025465	43.7421	41.107	37.6027	35.067	33.7732	33.0356
0.0197777	0.002554	56.6461	54.0233	50.8043	48.5951	47.2058	46.4429
0.0204311	0.002464	55.8543	53.5638	50.7872	48.7648	47.5243	46.8438
0.0204311	0.0024715	41.2639	38.9584	36.1634	34.5388	33.3694	32.728
0.0204311	0.002479	29.4973	27.3119	24.5438	23.0391	22.0882	21.4428
0.0204311	0.0024865	19.8507	18.2503	15.5866	14.164	13.4422	12.9619
0.0204311	0.002494	13.0474	11.8358	9.41995	8.05012	7.35246	6.955
0.0204311	0.0025015	8.85464	7.67133	5.80601	4.46079	3.77861	3.4056
0.0204311	0.002509	7.11921	5.93264	4.50038	3.24344	2.55978	2.18596
0.0204311	0.0025165	7.77892	6.55754	5.08302	4.27493	3.54302	3.14268
0.0204311	0.002524	10.8643	9.5755	8.01912	7.16217	6.70757	6.4365
0.0204311	0.0025315	16.4959	15.1051	13.4248	12.5317	12.0802	11.8338
0.0204311	0.002539	24.8191	23.3473	21.4975	20.5135	20.0156	19.7438
0.0204311	0.0025465	35.005	34.1923	32.356	31.3793	30.8463	30.5414
0.0204311	0.002554	47.9443	47.1252	45.8993	44.807	44.2539	43.9518
0.0210845	0.002464	48.2927	47.5966	46.3566	45.4042	44.9224	44.6594
0.0210845	0.0024715	33.7138	33.0793	32.2019	31.3346	30.8963	30.657
0.0210845	0.002479	22.1403	21.4969	20.7225	20.082	19.6393	19.3977
0.0210845	0.0024865	13.206	12.6283	11.9332	11.5663	11.2274	11.0033
0.0210845	0.002494	7.07218	6.5357	5.88091	5.50914	5.32208	5.22026
0.0210845	0.0025015	3.49824	2.98076	2.3585	2.0155	1.84254	1.74843
0.0210845	0.002509	2.09839	1.81045	1.18553	0.855825	0.690011	0.599789
0.0210845	0.0025165	2.71861	2.58079	2.26219	1.8853	1.69564	1.59241
0.0210845	0.002524	5.67881	5.51741	5.27877	5.15095	5.00465	4.88846
0.0210845	0.0025315	11.0994	10.9001	10.6611	10.5355	10.4726	10.4285
0.0210845	0.002539	19.1836	18.9286	18.6227	18.4619	18.3812	18.3373
0.0210845	0.0025465	30.0471	29.7967	29.4756	29.2653	29.1597	29.1023
0.0210845	0.002554	43.599	43.2728	42.8812	42.6751	42.5716	42.5154
0.0217379	0.002464	44.3533	44.0937	43.7823	43.6186	43.5364	43.4353
0.0217379	0.0024715	30.2788	30.0729	29.8259	29.6962	29.6312	29.5958
0.0217379	0.002479	19.0619	18.8508	18.5977	18.4647	18.398	18.3617
0.0217379	0.0024865	10.5141	10.4507	10.2424	10.1331	10.0783	10.0485
0.0217379	0.002494	4.48554	4.48354	4.48114	4.44995	4.39381	4.36332
0.0217379	0.0025015	1.0757	1.07546	1.07518	1.07504	1.07496	1.07492
0.0217379	0.002509	0	0	0	0	0	0
0.0217379	0.0025165	1.03898	1.03648	1.03349	1.03193	1.03115	1.03073
0.0217379	0.002524	4.36269	4.35334	4.34216	4.33633	4.33341	4.33183
0.0217379	0.0025315	10.1603	10.1121	10.0547	10.0248	10.0099	10.0019
0.0217379	0.002539	18.0838	18.0332	17.9729	17.9416	17.926	17.9176
0.0217379	0.0025465	28.7315	28.7083	28.6808	28.6664	28.6593	28.6554
0.0217379	0.002554	42.1526	42.1277	42.098	42.0826	42.0749	42.0707
0.0223914	0.002464	43.1522	43.1154	43.0714	43.0484	43.0368	43.0306
0.0223914	0.0024715	29.3729	29.3546	29.3326	29.3212	29.3155	29.3123
0.0223914	0.002479	18.251	18.2311	18.2072	18.1948	18.1886	18.1852
0.0223914	0.0024865	10.0735	10.0639	10.0524	10.0464	10.0434	10.0418
0.0223914	0.002494	4.5016	4.49098	4.46578	4.4155	4.39048	4.37696
0.0223914	0.0025015	1.56239	1.55703	1.45934	1.39803	1.36756	1.33621
0.0223914	0.002509	0.912324	0.862934	0.732836	0.572483	0.416286	0.332083
0.0223914	0.0025165	2.16799	2.08962	1.88393	1.6109	1.47568	1.40277
0.0223914	0.002524	5.68905	5.58457	5.12749	4.89145	4.77449	4.70397
0.0223914	0.0025315	11.6089	11.296	10.9247	10.7327	10.6322	10.458
0.0223914	0.002539	20.0527	19.8182	19.3991	18.848	18.5759	18.4294
0.0223914	0.0025465	31.1622	30.8858	29.9722	29.5023	29.2701	29.1405
0.0223914	0.002554	45.0427	44.3258	43.4001	42.9241	42.6888	42.5622
0.0230448	0.002464	43.9586	43.9483	43.8189	43.6647	43.5882	43.5469
0.0230448	0.0024715	30.0956	30.0867	30.0761	29.9816	29.9072	29.8671
0.0230448	0.002479	18.9383	18.915	18.8872	18.8727	18.8508	18.8007
0.0230448	0.0024865	10.6484	10.627	10.6016	10.5883	10.5817	10.5782
0.0230448	0.002494	5.03644	4.99986	4.95628	4.93362	4.92234	4.91624
0.0230448	0.0025015	1.99885	1.96694	1.92877	1.90881	1.89884	1.89343
0.0230448	0.002509	1.02917	1.00263	0.970901	0.954308	0.946015	0.941519
0.0230448	0.0025165	2.01897	1.97299	1.91798	1.88919	1.87479	1.86698
0.0230448	0.002524	5.24659	5.17768	5.0952	5.052	5.03039	5.01867
0.0230448	0.0025315	11.0791	10.9735	10.8471	10.7808	10.7476	10.6992
0.0230448	0.002539	19.5947	19.4927	19.1892	18.8604	18.6951	18.6051
0.0230448	0.0025465	30.8781	30.6182	29.8577	29.456	29.2539	29.1438
0.0230448	0.002554	44.6484	44.0262	43.2774	42.882	42.683	42.5746
0.0236982	0.002464	47.1242	46.514	45.7914	45.4192	45.1659	44.9391
0.0236982	0.0024715	32.9659	32.6376	31.9281	31.5626	31.3818	31.2764
0.0236982	0.002479	21.6271	21.4488	20.8924	20.4695	20.2605	20.1478
0.0236982	0.0024865	12.903	12.7302	12.5249	12.1837	11.9779	11.867
0.0236982	0.002494	7.07698	6.86419	6.61138	6.4805	6.37462	6.25139
0.0236982	0.0025015	3.86661	3.62469	3.33735	3.18866	3.11488	3.07505
0.0236982	0.002509	3.0038	2.74593	2.43971	2.28129	2.2027	2.16028
0.0236982	0.0025165	3.77686	3.56923	3.32253	3.1948	3.1314	3.09716
0.0236982	0.002524	6.64057	6.60133	6.40439	6.30235	6.25167	6.22429
0.0236982	0.0025315	11.7508	11.7462	11.7408	11.7379	11.7365	11.7357
0.0236982	0.002539	19.6049	19.6011	19.5965	19.5941	19.5929	19.5922
0.0236982	0.0025465	30.1251	30.106	30.0833	30.0714	30.0654	30.0622
0.0236982	0.002554	43.4966	43.4792	43.4584	43.4476	43.4422	43.4392
0.0243516	0.002464	52.2084	51.1539	49.4324	48.1569	47.5305	47.1669
0.0243516	0.0024715	37.9017	36.8408	35.566	34.3027	33.6823	33.3493
0.0243516	0.002479	26.5715	25.527	24.2865	23.3072	22.636	22.2759
0.0243516	0.0024865	18.1166	16.9433	15.5582	14.8481	14.3542	13.9972
0.0243516	0.002494	12.2252	11.1946	9.74396	8.97291	8.59295	8.38864
0.0243516	0.0025015	8.51262	8.02115	6.53424	5.721	5.32039	5.10502
0.0243516	0.002509	7.34693	6.77927	5.68999	4.85528	4.44415	4.22315
0.0243516	0.0025165	7.66397	7.17503	6.51742	5.75393	5.37767	5.17535
0.0243516	0.002524	9.91676	9.55188	9.04762	8.78734	8.46547	8.28009
0.0243516	0.0025315	14.7717	14.4257	14.0152	13.8031	13.6979	13.6412
0.0243516	0.002539	22.3467	22.0865	21.7775	21.6129	21.5058	21.448
0.0243516	0.0025465	32.7281	32.4607	32.1433	31.9791	31.8976	31.8537
0.0243516	0.002554	46.0157	45.7982	45.4731	45.3049	45.2215	45.1765
0.025005	0.002464	60.3631	57.7403	54.5105	52.0716	50.7633	50.064
0.025005	0.0024715	46.3997	43.5723	40.2023	38.2195	36.9196	36.2248
0.025005	0.002479	34.3946	32.2322	28.8936	27.1984	25.9429	25.2098
0.025005	0.0024865	25.3753	23.7943	20.2873	18.4683	17.5778	16.9326
0.025005	0.002494	19.0732	17.3619	14.5397	12.6508	11.7136	11.2117
0.025005	0.0025015	15.5847	13.7451	11.3579	9.43518	8.46612	7.94722
0.025005	0.002509	14.5825	12.653	10.3546	8.58653	7.60136	7.07389
0.025005	0.0025165	14.6008	12.9063	10.8075	9.49573	8.56424	8.06535
0.025005	0.002524	16.5416	15.0146	13.1704	12.1429	11.6221	11.1496
0.025005	0.0025315	21.171	19.8308	18.0121	17.0821	16.6244	16.3784
0.025005	0.002539	28.5619	27.2087	25.6126	24.7955	24.3832	24.1351
0.025005	0.0025465	38.6341	37.5488	35.9336	35.1067	34.6994	34.4805
0.025005	0.002554	50.9475	50.5294	49.2049	48.3816	47.9701	47.7488
0.0256584	0.002464	70.8218	66.7935	60.7236	57.0985	54.8886	53.712
0.0256584	0.0024715	56.1704	52.8271	46.4247	43.17	41.0491	39.8781
0.0256584	0.002479	44.442	40.8095	35.1021	31.8689	30.137	28.9173
0.0256584	0.0024865	35.3743	31.7753	26.6167	23.2144	21.5603	20.6411
0.0256584	0.002494	29.2936	25.5236	20.8516	17.4497	15.733	14.8171
0.0256584	0.0025015	25.8544	22.041	17.3383	14.2383	12.5077	11.5694
0.0256584	0.002509	25.13	21.0676	16.1896	13.4334	11.6527	10.703
0.0256584	0.0025165	24.7792	21.1624	16.6386	14.2519	12.6466	11.7347
0.0256584	0.002524	26.4632	23.0527	18.8802	16.642	15.5323	14.8002
0.0256584	0.0025315	30.4785	27.5999	23.6358	21.5095	20.4702	19.9139
0.0256584	0.002539	36.9795	34.9402	31.0827	29.1279	28.1715	27.6201
0.0256584	0.0025465	46.264	44.5432	41.358	39.3883	38.4248	37.9089
0.0256584	0.002554	58.2936	56.6439	54.4362	52.6117	51.6418	51.1224
