#
-3.14159
-3.03687
-2.93215
-2.82743
-2.72271
-2.61799
-2.51327
-2.40855
-2.30383
-2.19911
-2.0944
-1.98968
-1.88496
-1.78024
-1.67552
-1.5708
-1.46608
-1.36136
-1.25664
-1.15192
-1.0472
-0.942478
-0.837758
-0.733038
-0.628319
-0.523599
-0.418879
-0.314159
-0.20944
-0.10472
0
0.10472
0.20944
0.314159
0.418879
0.523599
0.628319
0.733038
0.837758
0.942478
1.0472
1.15192
1.25664
1.36136
1.46608
1.5708
1.67552
1.78024
1.88496
1.98968
2.0944
2.19911
2.30383
2.40855
2.51327
2.61799
2.72271
2.82743
2.93215
3.03687
3.14159
