#x	y	nuenorm5_anti
0.0178175	-3.14159	107.494
0.0178175	-3.03687	100.404
0.0178175	-2.93215	94.3431
0.0178175	-2.82743	89.2764
0.0178175	-2.72271	85.1492
0.0178175	-2.61799	81.7253
0.0178175	-2.51327	78.9784
0.0178175	-2.40855	76.8937
0.0178175	-2.30383	75.3796
0.0178175	-2.19911	74.3431
0.0178175	-2.0944	73.6921
0.0178175	-1.98968	73.3395
0.0178175	-1.88496	73.2072
0.0178175	-1.78024	72.8638
0.0178175	-1.67552	72.4857
0.0178175	-1.5708	72.1766
0.0178175	-1.46608	71.9343
0.0178175	-1.36136	71.7789
0.0178175	-1.25664	71.7528
0.0178175	-1.15192	71.5314
0.0178175	-1.0472	71.5096
0.0178175	-0.942478	71.8836
0.0178175	-0.837758	72.7636
0.0178175	-0.733038	74.2645
0.0178175	-0.628319	76.5011
0.0178175	-0.523599	79.5831
0.0178175	-0.418879	83.6101
0.0178175	-0.314159	88.5361
0.0178175	-0.20944	94.5303
0.0178175	-0.10472	101.706
0.0178175	1.11022e-16	110.073
0.0178175	0.10472	119.603
0.0178175	0.20944	130.228
0.0178175	0.314159	141.831
0.0178175	0.418879	154.245
0.0178175	0.523599	167.164
0.0178175	0.628319	180.216
0.0178175	0.733038	193.213
0.0178175	0.837758	205.803
0.0178175	0.942478	217.611
0.0178175	1.0472	228.259
0.0178175	1.15192	237.385
0.0178175	1.25664	244.669
0.0178175	1.36136	249.3
0.0178175	1.46608	251.625
0.0178175	1.5708	251.577
0.0178175	1.67552	249.175
0.0178175	1.78024	244.535
0.0178175	1.88496	237.48
0.0178175	1.98968	228.53
0.0178175	2.0944	218.178
0.0178175	2.19911	206.785
0.0178175	2.30383	194.717
0.0178175	2.40855	182.327
0.0178175	2.51327	169.937
0.0178175	2.61799	157.745
0.0178175	2.72271	145.96
0.0178175	2.82743	134.93
0.0178175	2.93215	124.79
0.0178175	3.03687	115.628
0.0178175	3.14159	107.494
0.0184709	-3.14159	81.9648
0.0184709	-3.03687	75.5718
0.0184709	-2.93215	70.0909
0.0184709	-2.82743	65.4902
0.0184709	-2.72271	61.723
0.0184709	-2.61799	58.512
0.0184709	-2.51327	55.9505
0.0184709	-2.40855	53.9828
0.0184709	-2.30383	52.5326
0.0184709	-2.19911	51.5216
0.0184709	-2.0944	50.8721
0.0184709	-1.98968	50.5098
0.0184709	-1.88496	50.3678
0.0184709	-1.78024	49.9962
0.0184709	-1.67552	49.636
0.0184709	-1.5708	49.3635
0.0184709	-1.46608	49.1765
0.0184709	-1.36136	49.0926
0.0184709	-1.25664	49.1486
0.0184709	-1.15192	49.0067
0.0184709	-1.0472	49.0647
0.0184709	-0.942478	49.4968
0.0184709	-0.837758	50.3986
0.0184709	-0.733038	51.8697
0.0184709	-0.628319	54.0091
0.0184709	-0.523599	56.9108
0.0184709	-0.418879	60.66
0.0184709	-0.314159	65.2222
0.0184709	-0.20944	70.7119
0.0184709	-0.10472	77.2566
0.0184709	1.11022e-16	84.8635
0.0184709	0.10472	93.5081
0.0184709	0.20944	103.129
0.0184709	0.314159	113.622
0.0184709	0.418879	124.84
0.0184709	0.523599	136.473
0.0184709	0.628319	148.236
0.0184709	0.733038	159.946
0.0184709	0.837758	171.285
0.0184709	0.942478	181.916
0.0184709	1.0472	191.495
0.0184709	1.15192	199.697
0.0184709	1.25664	206.232
0.0184709	1.36136	210.335
0.0184709	1.46608	212.339
0.0184709	1.5708	212.198
0.0184709	1.67552	209.935
0.0184709	1.78024	205.659
0.0184709	1.88496	199.235
0.0184709	1.98968	191.053
0.0184709	2.0944	181.63
0.0184709	2.19911	171.294
0.0184709	2.30383	160.377
0.0184709	2.40855	149.196
0.0184709	2.51327	138.04
0.0184709	2.61799	127.144
0.0184709	2.72271	116.542
0.0184709	2.82743	106.629
0.0184709	2.93215	97.5178
0.0184709	3.03687	89.2835
0.0184709	3.14159	81.9648
0.0191243	-3.14159	61.5984
0.0191243	-3.03687	55.8324
0.0191243	-2.93215	50.8646
0.0191243	-2.82743	46.6677
0.0191243	-2.72271	43.1662
0.0191243	-2.61799	40.1541
0.0191243	-2.51327	37.7304
0.0191243	-2.40855	35.8376
0.0191243	-2.30383	34.4145
0.0191243	-2.19911	33.3975
0.0191243	-2.0944	32.7229
0.0191243	-1.98968	32.3294
0.0191243	-1.88496	32.1611
0.0191243	-1.78024	31.7502
0.0191243	-1.67552	31.401
0.0191243	-1.5708	31.1627
0.0191243	-1.46608	31.0335
0.0191243	-1.36136	31.0283
0.0191243	-1.25664	31.1784
0.0191243	-1.15192	31.1331
0.0191243	-1.0472	31.2929
0.0191243	-0.942478	31.8103
0.0191243	-0.837758	32.7668
0.0191243	-0.733038	34.2462
0.0191243	-0.628319	36.3319
0.0191243	-0.523599	39.1023
0.0191243	-0.418879	42.6282
0.0191243	-0.314159	46.8851
0.0191243	-0.20944	51.9345
0.0191243	-0.10472	57.9168
0.0191243	1.11022e-16	64.8363
0.0191243	0.10472	72.6702
0.0191243	0.20944	81.364
0.0191243	0.314159	90.8269
0.0191243	0.418879	100.928
0.0191243	0.523599	111.353
0.0191243	0.628319	121.904
0.0191243	0.733038	132.399
0.0191243	0.837758	142.554
0.0191243	0.942478	152.068
0.0191243	1.0472	160.633
0.0191243	1.15192	167.958
0.0191243	1.25664	173.781
0.0191243	1.36136	177.38
0.0191243	1.46608	179.077
0.0191243	1.5708	178.848
0.0191243	1.67552	176.717
0.0191243	1.78024	172.786
0.0191243	1.88496	166.962
0.0191243	1.98968	159.509
0.0191243	2.0944	150.966
0.0191243	2.19911	141.632
0.0191243	2.30383	131.803
0.0191243	2.40855	121.763
0.0191243	2.51327	111.766
0.0191243	2.61799	102.031
0.0191243	2.72271	92.5928
0.0191243	2.82743	83.7175
0.0191243	2.93215	75.5587
0.0191243	3.03687	68.1757
0.0191243	3.14159	61.5984
0.0197777	-3.14159	46.1263
0.0197777	-3.03687	40.9202
0.0197777	-2.93215	36.4022
0.0197777	-2.82743	32.5501
0.0197777	-2.72271	29.2453
0.0197777	-2.61799	26.3986
0.0197777	-2.51327	24.0681
0.0197777	-2.40855	22.2108
0.0197777	-2.30383	20.7801
0.0197777	-2.19911	19.7273
0.0197777	-2.0944	19.0029
0.0197777	-1.98968	18.5583
0.0197777	-1.88496	18.3483
0.0197777	-1.78024	17.8878
0.0197777	-1.67552	17.5429
0.0197777	-1.5708	17.3366
0.0197777	-1.46608	17.2675
0.0197777	-1.36136	17.3477
0.0197777	-1.25664	17.6032
0.0197777	-1.15192	17.6702
0.0197777	-1.0472	17.9525
0.0197777	-0.942478	18.5809
0.0197777	-0.837758	19.6225
0.0197777	-0.733038	21.146
0.0197777	-0.628319	23.219
0.0197777	-0.523599	25.9044
0.0197777	-0.418879	29.2583
0.0197777	-0.314159	33.2656
0.0197777	-0.20944	37.9356
0.0197777	-0.10472	43.4206
0.0197777	1.11022e-16	49.7216
0.0197777	0.10472	56.8168
0.0197777	0.20944	64.6579
0.0197777	0.314159	73.1655
0.0197777	0.418879	82.2255
0.0197777	0.523599	91.5189
0.0197777	0.628319	100.93
0.0197777	0.733038	110.279
0.0197777	0.837758	119.316
0.0197777	0.942478	127.773
0.0197777	1.0472	135.376
0.0197777	1.15192	141.867
0.0197777	1.25664	147.012
0.0197777	1.36136	150.132
0.0197777	1.46608	151.538
0.0197777	1.5708	151.224
0.0197777	1.67552	149.217
0.0197777	1.78024	145.613
0.0197777	1.88496	140.359
0.0197777	1.98968	133.597
0.0197777	2.0944	125.889
0.0197777	2.19911	117.502
0.0197777	2.30383	108.701
0.0197777	2.40855	99.7358
0.0197777	2.51327	90.8291
0.0197777	2.61799	82.1678
0.0197777	2.72271	73.8297
0.0197777	2.82743	65.9178
0.0197777	2.93215	58.6368
0.0197777	3.03687	52.0325
0.0197777	3.14159	46.1263
0.0204311	-3.14159	35.3002
0.0204311	-3.03687	30.5901
0.0204311	-2.93215	26.4619
0.0204311	-2.82743	22.8985
0.0204311	-2.72271	19.7406
0.0204311	-2.61799	17.0124
0.0204311	-2.51327	14.7331
0.0204311	-2.40855	12.8739
0.0204311	-2.30383	11.4031
0.0204311	-2.19911	10.287
0.0204311	-2.0944	9.48962
0.0204311	-1.98968	8.97509
0.0204311	-1.88496	8.70897
0.0204311	-1.78024	8.18936
0.0204311	-1.67552	7.84273
0.0204311	-1.5708	7.66638
0.0204311	-1.46608	7.6593
0.0204311	-1.36136	7.83122
0.0204311	-1.25664	8.20257
0.0204311	-1.15192	8.39683
0.0204311	-1.0472	8.82071
0.0204311	-0.942478	9.58392
0.0204311	-0.837758	10.7394
0.0204311	-0.733038	12.3407
0.0204311	-0.628319	14.4395
0.0204311	-0.523599	17.0835
0.0204311	-0.418879	20.314
0.0204311	-0.314159	24.1243
0.0204311	-0.20944	28.4728
0.0204311	-0.10472	33.5225
0.0204311	1.11022e-16	39.2706
0.0204311	0.10472	45.6959
0.0204311	0.20944	52.7553
0.0204311	0.314159	60.3799
0.0204311	0.418879	68.4714
0.0204311	0.523599	76.7058
0.0204311	0.628319	85.0475
0.0204311	0.733038	93.3179
0.0204311	0.837758	101.299
0.0204311	0.942478	108.755
0.0204311	1.0472	115.447
0.0204311	1.15192	121.146
0.0204311	1.25664	125.647
0.0204311	1.36136	128.311
0.0204311	1.46608	129.439
0.0204311	1.5708	129.044
0.0204311	1.67552	127.154
0.0204311	1.78024	123.861
0.0204311	1.88496	119.147
0.0204311	1.98968	113.041
0.0204311	2.0944	106.123
0.0204311	2.19911	98.6302
0.0204311	2.30383	90.7986
0.0204311	2.40855	82.8453
0.0204311	2.51327	74.9612
0.0204311	2.61799	67.3042
0.0204311	2.72271	59.992
0.0204311	2.82743	52.9718
0.0204311	2.93215	46.4975
0.0204311	3.03687	40.6024
0.0204311	3.14159	35.3002
0.0210845	-3.14159	28.8905
0.0210845	-3.03687	24.6157
0.0210845	-2.93215	20.8199
0.0210845	-2.82743	17.4867
0.0210845	-2.72271	14.4341
0.0210845	-2.61799	11.7802
0.0210845	-2.51327	9.51237
0.0210845	-2.40855	7.61619
0.0210845	-2.30383	6.07499
0.0210845	-2.19911	4.86937
0.0210845	-2.0944	3.97738
0.0210845	-1.98968	3.37547
0.0210845	-1.88496	3.01991
0.0210845	-1.78024	2.45225
0.0210845	-1.67552	2.09812
0.0210845	-1.5708	1.94984
0.0210845	-1.46608	2.00677
0.0210845	-1.36136	2.27615
0.0210845	-1.25664	2.7731
0.0210845	-1.15192	3.10842
0.0210845	-1.0472	3.69192
0.0210845	-0.942478	4.6123
0.0210845	-0.837758	5.9085
0.0210845	-0.733038	7.61905
0.0210845	-0.628319	9.78013
0.0210845	-0.523599	12.4238
0.0210845	-0.418879	15.5769
0.0210845	-0.314159	19.24
0.0210845	-0.20944	23.3219
0.0210845	-0.10472	27.9954
0.0210845	1.11022e-16	33.2532
0.0210845	0.10472	39.0742
0.0210845	0.20944	45.4197
0.0210845	0.314159	52.2305
0.0210845	0.418879	59.4106
0.0210845	0.523599	66.6683
0.0210845	0.628319	74.0078
0.0210845	0.733038	81.2637
0.0210845	0.837758	88.2484
0.0210845	0.942478	94.7589
0.0210845	1.0472	100.588
0.0210845	1.15192	105.536
0.0210845	1.25664	109.426
0.0210845	1.36136	111.657
0.0210845	1.46608	112.52
0.0210845	1.5708	112.047
0.0210845	1.67552	110.268
0.0210845	1.78024	107.268
0.0210845	1.88496	103.067
0.0210845	1.98968	97.581
0.0210845	2.0944	91.4091
0.0210845	2.19911	84.7617
0.0210845	2.30383	77.8434
0.0210845	2.40855	70.8409
0.0210845	2.51327	63.9149
0.0210845	2.61799	57.1949
0.0210845	2.72271	50.7786
0.0210845	2.82743	44.6404
0.0210845	2.93215	38.9048
0.0210845	3.03687	33.6526
0.0210845	3.14159	28.8905
0.0217379	-3.14159	26.6843
0.0217379	-3.03687	22.7869
0.0217379	-2.93215	19.2693
0.0217379	-2.82743	16.0725
0.0217379	-2.72271	13.1241
0.0217379	-2.61799	10.5026
0.0217379	-2.51327	8.20878
0.0217379	-2.40855	6.2427
0.0217379	-2.30383	4.60241
0.0217379	-2.19911	3.28295
0.0217379	-2.0944	2.27605
0.0217379	-1.98968	1.57041
0.0217379	-1.88496	1.10543
0.0217379	-1.78024	0.488975
0.0217379	-1.67552	0.122009
0.0217379	-1.5708	0
0.0217379	-1.46608	0.122728
0.0217379	-1.36136	0.494946
0.0217379	-1.25664	1.12659
0.0217379	-1.15192	1.6159
0.0217379	-1.0472	2.37578
0.0217379	-0.942478	3.47424
0.0217379	-0.837758	4.93641
0.0217379	-0.733038	6.78589
0.0217379	-0.628319	9.0434
0.0217379	-0.523599	11.7256
0.0217379	-0.418879	14.8446
0.0217379	-0.314159	18.4071
0.0217379	-0.20944	22.2753
0.0217379	-0.10472	26.6286
0.0217379	1.11022e-16	31.4559
0.0217379	0.10472	36.7351
0.0217379	0.20944	42.4316
0.0217379	0.314159	48.495
0.0217379	0.418879	54.8167
0.0217379	0.523599	61.1785
0.0217379	0.628319	67.5802
0.0217379	0.733038	73.8834
0.0217379	0.837758	79.9299
0.0217379	0.942478	85.5476
0.0217379	1.0472	90.5598
0.0217379	1.15192	94.7963
0.0217379	1.25664	98.1061
0.0217379	1.36136	99.925
0.0217379	1.46608	100.536
0.0217379	1.5708	99.989
0.0217379	1.67552	98.3138
0.0217379	1.78024	95.591
0.0217379	1.88496	91.8759
0.0217379	1.98968	86.9766
0.0217379	2.0944	81.5097
0.0217379	2.19911	75.6591
0.0217379	2.30383	69.6001
0.0217379	2.40855	63.4899
0.0217379	2.51327	57.4598
0.0217379	2.61799	51.6125
0.0217379	2.72271	46.0216
0.0217379	2.82743	40.7019
0.0217379	2.93215	35.64
0.0217379	3.03687	30.9672
0.0217379	3.14159	26.6843
0.0223914	-3.14159	28.4839
0.0223914	-3.03687	24.9087
0.0223914	-2.93215	21.6176
0.0223914	-2.82743	18.5112
0.0223914	-2.72271	15.6233
0.0223914	-2.61799	12.9946
0.0223914	-2.51327	10.6396
0.0223914	-2.40855	8.57258
0.0223914	-2.30383	6.8063
0.0223914	-2.19911	5.35016
0.0223914	-2.0944	4.20936
0.0223914	-1.98968	3.38471
0.0223914	-1.88496	2.79938
0.0223914	-1.78024	2.12577
0.0223914	-1.67552	1.74096
0.0223914	-1.5708	1.64358
0.0223914	-1.46608	1.83373
0.0223914	-1.36136	2.31381
0.0223914	-1.25664	3.08859
0.0223914	-1.15192	3.74396
0.0223914	-1.0472	4.69591
0.0223914	-0.942478	5.99202
0.0223914	-0.837758	7.64379
0.0223914	-0.733038	9.66007
0.0223914	-0.628319	12.0462
0.0223914	-0.523599	14.8036
0.0223914	-0.418879	17.9296
0.0223914	-0.314159	21.4175
0.0223914	-0.20944	25.1402
0.0223914	-0.10472	29.2268
0.0223914	1.11022e-16	33.6803
0.0223914	0.10472	38.4774
0.0223914	0.20944	43.5869
0.0223914	0.314159	48.9665
0.0223914	0.418879	54.4945
0.0223914	0.523599	60.024
0.0223914	0.628319	65.55
0.0223914	0.733038	70.9599
0.0223914	0.837758	76.1238
0.0223914	0.942478	80.8994
0.0223914	1.0472	85.1395
0.0223914	1.15192	88.7023
0.0223914	1.25664	91.4618
0.0223914	1.36136	92.8897
0.0223914	1.46608	93.2614
0.0223914	1.5708	92.6424
0.0223914	1.67552	91.065
0.0223914	1.78024	88.6042
0.0223914	1.88496	85.3487
0.0223914	1.98968	81.0032
0.0223914	2.0944	76.2016
0.0223914	2.19911	71.1013
0.0223914	2.30383	65.8498
0.0223914	2.40855	60.5753
0.0223914	2.51327	55.3815
0.0223914	2.61799	50.345
0.0223914	2.72271	45.5166
0.0223914	2.82743	40.9246
0.0223914	2.93215	36.4996
0.0223914	3.03687	32.3458
0.0223914	3.14159	28.4839
0.0230448	-3.14159	34.1053
0.0230448	-3.03687	30.7998
0.0230448	-2.93215	27.6679
0.0230448	-2.82743	24.6267
0.0230448	-2.72271	21.7577
0.0230448	-2.61799	19.0846
0.0230448	-2.51327	16.635
0.0230448	-2.40855	14.4379
0.0230448	-2.30383	12.5204
0.0230448	-2.19911	10.9061
0.0230448	-2.0944	9.61366
0.0230448	-1.98968	8.65574
0.0230448	-1.88496	7.93988
0.0230448	-1.78024	7.20131
0.0230448	-1.67552	6.79401
0.0230448	-1.5708	6.71967
0.0230448	-1.46608	6.97878
0.0230448	-1.36136	7.57135
0.0230448	-1.25664	8.49717
0.0230448	-1.15192	9.32988
0.0230448	-1.0472	10.4885
0.0230448	-0.942478	12.0006
0.0230448	-0.837758	13.8641
0.0230448	-0.733038	16.0734
0.0230448	-0.628319	18.6185
0.0230448	-0.523599	21.4857
0.0230448	-0.418879	24.6574
0.0230448	-0.314159	28.1138
0.0230448	-0.20944	31.7373
0.0230448	-0.10472	35.608
0.0230448	1.11022e-16	39.7419
0.0230448	0.10472	44.1141
0.0230448	0.20944	48.6959
0.0230448	0.314159	53.4523
0.0230448	0.418879	58.2488
0.0230448	0.523599	63.0068
0.0230448	0.628319	67.7167
0.0230448	0.733038	72.2903
0.0230448	0.837758	76.6251
0.0230448	0.942478	80.6074
0.0230448	1.0472	84.1186
0.0230448	1.15192	87.0441
0.0230448	1.25664	89.2822
0.0230448	1.36136	90.3389
0.0230448	1.46608	90.4828
0.0230448	1.5708	89.795
0.0230448	1.67552	88.3093
0.0230448	1.78024	86.0956
0.0230448	1.88496	83.2532
0.0230448	1.98968	79.4515
0.0230448	2.0944	75.2765
0.0230448	2.19911	70.8819
0.0230448	2.30383	66.3879
0.0230448	2.40855	61.8952
0.0230448	2.51327	57.4804
0.0230448	2.61799	53.1953
0.0230448	2.72271	49.0688
0.0230448	2.82743	45.1114
0.0230448	2.93215	41.2943
0.0230448	3.03687	37.6015
0.0230448	3.14159	34.1053
0.0236982	-3.14159	43.3772
0.0236982	-3.03687	40.2916
0.0236982	-2.93215	37.2448
0.0236982	-2.82743	34.2549
0.0236982	-2.72271	31.3655
0.0236982	-2.61799	28.6126
0.0236982	-2.51327	26.0372
0.0236982	-2.40855	23.6825
0.0236982	-2.30383	21.59
0.0236982	-2.19911	19.7976
0.0236982	-2.0944	18.3368
0.0236982	-1.98968	17.2322
0.0236982	-1.88496	16.3764
0.0236982	-1.78024	15.5656
0.0236982	-1.67552	15.1314
0.0236982	-1.5708	15.0786
0.0236982	-1.46608	15.4081
0.0236982	-1.36136	16.1175
0.0236982	-1.25664	17.2017
0.0236982	-1.15192	18.2223
0.0236982	-1.0472	19.6013
0.0236982	-0.942478	21.3465
0.0236982	-0.837758	23.4426
0.0236982	-0.733038	25.8695
0.0236982	-0.628319	28.6021
0.0236982	-0.523599	31.6116
0.0236982	-0.418879	34.8659
0.0236982	-0.314159	38.3315
0.0236982	-0.20944	41.8998
0.0236982	-0.10472	45.6028
0.0236982	1.11022e-16	49.4687
0.0236982	0.10472	53.4705
0.0236982	0.20944	57.5813
0.0236982	0.314159	61.7727
0.0236982	0.418879	65.8971
0.0236982	0.523599	69.9423
0.0236982	0.628319	73.8932
0.0236982	0.733038	77.6854
0.0236982	0.837758	81.2425
0.0236982	0.942478	84.4784
0.0236982	1.0472	87.3021
0.0236982	1.15192	89.6252
0.0236982	1.25664	91.3697
0.0236982	1.36136	92.0744
0.0236982	1.46608	92.002
0.0236982	1.5708	91.248
0.0236982	1.67552	89.8482
0.0236982	1.78024	87.8672
0.0236982	1.88496	85.3932
0.0236982	1.98968	82.1255
0.0236982	2.0944	78.5401
0.0236982	2.19911	74.8082
0.0236982	2.30383	71.0237
0.0236982	2.40855	67.2605
0.0236982	2.51327	63.5697
0.0236982	2.61799	59.9791
0.0236982	2.72271	56.4967
0.0236982	2.82743	53.1158
0.0236982	2.93215	49.8214
0.0236982	3.03687	46.5607
0.0236982	3.14159	43.3772
0.0243516	-3.14159	56.1398
0.0243516	-3.03687	53.1967
0.0243516	-2.93215	50.2222
0.0243516	-2.82743	47.2427
0.0243516	-2.72271	44.2959
0.0243516	-2.61799	41.4298
0.0243516	-2.51327	38.699
0.0243516	-2.40855	36.1608
0.0243516	-2.30383	33.8711
0.0243516	-2.19911	31.8816
0.0243516	-2.0944	30.2369
0.0243516	-1.98968	28.9733
0.0243516	-1.88496	27.9686
0.0243516	-1.78024	27.0788
0.0243516	-1.67552	26.6137
0.0243516	-1.5708	26.5811
0.0243516	-1.46608	26.9823
0.0243516	-1.36136	27.8125
0.0243516	-1.25664	29.0619
0.0243516	-1.15192	30.2802
0.0243516	-1.0472	31.8924
0.0243516	-0.942478	33.8867
0.0243516	-0.837758	36.2349
0.0243516	-0.733038	38.9024
0.0243516	-0.628319	41.8495
0.0243516	-0.523599	45.0321
0.0243516	-0.418879	48.4036
0.0243516	-0.314159	51.9171
0.0243516	-0.20944	55.4721
0.0243516	-0.10472	59.0534
0.0243516	1.11022e-16	62.7005
0.0243516	0.10472	66.3837
0.0243516	0.20944	70.0777
0.0243516	0.314159	73.7599
0.0243516	0.418879	77.2692
0.0243516	0.523599	80.6576
0.0243516	0.628319	83.9045
0.0243516	0.733038	86.968
0.0243516	0.837758	89.7969
0.0243516	0.942478	92.3314
0.0243516	1.0472	94.5075
0.0243516	1.15192	96.262
0.0243516	1.25664	97.5397
0.0243516	1.36136	97.9107
0.0243516	1.46608	97.6328
0.0243516	1.5708	96.8155
0.0243516	1.67552	95.4957
0.0243516	1.78024	93.7336
0.0243516	1.88496	91.6064
0.0243516	1.98968	88.8417
0.0243516	2.0944	85.8104
0.0243516	2.19911	82.6997
0.0243516	2.30383	79.5784
0.0243516	2.40855	76.4949
0.0243516	2.51327	73.4751
0.0243516	2.61799	70.5242
0.0243516	2.72271	67.6304
0.0243516	2.82743	64.7707
0.0243516	2.93215	61.9179
0.0243516	3.03687	59.0472
0.0243516	3.14159	56.1398
0.025005	-3.14159	72.1999
0.025005	-3.03687	69.3836
0.025005	-2.93215	66.4553
0.025005	-2.82743	63.4475
0.025005	-2.72271	60.4081
0.025005	-2.61799	57.3973
0.025005	-2.51327	54.4832
0.025005	-2.40855	51.7371
0.025005	-2.30383	49.2293
0.025005	-2.19911	47.025
0.025005	-2.0944	45.1818
0.025005	-1.98968	43.7474
0.025005	-1.88496	42.5859
0.025005	-1.78024	41.6107
0.025005	-1.67552	41.1109
0.025005	-1.5708	41.0972
0.025005	-1.46608	41.5711
0.025005	-1.36136	42.526
0.025005	-1.25664	43.9469
0.025005	-1.15192	45.3722
0.025005	-1.0472	47.2294
0.025005	-0.942478	49.4879
0.025005	-0.837758	52.1064
0.025005	-0.733038	55.0363
0.025005	-0.628319	58.2232
0.025005	-0.523599	61.6079
0.025005	-0.418879	65.1295
0.025005	-0.314159	68.7274
0.025005	-0.20944	72.3088
0.025005	-0.10472	75.812
0.025005	1.11022e-16	79.2873
0.025005	0.10472	82.7016
0.025005	0.20944	86.0305
0.025005	0.314159	89.2451
0.025005	0.418879	92.2056
0.025005	0.523599	94.991
0.025005	0.628319	97.5867
0.025005	0.733038	99.9722
0.025005	0.837758	102.12
0.025005	0.942478	103.997
0.025005	1.0472	105.564
0.025005	1.15192	106.782
0.025005	1.25664	107.619
0.025005	1.36136	107.674
0.025005	1.46608	107.201
0.025005	1.5708	106.323
0.025005	1.67552	105.078
0.025005	1.78024	103.521
0.025005	1.88496	101.72
0.025005	1.98968	99.4283
0.025005	2.0944	96.9166
0.025005	2.19911	94.3873
0.025005	2.30383	91.8848
0.025005	2.40855	89.4328
0.025005	2.51327	87.0333
0.025005	2.61799	84.6696
0.025005	2.72271	82.3112
0.025005	2.82743	79.9195
0.025005	2.93215	77.4563
0.025005	3.03687	74.8897
0.025005	3.14159	72.1999
0.0256584	-3.14159	91.4616
0.0256584	-3.03687	88.7308
0.0256584	-2.93215	85.8087
0.0256584	-2.82743	82.7357
0.0256584	-2.72271	79.5704
0.0256584	-2.61799	76.3851
0.0256584	-2.51327	73.2614
0.0256584	-2.40855	70.2846
0.0256584	-2.30383	67.5389
0.0256584	-2.19911	65.1034
0.0256584	-2.0944	63.0481
0.0256584	-1.98968	61.432
0.0256584	-1.88496	60.106
0.0256584	-1.78024	59.0394
0.0256584	-1.67552	58.5014
0.0256584	-1.5708	58.5053
0.0256584	-1.46608	59.0532
0.0256584	-1.36136	60.1361
0.0256584	-1.25664	61.7295
0.0256584	-1.15192	63.3753
0.0256584	-1.0472	65.4887
0.0256584	-0.942478	68.0254
0.0256584	-0.837758	70.9313
0.0256584	-0.733038	74.1441
0.0256584	-0.628319	77.5946
0.0256584	-0.523599	81.2089
0.0256584	-0.418879	84.9115
0.0256584	-0.314159	88.6285
0.0256584	-0.20944	92.274
0.0256584	-0.10472	95.7407
0.0256584	1.11022e-16	99.0887
0.0256584	0.10472	102.281
0.0256584	0.20944	105.295
0.0256584	0.314159	108.081
0.0256584	0.418879	110.557
0.0256584	0.523599	112.791
0.0256584	0.628319	114.786
0.0256584	0.733038	116.542
0.0256584	0.837758	118.055
0.0256584	0.942478	119.316
0.0256584	1.0472	120.311
0.0256584	1.15192	121.024
0.0256584	1.25664	121.444
0.0256584	1.36136	121.2
0.0256584	1.46608	120.543
0.0256584	1.5708	119.606
0.0256584	1.67552	118.43
0.0256584	1.78024	117.066
0.0256584	1.88496	115.57
0.0256584	1.98968	113.724
0.0256584	2.0944	111.699
0.0256584	2.19911	109.712
0.0256584	2.30383	107.786
0.0256584	2.40855	105.919
0.0256584	2.51327	104.091
0.0256584	2.61799	102.264
0.0256584	2.72271	100.39
0.0256584	2.82743	98.4158
0.0256584	2.93215	96.2923
0.0256584	3.03687	93.9816
0.0256584	3.14159	91.4616
