#x	y	nuenorm5_corr_prefit
0.426	0.002464	490.662
0.426	0.0024715	465.173
0.426	0.002479	442.65
0.426	0.0024865	423.32
0.426	0.002494	407.183
0.426	0.0025015	393.91
0.426	0.002509	383.732
0.426	0.0025165	376.518
0.426	0.002524	372.191
0.426	0.0025315	370.396
0.426	0.002539	370.292
0.426	0.0025465	372.793
0.426	0.002554	378.049
0.4345	0.002464	355.481
0.4345	0.0024715	331.471
0.4345	0.002479	310.476
0.4345	0.0024865	292.69
0.4345	0.002494	278.087
0.4345	0.0025015	266.29
0.4345	0.002509	257.692
0.4345	0.0025165	251.905
0.4345	0.002524	248.986
0.4345	0.0025315	248.162
0.4345	0.002539	249.292
0.4345	0.0025465	253.181
0.4345	0.002554	260.032
0.443	0.002464	252.193
0.443	0.0024715	229.563
0.443	0.002479	210.121
0.443	0.0024865	193.903
0.443	0.002494	180.68
0.443	0.0025015	170.475
0.443	0.002509	163.313
0.443	0.0025165	159.041
0.443	0.002524	157.356
0.443	0.0025315	157.481
0.443	0.002539	160.05
0.443	0.0025465	165.394
0.443	0.002554	173.847
0.4515	0.002464	176.448
0.4515	0.0024715	155.247
0.4515	0.002479	137.285
0.4515	0.0024865	122.559
0.4515	0.002494	110.709
0.4515	0.0025015	102.012
0.4515	0.002509	96.1966
0.4515	0.0025165	93.2522
0.4515	0.002524	92.5841
0.4515	0.0025315	93.7751
0.4515	0.002539	97.6877
0.4515	0.0025465	104.506
0.4515	0.002554	114.27
0.46	0.002464	123.218
0.46	0.0024715	103.444
0.46	0.002479	86.9199
0.46	0.0024865	73.5252
0.46	0.002494	63.0553
0.46	0.0025015	55.7206
0.46	0.002509	51.2686
0.46	0.0025165	49.4484
0.46	0.002524	49.6138
0.46	0.0025315	52.0732
0.46	0.002539	57.3061
0.46	0.0025465	65.6136
0.46	0.002554	76.7122
0.4685	0.002464	88.2403
0.4685	0.0024715	69.7784
0.4685	0.002479	54.5778
0.4685	0.0024865	42.3312
0.4685	0.002494	33.2001
0.4685	0.0025015	27.0082
0.4685	0.002509	23.7057
0.4685	0.0025165	22.8862
0.4685	0.002524	23.9691
0.4685	0.0025315	27.6403
0.4685	0.002539	34.0874
0.4685	0.0025465	43.6268
0.4685	0.002554	56.0204
0.477	0.002464	66.9668
0.477	0.0024715	49.6633
0.477	0.002479	35.6058
0.477	0.0024865	24.3896
0.477	0.002494	16.4085
0.477	0.0025015	11.2452
0.477	0.002509	8.90442
0.477	0.0025165	8.79
0.477	0.002524	10.7687
0.477	0.0025315	15.4956
0.477	0.002539	23.1248
0.477	0.0025465	33.6443
0.477	0.002554	47.2186
0.4855	0.002464	55.2646
0.4855	0.0024715	38.9254
0.4855	0.002479	25.6959
0.4855	0.0024865	15.4526
0.4855	0.002494	8.29078
0.4855	0.0025015	4.03495
0.4855	0.002509	2.42493
0.4855	0.0025165	2.92455
0.4855	0.002524	5.73301
0.4855	0.0025315	11.3329
0.4855	0.002539	19.9344
0.4855	0.0025465	31.3732
0.4855	0.002554	45.9347
0.494	0.002464	49.6174
0.494	0.0024715	34.0122
0.494	0.002479	21.4052
0.494	0.0024865	11.9008
0.494	0.002494	5.35056
0.494	0.0025015	1.7037
0.494	0.002509	0.633633
0.494	0.0025165	1.63872
0.494	0.002524	5.10025
0.494	0.0025315	11.3587
0.494	0.002539	20.6854
0.494	0.0025465	32.8235
0.494	0.002554	48.1719
0.5025	0.002464	47.3221
0.5025	0.0024715	32.1916
0.5025	0.002479	19.9774
0.5025	0.0024865	10.9483
0.5025	0.002494	4.77791
0.5025	0.0025015	1.50774
0.5025	0.002509	0.739654
0.5025	0.0025165	2.09532
0.5025	0.002524	5.9732
0.5025	0.0025315	12.6507
0.5025	0.002539	22.4175
0.5025	0.0025465	34.9767
0.5025	0.002554	50.7729
0.511	0.002464	46.6549
0.511	0.0024715	31.7208
0.511	0.002479	19.6544
0.511	0.0024865	10.8179
0.511	0.002494	4.78023
0.511	0.0025015	1.63921
0.511	0.002509	0.965971
0.511	0.0025165	2.46391
0.511	0.002524	6.50568
0.511	0.0025315	13.3467
0.511	0.002539	23.271
0.511	0.0025465	35.9758
0.511	0.002554	51.9185
0.5195	0.002464	46.9841
0.5195	0.0024715	31.9611
0.5195	0.002479	19.7929
0.5195	0.0024865	10.8538
0.5195	0.002494	4.67155
0.5195	0.0025015	1.35771
0.5195	0.002509	0.520768
0.5195	0.0025165	1.92737
0.5195	0.002524	5.87842
0.5195	0.0025315	12.6412
0.5195	0.002539	22.4221
0.5195	0.0025465	35.0554
0.5195	0.002554	50.8509
0.528	0.002464	48.8117
0.528	0.0024715	33.4202
0.528	0.002479	20.813
0.528	0.0024865	11.4419
0.528	0.002494	4.85726
0.528	0.0025015	1.16384
0.528	0.002509	0
0.528	0.0025165	1.12331
0.528	0.002524	4.71821
0.528	0.0025315	11.1178
0.528	0.002539	20.435
0.528	0.0025465	32.6828
0.528	0.002554	48.0025
0.5365	0.002464	53.7375
0.5365	0.0024715	37.6788
0.5365	0.002479	24.4833
0.5365	0.0024865	14.4669
0.5365	0.002494	7.26673
0.5365	0.0025015	2.96598
0.5365	0.002509	1.28946
0.5365	0.0025165	1.92293
0.5365	0.002524	4.94728
0.5365	0.0025315	10.7472
0.5365	0.002539	19.3221
0.5365	0.0025465	30.9426
0.5365	0.002554	45.504
0.545	0.002464	64.3526
0.545	0.0024715	47.4671
0.545	0.002479	33.5595
0.545	0.0024865	22.6482
0.545	0.002494	14.6449
0.545	0.0025015	9.53566
0.545	0.002509	7.0914
0.545	0.0025165	7.01934
0.545	0.002524	9.3426
0.545	0.0025315	14.2669
0.545	0.002539	21.9858
0.545	0.0025465	32.7641
0.545	0.002554	46.3148
0.5535	0.002464	84.0765
0.5535	0.0024715	66.1287
0.5535	0.002479	51.3396
0.5535	0.0024865	39.4075
0.5535	0.002494	30.5424
0.5535	0.0025015	24.5001
0.5535	0.002509	21.0758
0.5535	0.0025165	20.1681
0.5535	0.002524	21.5548
0.5535	0.0025315	25.4945
0.5535	0.002539	32.2131
0.5535	0.0025465	41.8131
0.5535	0.002554	54.2932
0.562	0.002464	116.895
0.562	0.0024715	97.7946
0.562	0.002479	81.873
0.562	0.0024865	68.7568
0.562	0.002494	58.7974
0.562	0.0025015	51.5692
0.562	0.002509	47.1639
0.562	0.0025165	45.3094
0.562	0.002524	45.8045
0.562	0.0025315	48.7346
0.562	0.002539	54.3024
0.562	0.0025465	62.5972
0.562	0.002554	73.9024
0.5705	0.002464	166.587
0.5705	0.0024715	146.255
0.5705	0.002479	129.073
0.5705	0.0024865	114.916
0.5705	0.002494	103.683
0.5705	0.0025015	95.3421
0.5705	0.002509	89.824
0.5705	0.0025165	86.9174
0.5705	0.002524	86.4375
0.5705	0.0025315	88.1955
0.5705	0.002539	92.4957
0.5705	0.0025465	99.5342
0.5705	0.002554	109.469
0.579	0.002464	237.012
0.579	0.0024715	215.754
0.579	0.002479	197.325
0.579	0.0024865	182.03
0.579	0.002494	169.47
0.579	0.0025015	159.985
0.579	0.002509	153.256
0.579	0.0025165	149.208
0.579	0.002524	147.583
0.579	0.0025315	148.358
0.579	0.002539	151.512
0.579	0.0025465	157.259
0.579	0.002554	165.653
