
# Surface 0 of 1 surfaces

# Curve title: "file u (getx($1)):(gety($2)):(sqrt(column(c)))"

# Contour 0, label:        3
 0.0979339 -2.09439  3 
 0.0975002 -2.16561  3 
 0.0972629 -2.19911  3 
 0.0961044 -2.30383  3 
 0.0950002 -2.37311  3 
 0.0942642 -2.40855  3 
 0.0925002 -2.46966  3 
 0.0900002 -2.51204  3 
 0.0898256 -2.51327  3 
 0.0875002 -2.52818  3 
 0.0850002 -2.53002  3 
 0.083566 -2.51327  3 
 0.0825002 -2.49945  3 
 0.0800002 -2.42354  3 
 0.0796755 -2.40855  3 
 0.0779238 -2.30383  3 
 0.0775002 -2.27164  3 
 0.0767344 -2.19911  3 
 0.0759887 -2.09439  3 
 0.0755465 -1.98967  3 
 0.0752833 -1.88495  3 
 0.0751044 -1.78023  3 
 0.0750262 -1.67551  3 
 0.0750134 -1.5708  3 
 0.0750648 -1.46608  3 
 0.0751936 -1.36136  3 
 0.0754245 -1.25664  3 
 0.0757843 -1.15192  3 
 0.0763853 -1.0472  3 
 0.077313 -0.942477  3 
 0.0775002 -0.927224  3 
 0.0788229 -0.837757  3 
 0.0800002 -0.779425  3 
 0.0814833 -0.733038  3 
 0.0825002 -0.707117  3 
 0.0850002 -0.679509  3 
 0.0875002 -0.676808  3 
 0.0900002 -0.692557  3 
 0.0924899 -0.733038  3 
 0.0925002 -0.733239  3 
 0.0950002 -0.824434  3 
 0.0952552 -0.837757  3 
 0.0967293 -0.942477  3 
 0.0975002 -1.02796  3 
 0.0976568 -1.0472  3 
 0.0982084 -1.15192  3 
 0.098518 -1.25664  3 
 0.0986776 -1.36136  3 
 0.0987794 -1.46608  3 
 0.0988219 -1.5708  3 
 0.0988068 -1.67551  3 
 0.0987254 -1.78023  3 
 0.0985578 -1.88495  3 
 0.0983103 -1.98967  3 
 0.0979339 -2.09439  3 


# Contour 1, label:        2
 0.0932532 -2.09439  2 
 0.0925002 -2.16567  2 
 0.0919086 -2.19911  2 
 0.0900002 -2.2692  2 
 0.0875002 -2.29777  2 
 0.0862789 -2.30383  2 
 0.0850002 -2.30916  2 
 0.0846836 -2.30383  2 
 0.0825002 -2.25962  2 
 0.0813209 -2.19911  2 
 0.0800002 -2.09705  2 
 0.0799743 -2.09439  2 
 0.0792589 -1.98967  2 
 0.0788428 -1.88495  2 
 0.0785777 -1.78023  2 
 0.0784729 -1.67551  2 
 0.0784643 -1.5708  2 
 0.0785196 -1.46608  2 
 0.0786722 -1.36136  2 
 0.0789675 -1.25664  2 
 0.0795039 -1.15192  2 
 0.0800002 -1.09156  2 
 0.0804978 -1.0472  2 
 0.0822961 -0.942477  2 
 0.0825002 -0.933771  2 
 0.0850002 -0.888801  2 
 0.0875002 -0.892792  2 
 0.0900002 -0.921202  2 
 0.0907359 -0.942477  2 
 0.0925002 -1.016  2 
 0.0929292 -1.0472  2 
 0.0938466 -1.15192  2 
 0.094334 -1.25664  2 
 0.0945659 -1.36136  2 
 0.0947056 -1.46608  2 
 0.0947545 -1.5708  2 
 0.0947112 -1.67551  2 
 0.0945848 -1.78023  2 
 0.0943413 -1.88495  2 
 0.0939237 -1.98967  2 
 0.0932532 -2.09439  2 


# Contour 2, label:     1.96
 0.0930612 -2.09439  1.96 
 0.0925002 -2.1475  1.96 
 0.091587 -2.19911  1.96 
 0.0900002 -2.25739  1.96 
 0.0875002 -2.28657  1.96 
 0.0850002 -2.29929  1.96 
 0.0825002 -2.24833  1.96 
 0.081541 -2.19911  1.96 
 0.0801634 -2.09439  1.96 
 0.0800002 -2.07571  1.96 
 0.0794106 -1.98967  1.96 
 0.078989 -1.88495  1.96 
 0.0787235 -1.78023  1.96 
 0.0786174 -1.67551  1.96 
 0.0786084 -1.5708  1.96 
 0.0786603 -1.46608  1.96 
 0.078813 -1.36136  1.96 
 0.0791125 -1.25664  1.96 
 0.0796563 -1.15192  1.96 
 0.0800002 -1.1101  1.96 
 0.0807057 -1.0472  1.96 
 0.0825002 -0.943949  1.96 
 0.0825627 -0.942477  1.96 
 0.0850002 -0.898064  1.96 
 0.0875002 -0.902554  1.96 
 0.0900002 -0.931333  1.96 
 0.0903856 -0.942477  1.96 
 0.0925002 -1.03061  1.96 
 0.0927283 -1.0472  1.96 
 0.0936629 -1.15192  1.96 
 0.0941606 -1.25664  1.96 
 0.0944019 -1.36136  1.96 
 0.0945447 -1.46608  1.96 
 0.0945936 -1.5708  1.96 
 0.0945485 -1.67551  1.96 
 0.0944185 -1.78023  1.96 
 0.0941687 -1.88495  1.96 
 0.0937439 -1.98967  1.96 
 0.0930612 -2.09439  1.96 


# Contour 3, label:     1.65
 0.0928101 -1.88495  1.645 
 0.0925002 -1.95326  1.645 
 0.0922743 -1.98967  1.645 
 0.0911478 -2.09439  1.645 
 0.0900002 -2.15601  1.645 
 0.0875002 -2.19827  1.645 
 0.0874091 -2.19911  1.645 
 0.0850002 -2.21653  1.645 
 0.0841995 -2.19911  1.645 
 0.0825002 -2.15143  1.645 
 0.0816865 -2.09439  1.645 
 0.0806996 -1.98967  1.645 
 0.0801518 -1.88495  1.645 
 0.0800002 -1.83032  1.645 
 0.0798717 -1.78023  1.645 
 0.0797554 -1.67551  1.645 
 0.0797436 -1.5708  1.645 
 0.0797684 -1.46608  1.645 
 0.0799216 -1.36136  1.645 
 0.0800002 -1.33611  1.645 
 0.0802799 -1.25664  1.645 
 0.0810184 -1.15192  1.645 
 0.0823431 -1.0472  1.645 
 0.0825002 -1.03816  1.645 
 0.0850002 -0.975065  1.645 
 0.0875002 -0.984688  1.645 
 0.0900002 -1.02548  1.645 
 0.0905209 -1.0472  1.645 
 0.092107 -1.15192  1.645 
 0.0925002 -1.20171  1.645 
 0.0927958 -1.25664  1.645 
 0.0931106 -1.36136  1.645 
 0.0932773 -1.46608  1.645 
 0.0933266 -1.5708  1.645 
 0.0932677 -1.67551  1.645 
 0.0931087 -1.78023  1.645 
 0.0928101 -1.88495  1.645 


# Contour 4, label:        1
 0.0902194 -1.67551  1 
 0.0900002 -1.74654  1 
 0.0898264 -1.78023  1 
 0.0888044 -1.88495  1 
 0.0875002 -1.9519  1 
 0.0862018 -1.98967  1 
 0.0850002 -2.01361  1 
 0.0844345 -1.98967  1 
 0.0828423 -1.88495  1 
 0.0825002 -1.83765  1 
 0.0822759 -1.78023  1 
 0.0820082 -1.67551  1 
 0.0819242 -1.5708  1 
 0.0819803 -1.46608  1 
 0.0822537 -1.36136  1 
 0.0825002 -1.31555  1 
 0.0831342 -1.25664  1 
 0.0850002 -1.16079  1 
 0.0875002 -1.19983  1 
 0.0887632 -1.25664  1 
 0.0900002 -1.36085  1 
 0.0900031 -1.36136  1 
 0.0902925 -1.46608  1 
 0.0903485 -1.5708  1 
 0.0902194 -1.67551  1 

