
# Surface 0 of 1 surfaces

# Curve title: "file u (getx($1)):(gety($2)):(sqrt(column(c)))"

# Contour 0, label:        3
-1.86908  2.464  3 
-1.88495  2.46426  3 
-1.98967  2.46632  3 
-2.09439  2.46895  3 
-2.17065  2.4715  3 
-2.19911  2.47254  3 
-2.30383  2.47772  3 
-2.32348  2.479  3 
-2.40855  2.48576  3 
-2.41592  2.4865  3 
-2.47351  2.494  3 
-2.51095  2.5015  3 
-2.51327  2.50238  3 
-2.52878  2.509  3 
-2.53206  2.5165  3 
-2.52331  2.524  3 
-2.51327  2.52721  3 
-2.49772  2.5315  3 
-2.44952  2.539  3 
-2.40855  2.54328  3 
-2.36766  2.5465  3 
-2.30383  2.55054  3 
-2.21971  2.554  3 

-0.840549  2.464  3 
-0.837757  2.46416  3 
-0.755428  2.4715  3 
-0.733038  2.47453  3 
-0.70766  2.479  3 
-0.683285  2.4865  3 
-0.676263  2.494  3 
-0.680562  2.5015  3 
-0.692885  2.509  3 
-0.719186  2.5165  3 
-0.733038  2.51913  3 
-0.763209  2.524  3 
-0.828435  2.5315  3 
-0.837757  2.53231  3 
-0.926034  2.539  3 
-0.942477  2.54033  3 
-1.0472  2.5451  3 
-1.09049  2.5465  3 
-1.15192  2.54841  3 
-1.25664  2.55112  3 
-1.36136  2.55359  3 
-1.38787  2.554  3 


# Contour 1, label:        2
-0.920704  2.4865  2 
-0.942477  2.4838  2 
-1.00587  2.479  2 
-1.0472  2.47699  2 
-1.15192  2.47453  2 
-1.25664  2.4739  2 
-1.36136  2.47424  2 
-1.46608  2.47516  2 
-1.5708  2.47641  2 
-1.67551  2.47787  2 
-1.74584  2.479  2 
-1.78023  2.47957  2 
-1.88495  2.48165  2 
-1.98967  2.48436  2 
-2.05117  2.4865  2 
-2.09439  2.48829  2 
-2.19266  2.494  2 
-2.19911  2.49454  2 
-2.26281  2.5015  2 
-2.3011  2.509  2 
-2.30383  2.51086  2 
-2.31124  2.5165  2 
-2.30383  2.51967  2 
-2.29163  2.524  2 
-2.23222  2.5315  2 
-2.19911  2.53397  2 
-2.09439  2.53882  2 
-2.087  2.539  2 
-1.98967  2.54099  2 
-1.88495  2.5418  2 
-1.78023  2.54175  2 
-1.67551  2.54121  2 
-1.5708  2.54019  2 
-1.47708  2.539  2 
-1.46608  2.53886  2 
-1.36136  2.53704  2 
-1.25664  2.53476  2 
-1.16031  2.5315  2 
-1.15192  2.53119  2 
-1.0472  2.52592  2 
-1.01888  2.524  2 
-0.942477  2.51665  2 
-0.941243  2.5165  2 
-0.902324  2.509  2 
-0.889415  2.5015  2 
-0.893372  2.494  2 
-0.920704  2.4865  2 


# Contour 2, label:     1.96
-0.93166  2.4865  1.96 
-0.942477  2.48516  1.96 
-1.02378  2.479  1.96 
-1.0472  2.47786  1.96 
-1.15192  2.47531  1.96 
-1.25664  2.47463  1.96 
-1.36136  2.47493  1.96 
-1.46608  2.47583  1.96 
-1.5708  2.47708  1.96 
-1.67551  2.47855  1.96 
-1.70358  2.479  1.96 
-1.78023  2.48027  1.96 
-1.88495  2.48237  1.96 
-1.98967  2.48511  1.96 
-2.02961  2.4865  1.96 
-2.09439  2.48918  1.96 
-2.17735  2.494  1.96 
-2.19911  2.49582  1.96 
-2.2511  2.5015  1.96 
-2.29057  2.509  1.96 
-2.30162  2.5165  1.96 
-2.28029  2.524  1.96 
-2.21931  2.5315  1.96 
-2.19911  2.53301  1.96 
-2.09439  2.53799  1.96 
-2.0533  2.539  1.96 
-1.98967  2.5403  1.96 
-1.88495  2.54115  1.96 
-1.78023  2.54112  1.96 
-1.67551  2.54059  1.96 
-1.5708  2.5396  1.96 
-1.52397  2.539  1.96 
-1.46608  2.53824  1.96 
-1.36136  2.53641  1.96 
-1.25664  2.53408  1.96 
-1.18037  2.5315  1.96 
-1.15192  2.53046  1.96 
-1.0472  2.52513  1.96 
-1.03058  2.524  1.96 
-0.951844  2.5165  1.96 
-0.942477  2.51497  1.96 
-0.911454  2.509  1.96 
-0.898627  2.5015  1.96 
-0.903186  2.494  1.96 
-0.93166  2.4865  1.96 


# Contour 3, label:     1.65
-1.04051  2.4865  1.645 
-1.0472  2.486  1.645 
-1.15192  2.48177  1.645 
-1.25664  2.48041  1.645 
-1.36136  2.48043  1.645 
-1.46608  2.48124  1.645 
-1.5708  2.48247  1.645 
-1.67551  2.48399  1.645 
-1.78023  2.4858  1.645 
-1.8136  2.4865  1.645 
-1.88495  2.48815  1.645 
-1.98967  2.49146  1.645 
-2.04799  2.494  1.645 
-2.09439  2.49662  1.645 
-2.15428  2.5015  1.645 
-2.19911  2.50757  1.645 
-2.20766  2.509  1.645 
-2.21877  2.5165  1.645 
-2.19911  2.52193  1.645 
-2.18929  2.524  1.645 
-2.09439  2.53142  1.645 
-2.09262  2.5315  1.645 
-1.98967  2.53459  1.645 
-1.88495  2.53593  1.645 
-1.78023  2.53615  1.645 
-1.67551  2.53571  1.645 
-1.5708  2.53479  1.645 
-1.46608  2.53341  1.645 
-1.36136  2.53151  1.645 
-1.36092  2.5315  1.645 
-1.25664  2.52871  1.645 
-1.15192  2.52465  1.645 
-1.13925  2.524  1.645 
-1.0472  2.51749  1.645 
-1.03665  2.5165  1.645 
-0.988239  2.509  1.645 
-0.975254  2.5015  1.645 
-0.988668  2.494  1.645 
-1.04051  2.4865  1.645 


# Contour 4, label:        1
-1.24561  2.494  1 
-1.25664  2.49358  1 
-1.36136  2.49209  1 
-1.46608  2.49227  1 
-1.5708  2.49332  1 
-1.61387  2.494  1 
-1.67551  2.49497  1 
-1.78023  2.49729  1 
-1.88495  2.50063  1 
-1.90533  2.5015  1 
-1.98967  2.50749  1 
-2.00564  2.509  1 
-2.01461  2.5165  1 
-1.98967  2.51903  1 
-1.89603  2.524  1 
-1.88495  2.52431  1 
-1.78023  2.52555  1 
-1.67551  2.52556  1 
-1.5708  2.52477  1 
-1.51628  2.524  1 
-1.46608  2.52325  1 
-1.36136  2.52072  1 
-1.25664  2.51671  1 
-1.25262  2.5165  1 
-1.16995  2.509  1 
-1.1601  2.5015  1 
-1.24561  2.494  1 

