
# Surface 0 of 1 surfaces

# Curve title: "file u (getx($1)):(gety($2)):(sqrt(column(c)))"

# Contour 0, label:        3
-1.83797  2.464  3 
-1.88495  2.46476  3 
-1.98967  2.46679  3 
-2.09439  2.4694  3 
-2.15868  2.4715  3 
-2.19911  2.47294  3 
-2.30383  2.47807  3 
-2.3183  2.479  3 
-2.40855  2.4861  3 
-2.41256  2.4865  3 
-2.47077  2.494  3 
-2.50851  2.5015  3 
-2.51327  2.50332  3 
-2.52653  2.509  3 
-2.53017  2.5165  3 
-2.52358  2.524  3 
-2.51327  2.52742  3 
-2.49851  2.5315  3 
-2.45071  2.539  3 
-2.40855  2.5435  3 
-2.37165  2.5465  3 
-2.30383  2.55095  3 
-2.23172  2.554  3 

-0.851084  2.464  3 
-0.837757  2.46473  3 
-0.759785  2.4715  3 
-0.733038  2.47497  3 
-0.709644  2.479  3 
-0.684442  2.4865  3 
-0.676732  2.494  3 
-0.679418  2.5015  3 
-0.690207  2.509  3 
-0.715612  2.5165  3 
-0.733038  2.51999  3 
-0.756123  2.524  3 
-0.817248  2.5315  3 
-0.837757  2.53346  3 
-0.902485  2.539  3 
-0.942477  2.54252  3 
-1.02772  2.5465  3 
-1.0472  2.54727  3 
-1.15192  2.55107  3 
-1.25664  2.55298  3 
-1.31261  2.554  3 


# Contour 1, label:        2
-0.922832  2.4865  2 
-0.942477  2.48416  2 
-1.01339  2.479  2 
-1.0472  2.4774  2 
-1.15192  2.47499  2 
-1.25664  2.47436  2 
-1.36136  2.4747  2 
-1.46608  2.47562  2 
-1.5708  2.47684  2 
-1.67551  2.47827  2 
-1.72197  2.479  2 
-1.78023  2.47994  2 
-1.88495  2.48198  2 
-1.98967  2.48465  2 
-2.04427  2.4865  2 
-2.09439  2.48851  2 
-2.1908  2.494  2 
-2.19911  2.49468  2 
-2.262  2.5015  2 
-2.29997  2.509  2 
-2.30383  2.5119  2 
-2.30931  2.5165  2 
-2.30383  2.51915  2 
-2.29168  2.524  2 
-2.23255  2.5315  2 
-2.19911  2.53402  2 
-2.09439  2.53893  2 
-2.09168  2.539  2 
-1.98967  2.54112  2 
-1.88495  2.54205  2 
-1.78023  2.54207  2 
-1.67551  2.54163  2 
-1.5708  2.54055  2 
-1.46608  2.53946  2 
-1.43798  2.539  2 
-1.36136  2.53767  2 
-1.25664  2.5353  2 
-1.15192  2.53174  2 
-1.14669  2.5315  2 
-1.0472  2.52633  2 
-1.01445  2.524  2 
-0.942477  2.51687  2 
-0.939615  2.5165  2 
-0.90113  2.509  2 
-0.888656  2.5015  2 
-0.893553  2.494  2 
-0.922832  2.4865  2 


# Contour 2, label:     1.96
-0.933901  2.4865  1.96 
-0.942477  2.48548  1.96 
-1.03151  2.479  1.96 
-1.0472  2.47826  1.96 
-1.15192  2.47576  1.96 
-1.25664  2.47507  1.96 
-1.36136  2.47538  1.96 
-1.46608  2.4763  1.96 
-1.5708  2.47751  1.96 
-1.67551  2.47895  1.96 
-1.67898  2.479  1.96 
-1.78023  2.48064  1.96 
-1.88495  2.4827  1.96 
-1.98967  2.48539  1.96 
-2.02243  2.4865  1.96 
-2.09439  2.48939  1.96 
-2.17538  2.494  1.96 
-2.19911  2.49594  1.96 
-2.25036  2.5015  1.96 
-2.28947  2.509  1.96 
-2.29946  2.5165  1.96 
-2.28032  2.524  1.96 
-2.21964  2.5315  1.96 
-2.19911  2.53305  1.96 
-2.09439  2.53809  1.96 
-2.05863  2.539  1.96 
-1.98967  2.54043  1.96 
-1.88495  2.54139  1.96 
-1.78023  2.54142  1.96 
-1.67551  2.54101  1.96 
-1.5708  2.5399  1.96 
-1.48288  2.539  1.96 
-1.46608  2.53883  1.96 
-1.36136  2.53701  1.96 
-1.25664  2.53462  1.96 
-1.16547  2.5315  1.96 
-1.15192  2.53097  1.96 
-1.0472  2.52545  1.96 
-1.02678  2.524  1.96 
-0.95003  2.5165  1.96 
-0.942477  2.51525  1.96 
-0.910319  2.509  1.96 
-0.897918  2.5015  1.96 
-0.903469  2.494  1.96 
-0.933901  2.4865  1.96 


# Contour 3, label:     1.65
-1.04386  2.4865  1.645 
-1.0472  2.48626  1.645 
-1.15192  2.48216  1.645 
-1.25664  2.48079  1.645 
-1.36136  2.48083  1.645 
-1.46608  2.48165  1.645 
-1.5708  2.48286  1.645 
-1.67551  2.48435  1.645 
-1.78023  2.48612  1.645 
-1.79894  2.4865  1.645 
-1.88495  2.48842  1.645 
-1.98967  2.49169  1.645 
-2.04412  2.494  1.645 
-2.09439  2.49676  1.645 
-2.15356  2.5015  1.645 
-2.19911  2.5077  1.645 
-2.20674  2.509  1.645 
-2.21672  2.5165  1.645 
-2.19911  2.52174  1.645 
-2.18918  2.524  1.645 
-2.09439  2.53146  1.645 
-2.09355  2.5315  1.645 
-1.98967  2.53468  1.645 
-1.88495  2.53607  1.645 
-1.78023  2.53633  1.645 
-1.67551  2.53601  1.645 
-1.5708  2.53499  1.645 
-1.46608  2.53373  1.645 
-1.36136  2.53177  1.645 
-1.34988  2.5315  1.645 
-1.25664  2.52916  1.645 
-1.15192  2.52489  1.645 
-1.13558  2.524  1.645 
-1.0472  2.51767  1.645 
-1.03487  2.5165  1.645 
-0.987431  2.509  1.645 
-0.974877  2.5015  1.645 
-0.989218  2.494  1.645 
-1.04386  2.4865  1.645 


# Contour 4, label:        1
-1.25055  2.494  1 
-1.25664  2.49378  1 
-1.36136  2.49233  1 
-1.46608  2.4925  1 
-1.5708  2.49354  1 
-1.60106  2.494  1 
-1.67551  2.49514  1 
-1.78023  2.49742  1 
-1.88495  2.5007  1 
-1.9038  2.5015  1 
-1.98967  2.50755  1 
-2.00504  2.509  1 
-2.01395  2.5165  1 
-1.98967  2.51902  1 
-1.89642  2.524  1 
-1.88495  2.52432  1 
-1.78023  2.52559  1 
-1.67551  2.52563  1 
-1.5708  2.52485  1 
-1.50975  2.524  1 
-1.46608  2.52336  1 
-1.36136  2.52083  1 
-1.25664  2.51678  1 
-1.25152  2.5165  1 
-1.16975  2.509  1 
-1.16044  2.5015  1 
-1.25055  2.494  1 

