#x	y	new0_fix	prod
0.426	-3.14159	166.213	176.109
0.426	-3.03687	154.904	164.858
0.426	-2.93215	144.856	155.12
0.426	-2.82743	136.185	147.118
0.426	-2.72271	128.918	140.237
0.426	-2.61799	123.087	134.671
0.426	-2.51327	118.542	130.304
0.426	-2.40855	115.139	127.005
0.426	-2.30383	112.711	124.641
0.426	-2.19911	111.027	123.002
0.426	-2.0944	109.996	121.619
0.426	-1.98968	109.476	121.376
0.426	-1.88496	109.262	121.107
0.426	-1.78024	109.288	121.055
0.426	-1.67552	109.476	120.485
0.426	-1.5708	109.614	121.382
0.426	-1.46608	109.291	121.258
0.426	-1.36136	110.11	122.029
0.426	-1.25664	110.618	122.693
0.426	-1.15192	111.756	123.556
0.426	-1.0472	111.684	124.837
0.426	-0.942478	114.379	126.679
0.426	-0.837758	116.395	129.139
0.426	-0.733038	119.781	131.633
0.426	-0.628319	124.308	135.212
0.426	-0.523599	130.099	139.343
0.426	-0.418879	137.166	146.24
0.426	-0.314159	145.762	156.93
0.426	-0.20944	155.969	165.12
0.426	-0.10472	167.581	175.287
0.426	-2.66454e-15	180.611	187.422
0.426	0.10472	196.188	203.012
0.426	0.20944	211.04	216.699
0.426	0.314159	228.12	233.729
0.426	0.418879	246.124	248.557
0.426	0.523599	264.908	265.081
0.426	0.628319	284.338	282.468
0.426	0.733038	302.793	298.908
0.426	0.837758	319.34	314.148
0.426	0.942478	335.957	330.556
0.426	1.0472	349.822	341.754
0.426	1.15192	362.736	352.123
0.426	1.25664	371.386	360.334
0.426	1.36136	377.773	365.896
0.426	1.46608	379.716	368.132
0.426	1.5708	379.178	369.56
0.426	1.67552	376.927	364.638
0.426	1.78024	367.844	358.3
0.426	1.88496	359.45	351.289
0.426	1.98968	345.675	340.02
0.426	2.0944	332.004	327.193
0.426	2.19911	315.182	312.557
0.426	2.30383	296.293	297.303
0.426	2.40855	279.187	281.255
0.426	2.51327	260.523	262.801
0.426	2.61799	242.938	248.446
0.426	2.72271	225.33	230.747
0.426	2.82743	207.356	215.718
0.426	2.93215	193.118	200.462
0.426	3.03687	178.936	188.391
0.426	3.14159	166.213	175.652
0.4345	-3.14159	132.249	137.164
0.4345	-3.03687	121.233	126.438
0.4345	-2.93215	111.746	117.114
0.4345	-2.82743	103.367	109.19
0.4345	-2.72271	96.4336	102.601
0.4345	-2.61799	90.8862	97.248
0.4345	-2.51327	86.4859	92.957
0.4345	-2.40855	83.095	89.7073
0.4345	-2.30383	80.6598	87.353
0.4345	-2.19911	79.0127	85.7424
0.4345	-2.0944	77.9916	84.7259
0.4345	-1.98968	77.4452	84.1632
0.4345	-1.88496	77.2403	83.9301
0.4345	-1.78024	77.2641	83.8588
0.4345	-1.67552	77.3767	83.9214
0.4345	-1.5708	77.5942	84.0897
0.4345	-1.46608	77.9089	84.3561
0.4345	-1.36136	78.3512	84.7409
0.4345	-1.25664	78.9504	85.3057
0.4345	-1.15192	79.6548	86.0724
0.4345	-1.0472	80.7874	87.2467
0.4345	-0.942478	82.8622	88.9658
0.4345	-0.837758	85.2057	91.3927
0.4345	-0.733038	88.4037	94.2762
0.4345	-0.628319	92.7943	98.3931
0.4345	-0.523599	98.3783	103.377
0.4345	-0.418879	105.357	109.938
0.4345	-0.314159	113.798	117.833
0.4345	-0.20944	123.536	127.184
0.4345	-0.10472	134.845	137.894
0.4345	-2.66454e-15	147.53	149.962
0.4345	0.10472	161.37	163.274
0.4345	0.20944	176.508	177.754
0.4345	0.314159	192.749	193.006
0.4345	0.418879	209.833	208.765
0.4345	0.523599	227.433	224.901
0.4345	0.628319	245.164	241.06
0.4345	0.733038	262.592	256.852
0.4345	0.837758	279.245	271.864
0.4345	0.942478	294.637	285.677
0.4345	1.0472	308.217	297.881
0.4345	1.15192	319.565	307.99
0.4345	1.25664	328.317	315.771
0.4345	1.36136	334.157	320.98
0.4345	1.46608	336.756	323.447
0.4345	1.5708	336.147	323.002
0.4345	1.67552	332.362	319.946
0.4345	1.78024	325.456	314.322
0.4345	1.88496	315.759	306.68
0.4345	1.98968	303.646	294.755
0.4345	2.0944	289.531	283.605
0.4345	2.19911	273.869	269.095
0.4345	2.30383	257.629	254.004
0.4345	2.40855	240.881	238.603
0.4345	2.51327	222.839	222.621
0.4345	2.61799	205.582	206.735
0.4345	2.72271	188.901	191.262
0.4345	2.82743	173.09	175.914
0.4345	2.93215	157.837	162.079
0.4345	3.03687	144.411	149.052
0.4345	3.14159	132.249	137.164
0.443	-3.14159	104.804	106.471
0.443	-3.03687	94.3436	96.2021
0.443	-2.93215	84.9222	87.2689
0.443	-2.82743	76.9558	79.6605
0.443	-2.72271	70.3728	73.1828
0.443	-2.61799	64.906	67.9421
0.443	-2.51327	60.598	63.8224
0.443	-2.40855	57.3498	60.6976
0.443	-2.30383	55.0057	58.4272
0.443	-2.19911	53.4063	56.8655
0.443	-2.0944	52.3977	55.869
0.443	-1.98968	51.8356	55.3029
0.443	-1.88496	51.5945	55.048
0.443	-1.78024	51.62	54.9982
0.443	-1.67552	51.6725	55.0199
0.443	-1.5708	51.8214	55.139
0.443	-1.46608	52.0602	55.3479
0.443	-1.36136	52.4185	55.6738
0.443	-1.25664	53.0314	56.1851
0.443	-1.15192	53.7924	56.9252
0.443	-1.0472	54.8619	57.9981
0.443	-0.942478	56.443	59.5996
0.443	-0.837758	58.6392	61.4999
0.443	-0.733038	61.9145	64.4293
0.443	-0.628319	66.2095	68.4813
0.443	-0.523599	71.5408	73.6172
0.443	-0.418879	78.201	79.986
0.443	-0.314159	86.3037	87.5941
0.443	-0.20944	95.9217	96.5951
0.443	-0.10472	106.7	107.006
0.443	-2.66454e-15	118.939	118.797
0.443	0.10472	132.257	131.685
0.443	0.20944	146.637	145.583
0.443	0.314159	162.068	160.407
0.443	0.418879	178.304	175.68
0.443	0.523599	195.032	191.159
0.443	0.628319	211.887	206.658
0.443	0.733038	228.456	221.802
0.443	0.837758	244.282	236.195
0.443	0.942478	258.844	249.435
0.443	1.0472	271.737	261.046
0.443	1.15192	282.536	270.725
0.443	1.25664	290.871	278.183
0.443	1.36136	296.364	283.178
0.443	1.46608	298.86	285.503
0.443	1.5708	298.313	285.055
0.443	1.67552	294.731	281.938
0.443	1.78024	288.182	276.264
0.443	1.88496	279.012	268.232
0.443	1.98968	267.551	258.91
0.443	2.0944	254.189	246.922
0.443	2.19911	239.321	233.541
0.443	2.30383	223.421	219.15
0.443	2.40855	206.959	204.13
0.443	2.51327	190.502	188.854
0.443	2.61799	174.733	173.664
0.443	2.72271	158.902	158.493
0.443	2.82743	143.354	144.11
0.443	2.93215	129.421	130.659
0.443	3.03687	116.544	118.059
0.443	3.14159	104.804	106.471
0.4515	-3.14159	83.5736	83.4977
0.4515	-3.03687	73.3046	73.6495
0.4515	-2.93215	64.3508	64.9847
0.4515	-2.82743	56.776	57.5102
0.4515	-2.72271	50.2876	51.2965
0.4515	-2.61799	45.032	46.2642
0.4515	-2.51327	40.9195	42.3072
0.4515	-2.40855	37.8114	39.302
0.4515	-2.30383	35.5593	37.1134
0.4515	-2.19911	34.0122	35.6015
0.4515	-2.0944	33.0231	34.628
0.4515	-1.98968	32.4556	34.0637
0.4515	-1.88496	32.1901	33.7942
0.4515	-1.78024	32.1287	33.7122
0.4515	-1.67552	32.2168	33.7026
0.4515	-1.5708	32.3108	33.7831
0.4515	-1.46608	32.4902	33.9568
0.4515	-1.36136	32.783	34.2348
0.4515	-1.25664	33.2517	34.6853
0.4515	-1.15192	33.989	35.3577
0.4515	-1.0472	34.781	36.3547
0.4515	-0.942478	36.3172	37.5483
0.4515	-0.837758	38.5443	39.6596
0.4515	-0.733038	41.6287	42.5786
0.4515	-0.628319	45.7358	46.4574
0.4515	-0.523599	50.9777	51.4081
0.4515	-0.418879	57.4061	57.5542
0.4515	-0.314159	65.098	65.0201
0.4515	-0.20944	74.2425	73.7606
0.4515	-0.10472	84.8109	83.7609
0.4515	-2.66454e-15	96.4636	95.0887
0.4515	0.10472	109.463	107.663
0.4515	0.20944	123.157	121.137
0.4515	0.314159	137.821	135.375
0.4515	0.418879	153.25	150.262
0.4515	0.523599	169.149	165.233
0.4515	0.628319	185.168	180.106
0.4515	0.733038	200.915	194.634
0.4515	0.837758	215.914	208.439
0.4515	0.942478	229.754	221.121
0.4515	1.0472	242.01	232.234
0.4515	1.15192	252.278	241.511
0.4515	1.25664	260.206	248.658
0.4515	1.36136	265.42	253.503
0.4515	1.46608	267.807	255.659
0.4515	1.5708	267.308	255.235
0.4515	1.67552	263.938	252.217
0.4515	1.78024	257.742	246.97
0.4515	1.88496	249.062	239.146
0.4515	1.98968	238.207	229.436
0.4515	2.0944	225.55	218.085
0.4515	2.19911	211.494	205.362
0.4515	2.30383	196.425	191.992
0.4515	2.40855	180.821	177.625
0.4515	2.51327	165.077	163.008
0.4515	2.61799	149.553	148.383
0.4515	2.72271	134.56	133.859
0.4515	2.82743	120.491	119.984
0.4515	2.93215	107.277	106.89
0.4515	3.03687	94.848	94.6028
0.4515	3.14159	83.5736	83.4977
0.46	-3.14159	67.9206	67.3425
0.46	-3.03687	58.0678	57.7569
0.46	-2.93215	49.5546	49.1875
0.46	-2.82743	42.1061	42.1862
0.46	-2.72271	35.8938	36.0648
0.46	-2.61799	30.8837	31.229
0.46	-2.51327	26.9588	27.4253
0.46	-2.40855	23.9868	24.5336
0.46	-2.30383	21.8032	22.371
0.46	-2.19911	20.248	20.8683
0.46	-2.0944	19.2429	19.893
0.46	-1.98968	18.6522	19.3161
0.46	-1.88496	18.3569	19.0252
0.46	-1.78024	18.2601	18.9278
0.46	-1.67552	18.2919	18.8913
0.46	-1.5708	18.3584	18.9482
0.46	-1.46608	18.5929	19.069
0.46	-1.36136	18.7976	19.3549
0.46	-1.25664	19.1717	19.7123
0.46	-1.15192	19.7525	20.2619
0.46	-1.0472	20.6834	21.1571
0.46	-0.942478	22.1227	22.5414
0.46	-0.837758	24.222	24.5572
0.46	-0.733038	27.1403	27.3524
0.46	-0.628319	31.0349	31.0723
0.46	-0.523599	35.9955	35.8075
0.46	-0.418879	42.2185	41.7145
0.46	-0.314159	49.7389	48.8935
0.46	-0.20944	58.4386	57.4009
0.46	-0.10472	68.5569	67.2246
0.46	-2.66454e-15	79.9154	78.1196
0.46	0.10472	92.2727	90.2127
0.46	0.20944	105.634	103.372
0.46	0.314159	119.573	117.178
0.46	0.418879	134.238	131.483
0.46	0.523599	149.35	146.129
0.46	0.628319	164.574	160.484
0.46	0.733038	179.539	174.429
0.46	0.837758	193.806	187.675
0.46	0.942478	206.957	199.854
0.46	1.0472	218.6	210.955
0.46	1.15192	228.355	219.418
0.46	1.25664	235.889	226.225
0.46	1.36136	240.885	231.016
0.46	1.46608	243.157	233.012
0.46	1.5708	242.691	232.793
0.46	1.67552	239.512	229.702
0.46	1.78024	233.694	224.649
0.46	1.88496	225.464	217.265
0.46	1.98968	215.171	207.969
0.46	2.0944	203.168	197.053
0.46	2.19911	189.843	184.737
0.46	2.30383	175.598	171.565
0.46	2.40855	160.829	157.814
0.46	2.51327	145.892	144.088
0.46	2.61799	131.163	129.796
0.46	2.72271	116.936	115.872
0.46	2.82743	103.457	102.512
0.46	2.93215	90.777	89.7093
0.46	3.03687	78.8518	77.8905
0.46	3.14159	67.9206	67.1935
0.4685	-3.14159	57.183	56.642
0.4685	-3.03687	47.8783	47.3336
0.4685	-2.93215	39.5472	39.2385
0.4685	-2.82743	32.392	32.2231
0.4685	-2.72271	26.4705	26.3365
0.4685	-2.61799	21.6918	21.5866
0.4685	-2.51327	17.8567	17.8266
0.4685	-2.40855	14.8927	14.9662
0.4685	-2.30383	12.7339	12.8762
0.4685	-2.19911	11.2371	11.4231
0.4685	-2.0944	10.2633	10.4752
0.4685	-1.98968	9.68336	9.90919
0.4685	-1.88496	9.38357	9.5834
0.4685	-1.78024	9.2143	9.41264
0.4685	-1.67552	9.16153	9.3569
0.4685	-1.5708	9.18875	9.38094
0.4685	-1.46608	9.38282	9.56198
0.4685	-1.36136	9.56454	9.73894
0.4685	-1.25664	9.89272	10.0362
0.4685	-1.15192	10.4148	10.5368
0.4685	-1.0472	11.3054	11.3915
0.4685	-0.942478	12.7018	12.7299
0.4685	-0.837758	14.7554	14.6938
0.4685	-0.733038	17.6248	17.43
0.4685	-0.628319	21.3305	21.0828
0.4685	-0.523599	26.0559	25.7112
0.4685	-0.418879	31.987	31.4026
0.4685	-0.314159	39.2268	38.3201
0.4685	-0.20944	47.7758	46.5177
0.4685	-0.10472	57.4182	56.0104
0.4685	-2.66454e-15	68.3999	66.7686
0.4685	0.10472	80.2855	78.439
0.4685	0.20944	93.1455	91.0936
0.4685	0.314159	106.612	104.621
0.4685	0.418879	120.557	118.469
0.4685	0.523599	134.923	132.888
0.4685	0.628319	149.395	146.711
0.4685	0.733038	163.616	160.105
0.4685	0.837758	177.204	172.822
0.4685	0.942478	189.731	184.509
0.4685	1.0472	200.789	194.83
0.4685	1.15192	210.05	203.307
0.4685	1.25664	217.201	209.867
0.4685	1.36136	221.993	214.429
0.4685	1.46608	224.186	216.41
0.4685	1.5708	223.738	215.968
0.4685	1.67552	220.717	213.428
0.4685	1.78024	215.244	208.383
0.4685	1.88496	207.488	201.293
0.4685	1.98968	197.714	192.364
0.4685	2.0944	186.318	182.56
0.4685	2.19911	173.666	170.277
0.4685	2.30383	160.14	157.566
0.4685	2.40855	146.12	144.366
0.4685	2.51327	131.968	130.586
0.4685	2.61799	118.014	117.014
0.4685	2.72271	104.535	103.621
0.4685	2.82743	91.6126	90.5047
0.4685	2.93215	79.1958	78.1153
0.4685	3.03687	67.7988	66.791
0.4685	3.14159	57.183	56.5836
0.477	-3.14159	50.646	50.2367
0.477	-3.03687	41.5731	41.1318
0.477	-2.93215	33.5126	33.4363
0.477	-2.82743	26.6871	26.2804
0.477	-2.72271	21.0142	20.6004
0.477	-2.61799	16.2481	15.996
0.477	-2.51327	12.5087	12.3766
0.477	-2.40855	9.67061	9.61551
0.477	-2.30383	7.59997	7.596
0.477	-2.19911	6.16061	6.18935
0.477	-2.0944	5.17165	5.20065
0.477	-1.98968	4.56175	4.60253
0.477	-1.88496	4.21387	4.25847
0.477	-1.78024	4.04043	4.08617
0.477	-1.67552	3.97868	4.02441
0.477	-1.5708	4.06152	4.03936
0.477	-1.46608	4.13468	4.12667
0.477	-1.36136	4.24779	4.27588
0.477	-1.25664	4.50438	4.52545
0.477	-1.15192	5.00308	5.01103
0.477	-1.0472	5.85543	5.83964
0.477	-0.942478	7.1925	7.13628
0.477	-0.837758	9.15891	9.03771
0.477	-0.733038	11.8574	11.6491
0.477	-0.628319	15.4714	15.1253
0.477	-0.523599	20.1616	19.6208
0.477	-0.418879	25.8635	25.2469
0.477	-0.314159	32.7819	32.0896
0.477	-0.20944	41.0176	40.0089
0.477	-0.10472	50.4442	49.1719
0.477	-2.66454e-15	60.8868	59.5397
0.477	0.10472	72.551	71.0579
0.477	0.20944	84.8356	83.3535
0.477	0.314159	97.9906	96.3515
0.477	0.418879	111.298	109.952
0.477	0.523599	124.965	123.598
0.477	0.628319	138.782	137.487
0.477	0.733038	152.267	150.661
0.477	0.837758	165.135	162.655
0.477	0.942478	177.01	174.074
0.477	1.0472	187.528	184.484
0.477	1.15192	196.345	192.061
0.477	1.25664	203.167	198.4
0.477	1.36136	207.729	202.545
0.477	1.46608	209.81	204.898
0.477	1.5708	209.432	204.323
0.477	1.67552	206.621	201.829
0.477	1.78024	201.424	196.96
0.477	1.88496	194.047	190.132
0.477	1.98968	184.818	181.905
0.477	2.0944	174.054	171.767
0.477	2.19911	162.069	160.489
0.477	2.30383	149.204	148.226
0.477	2.40855	135.881	135.199
0.477	2.51327	122.436	121.941
0.477	2.61799	109.175	108.75
0.477	2.72271	96.3621	95.5275
0.477	2.82743	83.7798	82.9174
0.477	2.93215	71.983	71.0906
0.477	3.03687	60.7653	59.9626
0.477	3.14159	50.646	49.8537
0.4855	-3.14159	46.9416	46.7397
0.4855	-3.03687	38.0574	38.0407
0.4855	-2.93215	30.3704	30.2583
0.4855	-2.82743	23.8034	23.6103
0.4855	-2.72271	18.1539	17.8862
0.4855	-2.61799	13.581	13.5644
0.4855	-2.51327	9.97634	9.89201
0.4855	-2.40855	7.22204	7.22288
0.4855	-2.30383	5.19102	5.24573
0.4855	-2.19911	3.75495	3.81094
0.4855	-2.0944	2.79743	2.84153
0.4855	-1.98968	2.20434	2.20454
0.4855	-1.88496	1.86411	1.86837
0.4855	-1.78024	1.69228	1.6981
0.4855	-1.67552	1.62912	1.63565
0.4855	-1.5708	1.61708	1.61965
0.4855	-1.46608	1.62605	1.62783
0.4855	-1.36136	1.73007	1.73041
0.4855	-1.25664	1.98479	1.98188
0.4855	-1.15192	2.4738	2.46367
0.4855	-1.0472	3.30332	3.27887
0.4855	-0.942478	4.56245	4.51758
0.4855	-0.837758	6.3932	6.30872
0.4855	-0.733038	8.97336	8.82573
0.4855	-0.628319	12.447	12.2031
0.4855	-0.523599	16.9503	16.5654
0.4855	-0.418879	22.6039	22.0196
0.4855	-0.314159	29.3714	28.648
0.4855	-0.20944	37.2788	36.5019
0.4855	-0.10472	46.432	45.512
0.4855	-2.66454e-15	56.5909	55.5346
0.4855	0.10472	67.6731	66.6655
0.4855	0.20944	79.6557	78.76
0.4855	0.314159	92.14	91.419
0.4855	0.418879	105.113	104.883
0.4855	0.523599	118.067	117.952
0.4855	0.628319	131.109	131.31
0.4855	0.733038	143.918	143.835
0.4855	0.837758	156.151	156.248
0.4855	0.942478	167.453	167.139
0.4855	1.0472	177.476	176.563
0.4855	1.15192	185.876	184.561
0.4855	1.25664	192.309	190.551
0.4855	1.36136	196.623	194.903
0.4855	1.46608	198.672	196.322
0.4855	1.5708	198.388	196.379
0.4855	1.67552	195.671	193.53
0.4855	1.78024	190.756	188.931
0.4855	1.88496	183.829	182.69
0.4855	1.98968	175.126	174.245
0.4855	2.0944	164.866	164.445
0.4855	2.19911	153.484	153.722
0.4855	2.30383	141.32	141.999
0.4855	2.40855	128.713	129.924
0.4855	2.51327	115.984	117.135
0.4855	2.61799	103.398	103.923
0.4855	2.72271	90.9086	91.3292
0.4855	2.82743	78.8393	78.6657
0.4855	2.93215	67.3662	67.1984
0.4855	3.03687	56.6378	56.5769
0.4855	3.14159	46.9416	46.4142
0.494	-3.14159	44.7179	44.7241
0.494	-3.03687	36.2305	36.1258
0.494	-2.93215	28.7916	28.5984
0.494	-2.82743	22.2742	22.1837
0.494	-2.72271	16.8679	16.8383
0.494	-2.61799	12.4902	12.4932
0.494	-2.51327	9.04021	9.021
0.494	-2.40855	6.3725	6.316
0.494	-2.30383	4.34501	4.31902
0.494	-2.19911	2.91449	2.90668
0.494	-2.0944	1.95572	1.95796
0.494	-1.98968	1.35167	1.36013
0.494	-1.88496	0.998128	1.01432
0.494	-1.78024	0.814619	0.811139
0.494	-1.67552	0.709566	0.706068
0.494	-1.5708	0.654873	0.651359
0.494	-1.46608	0.664069	0.660388
0.494	-1.36136	0.768561	0.762838
0.494	-1.25664	1.02474	1.01427
0.494	-1.15192	1.51491	1.49314
0.494	-1.0472	2.3451	2.30977
0.494	-0.942478	3.56495	3.49915
0.494	-0.837758	5.40156	5.28419
0.494	-0.733038	7.96121	7.79174
0.494	-0.628319	11.3165	11.161
0.494	-0.523599	15.6432	15.4311
0.494	-0.418879	21.049	20.7397
0.494	-0.314159	27.651	27.1696
0.494	-0.20944	35.3134	34.8005
0.494	-0.10472	43.9952	43.5975
0.494	-2.66454e-15	53.8925	53.4629
0.494	0.10472	64.5982	64.2271
0.494	0.20944	76.1832	75.9526
0.494	0.314159	88.3161	88.3682
0.494	0.418879	100.824	101.069
0.494	0.523599	113.386	114.059
0.494	0.628319	125.781	127.054
0.494	0.733038	137.946	139.392
0.494	0.837758	149.556	151.108
0.494	0.942478	160.273	161.878
0.494	1.0472	169.769	171.181
0.494	1.15192	177.736	178.911
0.494	1.25664	183.91	184.826
0.494	1.36136	188.069	188.767
0.494	1.46608	189.971	190.264
0.494	1.5708	189.661	189.994
0.494	1.67552	187.161	187.663
0.494	1.78024	182.553	183.116
0.494	1.88496	175.928	176.803
0.494	1.98968	167.633	168.926
0.494	2.0944	157.949	159.999
0.494	2.19911	147.191	149.259
0.494	2.30383	135.626	137.682
0.494	2.40855	123.612	125.588
0.494	2.51327	111.483	113.064
0.494	2.61799	99.414	100.456
0.494	2.72271	87.3184	88.1644
0.494	2.82743	75.7858	76.1905
0.494	2.93215	64.5894	64.8138
0.494	3.03687	54.3419	54.3365
0.494	3.14159	44.7179	44.7252
0.5025	-3.14159	43.5315	43.6499
0.5025	-3.03687	35.3227	35.2714
0.5025	-2.93215	27.9484	27.9788
0.5025	-2.82743	21.6925	21.7537
0.5025	-2.72271	16.4997	16.4193
0.5025	-2.61799	12.1905	12.0811
0.5025	-2.51327	8.71739	8.6528
0.5025	-2.40855	6.06315	6.026
0.5025	-2.30383	4.10627	4.08545
0.5025	-2.19911	2.72398	2.71272
0.5025	-2.0944	1.79719	1.79141
0.5025	-1.98968	1.19538	1.18723
0.5025	-1.88496	0.805234	0.800941
0.5025	-1.78024	0.577809	0.576061
0.5025	-1.67552	0.458658	0.458377
0.5025	-1.5708	0.419057	0.41969
0.5025	-1.46608	0.457092	0.447554
0.5025	-1.36136	0.563269	0.560657
0.5025	-1.25664	0.800761	0.805656
0.5025	-1.15192	1.2444	1.24165
0.5025	-1.0472	2.03091	2.01705
0.5025	-0.942478	3.27976	3.22529
0.5025	-0.837758	5.05937	4.99183
0.5025	-0.733038	7.54641	7.45407
0.5025	-0.628319	10.8847	10.7225
0.5025	-0.523599	15.1829	14.9544
0.5025	-0.418879	20.3968	20.2529
0.5025	-0.314159	26.6682	26.5277
0.5025	-0.20944	34.1443	33.8717
0.5025	-0.10472	42.6752	42.3846
0.5025	-2.66454e-15	52.1677	52.0386
0.5025	0.10472	62.76	62.7102
0.5025	0.20944	73.8555	73.9749
0.5025	0.314159	85.6977	86.0495
0.5025	0.418879	97.6777	98.6645
0.5025	0.523599	109.945	111.222
0.5025	0.628319	121.818	123.764
0.5025	0.733038	133.412	136.005
0.5025	0.837758	144.486	147.307
0.5025	0.942478	154.721	157.67
0.5025	1.0472	163.763	166.802
0.5025	1.15192	171.316	174.394
0.5025	1.25664	177.158	180.252
0.5025	1.36136	181.09	183.971
0.5025	1.46608	182.981	185.722
0.5025	1.5708	182.686	185.408
0.5025	1.67552	180.27	183.009
0.5025	1.78024	175.869	178.966
0.5025	1.88496	169.649	172.613
0.5025	1.98968	161.759	164.79
0.5025	2.0944	152.513	155.804
0.5025	2.19911	142.244	145.279
0.5025	2.30383	131.263	134.382
0.5025	2.40855	119.874	122.459
0.5025	2.51327	108.35	110.22
0.5025	2.61799	96.4324	98.0367
0.5025	2.72271	84.879	85.9527
0.5025	2.82743	73.4775	74.2618
0.5025	2.93215	62.7973	63.2905
0.5025	3.03687	52.7235	53.082
0.5025	3.14159	43.5315	43.6499
0.511	-3.14159	42.7251	42.9311
0.511	-3.03687	34.5585	34.7888
0.511	-2.93215	27.4743	27.6109
0.511	-2.82743	21.4557	21.3728
0.511	-2.72271	16.2126	16.1535
0.511	-2.61799	11.9518	11.9397
0.511	-2.51327	8.58641	8.58617
0.511	-2.40855	6.00814	6.01113
0.511	-2.30383	4.10169	4.10416
0.511	-2.19911	2.73786	2.73351
0.511	-2.0944	1.78757	1.78462
0.511	-1.98968	1.16474	1.1638
0.511	-1.88496	0.777566	0.778767
0.511	-1.78024	0.552572	0.555991
0.511	-1.67552	0.437972	0.442504
0.511	-1.5708	0.406222	0.411409
0.511	-1.46608	0.452076	0.451494
0.511	-1.36136	0.532182	0.544026
0.511	-1.25664	0.756574	0.766706
0.511	-1.15192	1.21768	1.22132
0.511	-1.0472	2.01284	2.03933
0.511	-0.942478	3.23947	3.24244
0.511	-0.837758	4.95811	4.95093
0.511	-0.733038	7.37323	7.34741
0.511	-0.628319	10.6275	10.5643
0.511	-0.523599	14.838	14.7163
0.511	-0.418879	20.0704	19.8891
0.511	-0.314159	26.1741	26.0887
0.511	-0.20944	33.3868	33.4384
0.511	-0.10472	41.7743	41.7259
0.511	-2.66454e-15	51.0729	51.1148
0.511	0.10472	61.2393	61.5501
0.511	0.20944	72.1708	72.7423
0.511	0.314159	83.518	84.4489
0.511	0.418879	95.3435	96.6702
0.511	0.523599	107.07	109.165
0.511	0.628319	118.784	121.303
0.511	0.733038	129.842	133.133
0.511	0.837758	140.396	144.356
0.511	0.942478	150.144	154.41
0.511	1.0472	158.787	163.225
0.511	1.15192	166.005	170.593
0.511	1.25664	171.55	176.26
0.511	1.36136	175.273	180.001
0.511	1.46608	177.05	181.81
0.511	1.5708	176.825	181.591
0.511	1.67552	174.503	179.204
0.511	1.78024	170.283	174.95
0.511	1.88496	164.331	168.908
0.511	1.98968	156.861	161.489
0.511	2.0944	148.049	152.575
0.511	2.19911	138.238	142.451
0.511	2.30383	127.747	131.595
0.511	2.40855	116.866	119.984
0.511	2.51327	105.576	108.138
0.511	2.61799	94.1649	96.1332
0.511	2.72271	82.8016	84.2874
0.511	2.82743	71.8129	72.9568
0.511	2.93215	61.3681	62.1869
0.511	3.03687	51.5509	52.0846
0.511	3.14159	42.7251	42.9405
0.5195	-3.14159	41.8576	42.4932
0.5195	-3.03687	33.9715	34.3667
0.5195	-2.93215	27.1274	27.1857
0.5195	-2.82743	21.0059	21.1268
0.5195	-2.72271	15.9101	16.0272
0.5195	-2.61799	11.7662	11.8659
0.5195	-2.51327	8.48302	8.56014
0.5195	-2.40855	5.95763	5.98415
0.5195	-2.30383	4.04611	4.02515
0.5195	-2.19911	2.64342	2.63549
0.5195	-2.0944	1.69039	1.68664
0.5195	-1.98968	1.0468	1.04025
0.5195	-1.88496	0.632043	0.628841
0.5195	-1.78024	0.386931	0.386063
0.5195	-1.67552	0.259451	0.260016
0.5195	-1.5708	0.222243	0.223441
0.5195	-1.46608	0.2739	0.26408
0.5195	-1.36136	0.402839	0.402374
0.5195	-1.25664	0.656641	0.656936
0.5195	-1.15192	1.13599	1.13331
0.5195	-1.0472	1.96869	1.94792
0.5195	-0.942478	3.24276	3.18956
0.5195	-0.837758	4.96415	4.997
0.5195	-0.733038	7.34414	7.37607
0.5195	-0.628319	10.5293	10.5549
0.5195	-0.523599	14.6352	14.6427
0.5195	-0.418879	19.7333	19.7275
0.5195	-0.314159	25.874	25.8014
0.5195	-0.20944	32.9315	32.9932
0.5195	-0.10472	41.0369	41.3115
0.5195	-2.66454e-15	50.2503	50.5306
0.5195	0.10472	60.1218	60.6793
0.5195	0.20944	70.7761	71.6162
0.5195	0.314159	81.8633	83.2814
0.5195	0.418879	93.3153	95.1516
0.5195	0.523599	104.791	107.278
0.5195	0.628319	116.095	119.375
0.5195	0.733038	126.937	130.839
0.5195	0.837758	137.024	141.709
0.5195	0.942478	146.335	151.686
0.5195	1.0472	154.585	160.311
0.5195	1.15192	161.467	167.436
0.5195	1.25664	166.749	172.949
0.5195	1.36136	170.29	176.541
0.5195	1.46608	171.973	178.175
0.5195	1.5708	171.745	177.879
0.5195	1.67552	169.52	175.798
0.5195	1.78024	165.478	171.634
0.5195	1.88496	159.783	165.807
0.5195	1.98968	152.639	158.692
0.5195	2.0944	144.226	149.945
0.5195	2.19911	134.841	139.835
0.5195	2.30383	124.806	129.232
0.5195	2.40855	114.249	117.846
0.5195	2.51327	103.221	106.32
0.5195	2.61799	92.1625	94.5343
0.5195	2.72271	81.0479	83.0331
0.5195	2.82743	70.4379	71.8969
0.5195	2.93215	60.121	61.2385
0.5195	3.03687	50.6724	51.405
0.5195	3.14159	41.8576	42.4723
0.528	-3.14159	41.3274	42.0697
0.528	-3.03687	33.6706	34.1335
0.528	-2.93215	26.735	27.1288
0.528	-2.82743	20.7816	21.1301
0.528	-2.72271	15.8125	16.1022
0.528	-2.61799	11.758	11.878
0.528	-2.51327	8.44591	8.4938
0.528	-2.40855	5.83083	5.87204
0.528	-2.30383	3.8747	3.90718
0.528	-2.19911	2.46578	2.49
0.528	-2.0944	1.49585	1.51357
0.528	-1.98968	0.865417	0.865813
0.528	-1.88496	0.470199	0.471416
0.528	-1.78024	0.2044	0.204852
0.528	-1.67552	0.0615279	0.0616337
0.528	-1.5708	0.0155386	0.0155386
0.528	-1.46608	0.0626925	0.0632206
0.528	-1.36136	0.22432	0.224483
0.528	-1.25664	0.546705	0.549283
0.528	-1.15192	1.0447	1.04637
0.528	-1.0472	1.88112	1.88084
0.528	-0.942478	3.13145	3.12426
0.528	-0.837758	4.94756	4.9276
0.528	-0.733038	7.44763	7.40267
0.528	-0.628319	10.6909	10.6674
0.528	-0.523599	14.7095	14.8284
0.528	-0.418879	19.713	19.8548
0.528	-0.314159	25.7474	25.9004
0.528	-0.20944	32.8399	32.9559
0.528	-0.10472	40.7114	41.1024
0.528	-2.66454e-15	49.6296	50.3093
0.528	0.10472	59.4343	60.2773
0.528	0.20944	69.764	71.0303
0.528	0.314159	80.7668	82.3862
0.528	0.418879	91.7923	94.1702
0.528	0.523599	103.12	105.971
0.528	0.628319	113.978	117.755
0.528	0.733038	124.626	129.165
0.528	0.837758	134.365	139.724
0.528	0.942478	143.288	149.412
0.528	1.0472	151.141	157.955
0.528	1.15192	157.692	165.088
0.528	1.25664	162.745	170.406
0.528	1.36136	166.132	173.883
0.528	1.46608	167.74	175.578
0.528	1.5708	167.46	175.416
0.528	1.67552	165.316	172.95
0.528	1.78024	161.448	169.273
0.528	1.88496	156	163.326
0.528	1.98968	149.134	156.199
0.528	2.0944	141.042	147.424
0.528	2.19911	132.057	137.745
0.528	2.30383	122.445	127.338
0.528	2.40855	112.003	116.41
0.528	2.51327	101.389	104.916
0.528	2.61799	90.422	93.4475
0.528	2.72271	79.7345	82.1879
0.528	2.82743	69.2275	71.1268
0.528	2.93215	59.2833	60.7457
0.528	3.03687	49.9793	51.1433
0.528	3.14159	41.3274	42.1441
0.5365	-3.14159	41.4736	42.5731
0.5365	-3.03687	33.8663	34.6919
0.5365	-2.93215	27.0608	27.7903
0.5365	-2.82743	21.2458	21.8384
0.5365	-2.72271	16.3761	16.6297
0.5365	-2.61799	12.2674	12.4509
0.5365	-2.51327	8.92015	9.09376
0.5365	-2.40855	6.31643	6.45228
0.5365	-2.30383	4.35183	4.45086
0.5365	-2.19911	2.92244	2.98998
0.5365	-2.0944	1.93283	1.94686
0.5365	-1.98968	1.29194	1.30072
0.5365	-1.88496	0.904836	0.908255
0.5365	-1.78024	0.651571	0.660479
0.5365	-1.67552	0.495097	0.496722
0.5365	-1.5708	0.456073	0.458611
0.5365	-1.46608	0.521734	0.524415
0.5365	-1.36136	0.708869	0.712794
0.5365	-1.25664	1.06424	1.07044
0.5365	-1.15192	1.62307	1.63173
0.5365	-1.0472	2.47144	2.48538
0.5365	-0.942478	3.75066	3.76897
0.5365	-0.837758	5.57446	5.59492
0.5365	-0.733038	8.06246	8.0792
0.5365	-0.628319	11.3333	11.335
0.5365	-0.523599	15.4934	15.4662
0.5365	-0.418879	20.37	20.5612
0.5365	-0.314159	26.2743	26.6814
0.5365	-0.20944	33.2476	33.6893
0.5365	-0.10472	41.1982	41.7235
0.5365	-2.66454e-15	49.8569	50.7829
0.5365	0.10472	59.4769	60.7416
0.5365	0.20944	69.5668	71.1377
0.5365	0.314159	80.2493	82.4382
0.5365	0.418879	91.1257	94.0812
0.5365	0.523599	102.066	105.7
0.5365	0.628319	112.852	117.046
0.5365	0.733038	123.022	128.207
0.5365	0.837758	132.65	138.801
0.5365	0.942478	141.173	148.2
0.5365	1.0472	148.7	156.434
0.5365	1.15192	154.992	163.441
0.5365	1.25664	159.847	168.365
0.5365	1.36136	163.104	172.015
0.5365	1.46608	164.56	173.53
0.5365	1.5708	164.249	173.242
0.5365	1.67552	162.204	171.289
0.5365	1.78024	158.507	167.662
0.5365	1.88496	153.228	161.51
0.5365	1.98968	146.58	154.716
0.5365	2.0944	138.827	146.31
0.5365	2.19911	130.214	136.784
0.5365	2.30383	120.702	126.348
0.5365	2.40855	110.584	115.348
0.5365	2.51327	100.157	104.373
0.5365	2.61799	89.533	93.1218
0.5365	2.72271	79.14	82.1112
0.5365	2.82743	68.8513	71.236
0.5365	2.93215	59.1658	60.7727
0.5365	3.03687	49.8647	51.4074
0.5365	3.14159	41.4736	42.5731
0.545	-3.14159	43.0182	44.0815
0.545	-3.03687	35.4504	36.3661
0.545	-2.93215	28.7958	29.5264
0.545	-2.82743	23.0918	23.7637
0.545	-2.72271	18.2363	18.7698
0.545	-2.61799	14.0963	14.363
0.545	-2.51327	10.804	11.0708
0.545	-2.40855	8.18433	8.30336
0.545	-2.30383	6.21412	6.33865
0.545	-2.19911	4.78683	4.85946
0.545	-2.0944	3.84437	3.85393
0.545	-1.98968	3.19322	3.22257
0.545	-1.88496	2.78761	2.81897
0.545	-1.78024	2.51706	2.54719
0.545	-1.67552	2.37131	2.40199
0.545	-1.5708	2.3509	2.37923
0.545	-1.46608	2.4385	2.46662
0.545	-1.36136	2.65566	2.68581
0.545	-1.25664	3.04692	3.0816
0.545	-1.15192	3.6735	3.71682
0.545	-1.0472	4.56031	4.61306
0.545	-0.942478	5.87048	5.93657
0.545	-0.837758	7.71323	7.79525
0.545	-0.733038	10.2025	10.3006
0.545	-0.628319	13.4509	13.5609
0.545	-0.523599	17.5641	17.6757
0.545	-0.418879	22.5167	22.729
0.545	-0.314159	28.3007	28.7838
0.545	-0.20944	35.1122	35.7244
0.545	-0.10472	42.9669	43.6106
0.545	-2.66454e-15	51.4766	52.4793
0.545	0.10472	60.8648	62.2605
0.545	0.20944	70.8723	72.7384
0.545	0.314159	81.2293	83.6398
0.545	0.418879	91.9168	94.955
0.545	0.523599	102.499	106.534
0.545	0.628319	113.038	117.832
0.545	0.733038	122.914	128.669
0.545	0.837758	132.306	138.881
0.545	0.942478	140.616	148.124
0.545	1.0472	147.872	156.099
0.545	1.15192	153.937	162.794
0.545	1.25664	158.531	167.871
0.545	1.36136	161.578	171.289
0.545	1.46608	162.982	172.989
0.545	1.5708	162.702	172.657
0.545	1.67552	160.714	170.526
0.545	1.78024	157.07	166.654
0.545	1.88496	151.973	161.336
0.545	1.98968	145.603	154.357
0.545	2.0944	138.167	146.261
0.545	2.19911	129.724	136.819
0.545	2.30383	120.35	126.584
0.545	2.40855	110.615	116.046
0.545	2.51327	100.376	105.291
0.545	2.61799	90.0995	93.978
0.545	2.72271	79.7546	83.2317
0.545	2.82743	69.7608	72.8765
0.545	2.93215	60.2116	62.2244
0.545	3.03687	51.1813	52.7222
0.545	3.14159	43.0182	44.5222
0.5535	-3.14159	46.7843	48.2596
0.5535	-3.03687	39.357	40.6526
0.5535	-2.93215	32.8728	33.8431
0.5535	-2.82743	27.2213	27.9143
0.5535	-2.72271	22.3772	22.9164
0.5535	-2.61799	18.304	18.7962
0.5535	-2.51327	15.0221	15.3818
0.5535	-2.40855	12.4488	12.9006
0.5535	-2.30383	10.4992	10.9155
0.5535	-2.19911	9.07978	9.28681
0.5535	-2.0944	8.20758	8.26189
0.5535	-1.98968	7.54613	7.69318
0.5535	-1.88496	7.01817	7.23453
0.5535	-1.78024	6.79251	6.94246
0.5535	-1.67552	6.66897	6.81168
0.5535	-1.5708	6.66591	6.80315
0.5535	-1.46608	6.78097	6.91698
0.5535	-1.36136	7.03459	7.17259
0.5535	-1.25664	7.46911	7.61317
0.5535	-1.15192	8.14709	8.30212
0.5535	-1.0472	9.09803	9.27231
0.5535	-0.942478	10.4499	10.6452
0.5535	-0.837758	12.324	12.5474
0.5535	-0.733038	14.8283	15.0857
0.5535	-0.628319	18.0697	18.3638
0.5535	-0.523599	22.1485	22.4766
0.5535	-0.418879	27.1194	27.5047
0.5535	-0.314159	32.8043	33.5072
0.5535	-0.20944	39.477	40.4528
0.5535	-0.10472	47.1513	48.2271
0.5535	-2.66454e-15	55.5043	56.9524
0.5535	0.10472	64.6037	66.5284
0.5535	0.20944	74.4444	76.8995
0.5535	0.314159	84.5051	87.5748
0.5535	0.418879	94.9959	98.6692
0.5535	0.523599	105.255	109.967
0.5535	0.628319	115.502	120.986
0.5535	0.733038	125.112	131.584
0.5535	0.837758	134.145	141.558
0.5535	0.942478	142.287	150.682
0.5535	1.0472	149.234	158.491
0.5535	1.15192	155.023	164.93
0.5535	1.25664	159.469	169.869
0.5535	1.36136	162.426	173.336
0.5535	1.46608	163.743	174.739
0.5535	1.5708	163.389	174.455
0.5535	1.67552	161.432	172.363
0.5535	1.78024	157.949	168.574
0.5535	1.88496	153.044	163.409
0.5535	1.98968	146.829	156.47
0.5535	2.0944	139.593	148.55
0.5535	2.19911	131.321	139.315
0.5535	2.30383	122.294	129.334
0.5535	2.40855	112.786	118.865
0.5535	2.51327	102.716	108.402
0.5535	2.61799	92.7135	97.1527
0.5535	2.72271	82.6219	86.5233
0.5535	2.82743	72.883	76.1576
0.5535	2.93215	63.5119	66.6778
0.5535	3.03687	54.729	57.2433
0.5535	3.14159	46.8031	48.5746
0.562	-3.14159	53.8296	56.0564
0.562	-3.03687	46.5519	48.5593
0.562	-2.93215	40.1751	41.8533
0.562	-2.82743	34.6957	35.97
0.562	-2.72271	29.9531	30.9696
0.562	-2.61799	25.9345	26.8267
0.562	-2.51327	22.6949	23.4731
0.562	-2.40855	20.1521	20.8361
0.562	-2.30383	18.2173	18.8249
0.562	-2.19911	16.7935	17.3416
0.562	-2.0944	15.7883	16.294
0.562	-1.98968	15.1178	15.7427
0.562	-1.88496	14.7081	15.247
0.562	-1.78024	14.4895	14.9648
0.562	-1.67552	14.3797	14.8405
0.562	-1.5708	14.4009	14.8533
0.562	-1.46608	14.551	14.9996
0.562	-1.36136	14.8495	15.2989
0.562	-1.25664	15.3365	15.7922
0.562	-1.15192	16.0713	16.5403
0.562	-1.0472	17.0767	17.5769
0.562	-0.942478	18.482	19.0092
0.562	-0.837758	20.4001	20.9658
0.562	-0.733038	22.9337	23.549
0.562	-0.628319	26.184	26.8584
0.562	-0.523599	30.2457	30.9841
0.562	-0.418879	35.1056	36.0023
0.562	-0.314159	40.7097	41.9681
0.562	-0.20944	47.2638	48.7864
0.562	-0.10472	54.7788	56.4652
0.562	-2.66454e-15	62.979	65.064
0.562	0.10472	71.8784	74.5142
0.562	0.20944	81.419	84.6471
0.562	0.314159	91.1866	95.1151
0.562	0.418879	101.375	105.98
0.562	0.523599	111.241	117.034
0.562	0.628319	121.171	127.849
0.562	0.733038	130.514	138.225
0.562	0.837758	139.219	147.983
0.562	0.942478	147.115	156.911
0.562	1.0472	153.78	164.465
0.562	1.15192	159.284	170.73
0.562	1.25664	163.622	175.535
0.562	1.36136	166.459	178.74
0.562	1.46608	167.582	180.248
0.562	1.5708	167.597	179.94
0.562	1.67552	165.381	177.888
0.562	1.78024	162.005	174.184
0.562	1.88496	157.244	168.924
0.562	1.98968	151.129	162.432
0.562	2.0944	144.143	154.578
0.562	2.19911	136.076	145.545
0.562	2.30383	127.42	136.052
0.562	2.40855	118.038	125.453
0.562	2.51327	108.358	114.961
0.562	2.61799	98.6032	104.409
0.562	2.72271	88.8236	93.7235
0.562	2.82743	79.4023	83.4212
0.562	2.93215	70.2734	73.6444
0.562	3.03687	61.7056	64.4663
0.562	3.14159	53.8347	56.0777
0.5705	-3.14159	65.2432	68.5861
0.5705	-3.03687	58.1117	61.1341
0.5705	-2.93215	51.8454	54.5588
0.5705	-2.82743	46.4495	48.8016
0.5705	-2.72271	41.8855	43.8195
0.5705	-2.61799	37.9257	39.6852
0.5705	-2.51327	34.7216	36.3305
0.5705	-2.40855	32.1956	33.6795
0.5705	-2.30383	30.2617	31.6464
0.5705	-2.19911	28.8318	30.3975
0.5705	-2.0944	27.8197	29.2631
0.5705	-1.98968	27.1453	28.4906
0.5705	-1.88496	26.738	27.9956
0.5705	-1.78024	26.4975	27.7128
0.5705	-1.67552	26.4091	27.6037
0.5705	-1.5708	26.4634	27.6449
0.5705	-1.46608	26.6583	27.8319
0.5705	-1.36136	27.0117	28.1825
0.5705	-1.25664	27.5617	28.7376
0.5705	-1.15192	28.3369	29.5546
0.5705	-1.0472	29.3974	30.6343
0.5705	-0.942478	30.8685	32.1363
0.5705	-0.837758	32.844	34.1583
0.5705	-0.733038	35.4211	36.7984
0.5705	-0.628319	38.6956	40.1512
0.5705	-0.523599	42.7567	44.3032
0.5705	-0.418879	47.4369	49.3262
0.5705	-0.314159	52.9801	55.206
0.5705	-0.20944	59.4371	61.8834
0.5705	-0.10472	66.7961	69.4853
0.5705	-2.66454e-15	74.6875	77.9774
0.5705	0.10472	83.3757	87.2898
0.5705	0.20944	92.7093	97.1512
0.5705	0.314159	102.208	107.431
0.5705	0.418879	112.025	118.086
0.5705	0.523599	121.642	128.905
0.5705	0.628319	131.244	139.338
0.5705	0.733038	140.185	149.466
0.5705	0.837758	148.602	159.023
0.5705	0.942478	156.145	167.703
0.5705	1.0472	162.606	175.025
0.5705	1.15192	167.925	181.264
0.5705	1.25664	171.883	185.941
0.5705	1.36136	174.701	189.046
0.5705	1.46608	175.863	190.5
0.5705	1.5708	175.452	190.182
0.5705	1.67552	173.568	188.076
0.5705	1.78024	170.13	184.525
0.5705	1.88496	165.682	179.396
0.5705	1.98968	159.673	172.837
0.5705	2.0944	152.94	165.208
0.5705	2.19911	145.17	156.416
0.5705	2.30383	136.55	146.841
0.5705	2.40855	127.68	136.785
0.5705	2.51327	118.148	126.554
0.5705	2.61799	108.799	116.089
0.5705	2.72271	99.1719	105.667
0.5705	2.82743	90.1407	95.6379
0.5705	2.93215	81.3061	86.0131
0.5705	3.03687	72.9299	76.9322
0.5705	3.14159	65.1792	68.5874
0.579	-3.14159	81.503	86.8744
0.579	-3.03687	74.7087	79.4838
0.579	-2.93215	68.5525	72.9509
0.579	-2.82743	63.2375	67.2834
0.579	-2.72271	58.7344	62.4597
0.579	-2.61799	54.9737	58.3215
0.579	-2.51327	51.7903	54.9545
0.579	-2.40855	49.2731	52.2853
0.579	-2.30383	47.3404	50.2315
0.579	-2.19911	45.9085	48.904
0.579	-2.0944	44.8951	47.765
0.579	-1.98968	44.21	46.9802
0.579	-1.88496	43.7607	46.4755
0.579	-1.78024	43.527	46.2076
0.579	-1.67552	43.4698	46.1234
0.579	-1.5708	43.5676	46.2002
0.579	-1.46608	43.8179	46.435
0.579	-1.36136	44.2375	46.8481
0.579	-1.25664	44.8122	47.4755
0.579	-1.15192	45.6272	48.3034
0.579	-1.0472	46.7691	49.46
0.579	-0.942478	48.3188	51.0419
0.579	-0.837758	50.3649	53.1404
0.579	-0.733038	52.9994	55.8479
0.579	-0.628319	56.2846	59.2564
0.579	-0.523599	60.1446	63.4459
0.579	-0.418879	64.7964	68.3336
0.579	-0.314159	70.2958	74.0756
0.579	-0.20944	76.6737	80.7183
0.579	-0.10472	83.758	88.258
0.579	-2.66454e-15	91.4996	96.6579
0.579	0.10472	99.9998	105.787
0.579	0.20944	108.792	115.372
0.579	0.314159	118.098	125.481
0.579	0.418879	127.637	135.943
0.579	0.523599	136.969	146.382
0.579	0.628319	146.21	156.6
0.579	0.733038	154.822	166.507
0.579	0.837758	162.977	175.881
0.579	0.942478	169.955	184.157
0.579	1.0472	176.418	191.368
0.579	1.15192	181.363	197.326
0.579	1.25664	185.408	201.887
0.579	1.36136	187.947	204.856
0.579	1.46608	188.77	206.251
0.579	1.5708	188.682	205.985
0.579	1.67552	186.704	203.947
0.579	1.78024	183.575	200.363
0.579	1.88496	178.752	195.393
0.579	1.98968	173.456	189.029
0.579	2.0944	166.645	181.596
0.579	2.19911	159.192	173.012
0.579	2.30383	151.004	163.614
0.579	2.40855	142.386	153.794
0.579	2.51327	133.256	143.679
0.579	2.61799	123.926	133.627
0.579	2.72271	114.794	123.183
0.579	2.82743	105.852	113.303
0.579	2.93215	97.1431	103.94
0.579	3.03687	89.2448	95.0936
0.579	3.14159	81.503	86.8762
