#x	y	0	11a	11b	8
0.426	0.002464	118.783	117.522	120.224	118.514
0.426	0.0024715	115.149	114.227	116.393	114.927
0.426	0.002479	112.943	112.566	113.426	112.855
0.426	0.0024865	111.707	111.377	112.047	111.623
0.426	0.002494	110.757	110.477	111.061	110.682
0.426	0.0025015	110.12	109.874	110.388	110.051
0.426	0.002509	109.809	109.617	110.018	109.741
0.426	0.0025165	109.858	109.696	110.028	109.782
0.426	0.002524	110.228	110.115	110.35	110.152
0.426	0.0025315	110.996	110.924	111.074	110.92
0.426	0.002539	112.176	112.137	112.216	112.099
0.426	0.0025465	113.743	113.722	113.763	113.663
0.426	0.002554	115.724	115.726	115.718	115.642
0.4345	0.002464	89.2785	88.2383	90.5607	89.0637
0.4345	0.0024715	85.4582	84.5814	86.4655	85.2858
0.4345	0.002479	82.2179	81.6132	83.0262	82.0622
0.4345	0.0024865	80.3648	80.1237	80.6112	80.307
0.4345	0.002494	79.2982	79.0922	79.4991	79.2425
0.4345	0.0025015	78.5268	78.3706	78.6958	78.4781
0.4345	0.002509	78.0842	77.9561	78.2227	78.0401
0.4345	0.0025165	77.9978	77.9121	78.0895	77.953
0.4345	0.002524	78.2308	78.1754	78.2888	78.1705
0.4345	0.0025315	78.8032	78.7788	78.8268	78.7427
0.4345	0.002539	79.7967	79.7962	79.7939	79.7358
0.4345	0.0025465	81.2261	81.2419	81.2051	81.1644
0.4345	0.002554	83.0664	83.0887	83.0382	82.9987
0.443	0.002464	65.3356	64.4159	66.4731	65.1465
0.443	0.0024715	61.2578	60.5813	62.0959	61.0891
0.443	0.002479	57.8756	57.3403	58.5404	57.745
0.443	0.0024865	55.2198	54.991	55.6199	55.1183
0.443	0.002494	53.8977	53.765	54.0281	53.8546
0.443	0.0025015	53.016	52.9127	53.1114	52.9747
0.443	0.002509	52.4468	52.381	52.517	52.4107
0.443	0.0025165	52.2161	52.1723	52.262	52.1782
0.443	0.002524	52.3615	52.3455	52.3767	52.3239
0.443	0.0025315	52.8847	52.8822	52.8851	52.8458
0.443	0.002539	53.8152	53.8271	53.7998	53.7756
0.443	0.0025465	55.1919	55.2095	55.1701	55.1512
0.443	0.002554	57.0311	57.046	57.0128	56.9876
0.4515	0.002464	46.7979	45.9609	47.7827	46.6509
0.4515	0.0024715	42.4777	41.8821	43.2161	42.3482
0.4515	0.002479	39.0109	38.5578	39.5026	38.8986
0.4515	0.0024865	36.1926	35.9085	36.5467	36.1108
0.4515	0.002494	34.2843	34.1987	34.4174	34.2491
0.4515	0.0025015	33.3859	33.3269	33.4493	33.3612
0.4515	0.002509	32.8176	32.7807	32.8596	32.7971
0.4515	0.0025165	32.5948	32.573	32.6127	32.5735
0.4515	0.002524	32.7181	32.7162	32.7186	32.6969
0.4515	0.0025315	33.2652	33.272	33.2539	33.243
0.4515	0.002539	34.1933	34.2043	34.1797	34.1696
0.4515	0.0025465	35.5766	35.5831	35.5685	35.5516
0.4515	0.002554	37.4338	37.4264	37.4418	37.4072
0.46	0.002464	33.395	32.6899	34.2427	33.2581
0.46	0.0024715	28.9432	28.4154	29.5975	28.8464
0.46	0.002479	25.3457	25.0108	25.7617	25.2634
0.46	0.0024865	22.529	22.2993	22.8154	22.473
0.46	0.002494	20.4805	20.3365	20.6296	20.4432
0.46	0.0025015	19.3785	19.3434	19.4088	19.3624
0.46	0.002509	18.8478	18.8334	18.8628	18.8361
0.46	0.0025165	18.6628	18.6591	18.6659	18.6524
0.46	0.002524	18.8435	18.8467	18.839	18.8333
0.46	0.0025315	19.3887	19.3958	19.3799	19.3717
0.46	0.002539	20.3282	20.331	20.3244	20.3078
0.46	0.0025465	21.6961	21.6839	21.7097	21.674
0.46	0.002554	23.5497	23.5132	23.5916	23.5256
0.4685	0.002464	24.3435	23.7312	25.1008	24.217
0.4685	0.0024715	19.8283	19.372	20.3827	19.7416
0.4685	0.002479	16.1562	15.884	16.4951	16.0841
0.4685	0.0024865	13.3676	13.1929	13.5863	13.3208
0.4685	0.002494	11.3619	11.2821	11.4497	11.3261
0.4685	0.0025015	10.1247	10.1112	10.1395	10.1126
0.4685	0.002509	9.6171	9.61327	9.62099	9.60853
0.4685	0.0025165	9.4562	9.45838	9.45328	9.44871
0.4685	0.002524	9.6703	9.67347	9.66548	9.66224
0.4685	0.0025315	10.2659	10.264	10.2679	10.2571
0.4685	0.002539	11.3154	11.3006	11.3284	11.3029
0.4685	0.0025465	12.7852	12.7507	12.8248	12.7708
0.4685	0.002554	14.7496	14.6857	14.8258	14.7346
0.477	0.002464	18.8069	18.2418	19.5049	18.7071
0.477	0.0024715	14.2612	13.8523	14.694	14.1782
0.477	0.002479	10.5412	10.3075	10.8318	10.4891
0.477	0.0024865	7.79533	7.65245	7.95238	7.76448
0.477	0.002494	5.82948	5.77936	5.89242	5.80714
0.477	0.0025015	4.64232	4.63145	4.65917	4.63139
0.477	0.002509	4.18354	4.18175	4.18438	4.18045
0.477	0.0025165	4.13207	4.13373	4.13002	4.12953
0.477	0.002524	4.45612	4.45269	4.45992	4.45336
0.477	0.0025315	5.16295	5.1503	5.17732	5.15884
0.477	0.002539	6.31467	6.27919	6.34768	6.30953
0.477	0.0025465	7.89506	7.84028	7.95955	7.88596
0.477	0.002554	9.99663	9.9208	10.0936	9.98634
0.4855	0.002464	15.9854	15.4795	16.5909	15.8968
0.4855	0.0024715	11.3995	11.0771	11.7678	11.3311
0.4855	0.002479	7.70817	7.50437	7.96085	7.67117
0.4855	0.0024865	5.00447	4.89179	5.11148	4.97695
0.4855	0.002494	3.09772	3.06187	3.14247	3.08458
0.4855	0.0025015	2.01105	2.00377	2.02027	2.00621
0.4855	0.002509	1.61867	1.61861	1.61866	1.61818
0.4855	0.0025165	1.67869	1.67847	1.67889	1.67824
0.4855	0.002524	2.11139	2.10127	2.12288	2.11064
0.4855	0.0025315	2.88931	2.86432	2.91775	2.88413
0.4855	0.002539	4.10021	4.04734	4.16198	4.09392
0.4855	0.0025465	5.76284	5.69352	5.84987	5.75201
0.4855	0.002554	7.88041	7.75959	8.07924	7.86748
0.494	0.002464	14.7143	14.263	15.2685	14.622
0.494	0.0024715	10.122	9.86034	10.4436	10.049
0.494	0.002479	6.47672	6.30776	6.6796	6.43547
0.494	0.0024865	3.81917	3.73179	3.90075	3.79195
0.494	0.002494	1.98156	1.95897	2.00986	1.96891
0.494	0.0025015	0.983711	0.981594	0.986465	0.979357
0.494	0.002509	0.663193	0.663483	0.662831	0.662423
0.494	0.0025165	0.763921	0.757238	0.767572	0.763195
0.494	0.002524	1.23859	1.22103	1.2585	1.237
0.494	0.0025315	2.12443	2.09111	2.16249	2.12054
0.494	0.002539	3.47008	3.40956	3.54338	3.46511
0.494	0.0025465	5.28051	5.14452	5.3774	5.27649
0.494	0.002554	7.53696	7.40011	7.69841	7.52526
0.5025	0.002464	14.138	13.711	14.6627	14.0595
0.5025	0.0024715	9.56795	9.32653	9.8648	9.50628
0.5025	0.002479	5.97284	5.82533	6.15493	5.94014
0.5025	0.0024865	3.37257	3.30421	3.43673	3.35004
0.5025	0.002494	1.59862	1.58255	1.61848	1.58983
0.5025	0.0025015	0.660404	0.659713	0.661246	0.658419
0.5025	0.002509	0.413635	0.413134	0.414242	0.413574
0.5025	0.0025165	0.613356	0.608839	0.61836	0.612618
0.5025	0.002524	1.1895	1.16856	1.21319	1.18818
0.5025	0.0025315	2.17927	2.14173	2.22261	2.17562
0.5025	0.002539	3.63748	3.57638	3.7151	3.6329
0.5025	0.0025465	5.51653	5.41627	5.66825	5.5073
0.5025	0.002554	7.91878	7.788	8.10407	7.92046
0.511	0.002464	13.9517	13.5345	14.4645	13.8842
0.511	0.0024715	9.40905	9.17544	9.6962	9.35607
0.511	0.002479	5.84339	5.70226	6.01748	5.81694
0.511	0.0024865	3.27555	3.20451	3.33444	3.25752
0.511	0.002494	1.52952	1.51593	1.54622	1.52331
0.511	0.0025015	0.618885	0.618946	0.618717	0.617933
0.511	0.002509	0.400284	0.399504	0.401185	0.400086
0.511	0.0025165	0.667956	0.663166	0.673125	0.666927
0.511	0.002524	1.31349	1.29231	1.33745	1.31181
0.511	0.0025315	2.30595	2.26466	2.35387	2.30154
0.511	0.002539	3.74816	3.68043	3.83048	3.74276
0.511	0.0025465	5.6175	5.51118	5.7808	5.64217
0.511	0.002554	8.01681	7.8674	8.19708	8.0043
0.5195	0.002464	13.9235	13.5017	14.4416	13.8639
0.5195	0.0024715	9.40427	9.16059	9.69509	9.34158
0.5195	0.002479	5.79727	5.65352	5.97456	5.76345
0.5195	0.0024865	3.19358	3.11807	3.28153	3.17782
0.5195	0.002494	1.43167	1.41686	1.44992	1.42234
0.5195	0.0025015	0.481933	0.478812	0.482377	0.479669
0.5195	0.002509	0.215766	0.21508	0.216613	0.215704
0.5195	0.0025165	0.426408	0.421149	0.431688	0.425625
0.5195	0.002524	1.01529	0.993918	1.0395	1.01387
0.5195	0.0025315	2.02451	1.98648	2.06855	2.02083
0.5195	0.002539	3.49587	3.43215	3.57358	3.49121
0.5195	0.0025465	5.4006	5.29919	5.55443	5.39136
0.5195	0.002554	7.82677	7.68248	8.00036	7.81551
0.528	0.002464	13.9346	13.4949	14.4741	13.8604
0.528	0.0024715	9.41859	9.13061	9.72967	9.35999
0.528	0.002479	5.79291	5.63468	5.9876	5.76157
0.528	0.0024865	3.15215	3.06516	3.25949	3.13779
0.528	0.002494	1.35921	1.32777	1.38469	1.35044
0.528	0.0025015	0.335659	0.326373	0.346745	0.33473
0.528	0.002509	0	0	0	0
0.528	0.0025165	0.195432	0.192836	0.198338	0.19499
0.528	0.002524	0.782596	0.766253	0.801149	0.781564
0.528	0.0025315	1.78607	1.75451	1.82214	1.78311
0.528	0.002539	3.2477	3.1918	3.31693	3.24367
0.528	0.0025465	5.17652	5.06219	5.28616	5.17088
0.528	0.002554	7.56394	7.43059	7.72285	7.55398
0.5365	0.002464	14.6937	14.22	15.274	14.6219
0.5365	0.0024715	10.1881	9.849	10.5552	10.1479
0.5365	0.002479	6.54442	6.36041	6.77023	6.51332
0.5365	0.0024865	3.84283	3.73499	3.97537	3.82809
0.5365	0.002494	1.97899	1.92603	2.03514	1.97341
0.5365	0.0025015	0.859898	0.842012	0.881846	0.858508
0.5365	0.002509	0.440551	0.439933	0.441231	0.440334
0.5365	0.0025165	0.607323	0.60673	0.607998	0.607041
0.5365	0.002524	1.1749	1.16436	1.1863	1.1741
0.5365	0.0025315	2.1531	2.13086	2.1786	2.15085
0.5365	0.002539	3.57925	3.53219	3.63529	3.57588
0.5365	0.0025465	5.48735	5.38858	5.56338	5.48136
0.5365	0.002554	7.7596	7.6397	7.95765	7.7495
0.545	0.002464	16.9156	16.3925	17.555	16.843
0.545	0.0024715	12.4022	12.017	12.8718	12.36
0.545	0.002479	8.76391	8.54143	9.03601	8.73047
0.545	0.0024865	5.99041	5.85053	6.16156	5.97325
0.545	0.002494	4.03406	3.95282	4.12881	4.02639
0.545	0.0025015	2.80266	2.76791	2.84538	2.79991
0.545	0.002509	2.33446	2.33123	2.3381	2.33345
0.545	0.0025165	2.4632	2.46316	2.46238	2.46265
0.545	0.002524	3.00155	2.99735	3.00638	3.0007
0.545	0.0025315	3.9401	3.92729	3.95484	3.93831
0.545	0.002539	5.33172	5.29766	5.37142	5.32881
0.545	0.0025465	7.12807	7.07471	7.19235	7.12101
0.545	0.002554	9.3888	9.23579	9.47868	9.39842
0.5535	0.002464	21.4365	20.8291	22.154	21.3595
0.5535	0.0024715	16.9265	16.4589	17.4721	16.8791
0.5535	0.002479	13.3017	12.9938	13.6465	13.267
0.5535	0.0024865	10.4495	10.2572	10.6859	10.4294
0.5535	0.002494	8.39941	8.28309	8.54224	8.38834
0.5535	0.0025015	7.06721	7.00728	7.14048	7.06135
0.5535	0.002509	6.64349	6.62826	6.65811	6.64196
0.5535	0.0025165	6.7444	6.74202	6.74696	6.74267
0.5535	0.002524	7.26202	7.2618	7.26232	7.26024
0.5535	0.0025315	8.16239	8.15791	8.16763	8.16044
0.5535	0.002539	9.48618	9.4658	9.50991	9.48251
0.5535	0.0025465	11.2248	11.1889	11.2668	11.2187
0.5535	0.002554	13.4131	13.3531	13.4885	13.4051
0.562	0.002464	29.0274	28.2456	29.9078	28.9699
0.562	0.0024715	24.562	24.0178	25.2302	24.5113
0.562	0.002479	20.9782	20.5679	21.442	20.9454
0.562	0.0024865	18.1224	17.8738	18.4272	18.0943
0.562	0.002494	16.0081	15.844	16.209	15.9903
0.562	0.0025015	14.6822	14.5656	14.7509	14.6736
0.562	0.002509	14.3492	14.3204	14.381	14.3452
0.562	0.0025165	14.4634	14.4536	14.4741	14.4597
0.562	0.002524	14.9698	14.9674	14.9722	14.9666
0.562	0.0025315	15.8653	15.8658	15.8648	15.8618
0.562	0.002539	17.211	17.2044	17.219	17.207
0.562	0.0025465	18.9275	18.9106	18.9473	18.9208
0.562	0.002554	21.0824	21.0427	21.1295	21.0742
0.5705	0.002464	40.4528	39.5849	41.5168	40.3814
0.5705	0.0024715	36.1687	35.539	36.939	36.1046
0.5705	0.002479	32.6246	32.1329	33.2273	32.5794
0.5705	0.0024865	29.8387	29.4662	30.2305	29.7989
0.5705	0.002494	27.6859	27.458	27.964	27.6578
0.5705	0.0025015	26.6083	26.5247	26.6952	26.5993
0.5705	0.002509	26.3754	26.3258	26.4299	26.3671
0.5705	0.0025165	26.5396	26.5156	26.5657	26.5317
0.5705	0.002524	27.0669	27.0554	27.0791	27.0597
0.5705	0.0025315	27.995	27.9945	27.9953	27.9878
0.5705	0.002539	29.3652	29.3664	29.364	29.3578
0.5705	0.0025465	31.1451	31.1423	31.1486	31.1378
0.5705	0.002554	33.3588	33.3429	33.3777	33.3481
0.579	0.002464	56.4274	55.4583	57.6127	56.3373
0.579	0.0024715	52.3415	51.5361	53.2598	52.2737
0.579	0.002479	48.8972	48.3068	49.6188	48.8352
0.579	0.0024865	46.1524	45.6843	46.7242	46.1052
0.579	0.002494	44.2216	43.9275	44.5038	44.1975
0.579	0.0025015	43.5674	43.4485	43.6981	43.5515
0.579	0.002509	43.4367	43.3575	43.5236	43.4216
0.579	0.0025165	43.6797	43.6215	43.7433	43.6688
0.579	0.002524	44.2856	44.2549	44.3189	44.2733
0.579	0.0025315	45.2934	45.2832	45.3039	45.2796
0.579	0.002539	46.7158	46.7136	46.7176	46.7038
0.579	0.0025465	48.5426	48.5456	48.5389	48.53
0.579	0.002554	50.8331	50.8329	50.8337	50.8198
