#x	y	0	11a	11b	8
-3.14159	0.002464	71.1271	69.4336	73.2114	70.5227
-3.14159	0.0024715	63.3395	62.0545	64.9245	62.8482
-3.14159	0.002479	56.8273	55.8886	57.9879	56.4404
-3.14159	0.0024865	51.5377	50.886	52.3454	51.2472
-3.14159	0.002494	47.4207	46.9999	47.9438	47.2193
-3.14159	0.0025015	44.4299	44.1865	44.7334	44.3107
-3.14159	0.002509	42.5223	42.406	42.668	42.4791
-3.14159	0.0025165	41.6587	41.6218	41.7051	41.6855
-3.14159	0.002524	41.7747	41.7679	41.7832	41.8633
-3.14159	0.0025315	42.6129	42.6128	42.6129	42.7043
-3.14159	0.002539	43.8374	43.832	43.8433	43.9007
-3.14159	0.0025465	45.5184	45.4983	45.5406	45.5706
-3.14159	0.002554	47.7015	47.6598	47.7504	47.7414
-3.03687	0.002464	63.55	61.822	65.6795	63.0247
-3.03687	0.0024715	55.7732	54.4583	57.3972	55.3456
-3.03687	0.002479	49.2637	48.2996	50.4573	48.9261
-3.03687	0.0024865	43.9691	43.2963	44.804	43.7145
-3.03687	0.002494	39.8399	39.4022	40.3848	39.662
-3.03687	0.0025015	36.8303	36.574	37.1502	36.7212
-3.03687	0.002509	34.8974	34.7722	35.0483	34.8418
-3.03687	0.0025165	33.9476	33.95	34.0372	33.9979
-3.03687	0.002524	34.0529	34.0459	34.0615	34.121
-3.03687	0.0025315	34.7922	34.7922	34.7921	34.8558
-3.03687	0.002539	35.996	35.9914	36.001	36.0503
-3.03687	0.0025465	37.6787	37.6602	37.6991	37.7227
-3.03687	0.002554	39.8611	39.821	39.9078	39.8935
-2.93215	0.002464	56.6592	54.9245	58.7979	56.1604
-2.93215	0.0024715	48.8724	47.5528	50.5033	48.4645
-2.93215	0.002479	42.3512	41.3838	43.5498	42.0269
-2.93215	0.0024865	37.0425	36.3677	37.8809	36.7951
-2.93215	0.002494	32.8966	32.4578	33.4436	32.7201
-2.93215	0.0025015	29.8672	29.6106	30.1883	29.756
-2.93215	0.002509	27.9115	27.7864	28.0688	27.8605
-2.93215	0.0025165	26.9903	26.9489	27.0428	26.9947
-2.93215	0.002524	27.0685	27.0662	27.0715	27.1242
-2.93215	0.0025315	27.8601	27.8597	27.8605	27.9053
-2.93215	0.002539	29.1026	29.0944	29.1115	29.1387
-2.93215	0.0025465	30.8266	30.8008	30.855	30.855
-2.93215	0.002554	33.0542	33.0045	33.1007	33.0733
-2.82743	0.002464	50.471	48.735	52.6131	50.0508
-2.82743	0.0024715	42.7419	41.4205	44.3758	42.3976
-2.82743	0.002479	36.2676	35.2989	37.4689	35.9939
-2.82743	0.0024865	30.9969	30.3209	31.8377	30.7878
-2.82743	0.002494	26.8805	26.4405	27.4295	26.7307
-2.82743	0.0025015	23.8725	23.6148	24.1952	23.7773
-2.82743	0.002509	21.9306	21.8046	22.0891	21.8857
-2.82743	0.0025165	21.0163	20.9743	21.0695	21.0178
-2.82743	0.002524	21.095	21.0924	21.0983	21.1394
-2.82743	0.0025315	21.8902	21.8898	21.8906	21.9262
-2.82743	0.002539	23.1412	23.1328	23.1503	23.1701
-2.82743	0.0025465	24.871	24.8449	24.8997	24.893
-2.82743	0.002554	27.0555	27.0119	27.1063	27.0539
-2.72271	0.002464	45.1239	43.4027	47.2488	44.7726
-2.72271	0.0024715	37.4724	36.164	39.0917	37.1851
-2.72271	0.002479	31.0655	30.1072	32.2535	30.8373
-2.72271	0.0024865	25.8519	25.1843	26.6567	25.6675
-2.72271	0.002494	21.7835	21.3501	22.2998	21.6502
-2.72271	0.0025015	18.816	18.5632	19.1319	18.7372
-2.72271	0.002509	16.9071	16.7844	17.0617	16.8693
-2.72271	0.0025165	16.0185	15.9783	16.0696	16.0185
-2.72271	0.002524	16.1163	16.1141	16.1191	16.1511
-2.72271	0.0025315	16.9199	16.9193	16.9204	16.9469
-2.72271	0.002539	18.1597	18.1501	18.1703	18.1668
-2.72271	0.0025465	19.7875	19.7574	19.8215	19.7861
-2.72271	0.002554	21.9258	21.8696	21.9935	21.9139
-2.61799	0.002464	40.5479	38.8579	42.6357	40.2678
-2.61799	0.0024715	32.9783	31.713	34.5377	32.7312
-2.61799	0.002479	26.6081	25.6972	27.7407	26.4114
-2.61799	0.0024865	21.4477	20.8227	22.2273	21.2969
-2.61799	0.002494	17.4469	17.05	17.9439	17.338
-2.61799	0.0025015	14.5591	14.3357	14.8403	14.4886
-2.61799	0.002509	12.7413	12.6397	12.87	12.7059
-2.61799	0.0025165	11.9285	11.8922	11.9748	11.9282
-2.61799	0.002524	12.0632	12.0615	12.0652	12.0873
-2.61799	0.0025315	12.7703	12.7695	12.7711	12.7804
-2.61799	0.002539	13.9292	13.918	13.9417	13.9323
-2.61799	0.0025465	15.5723	15.5395	15.6096	15.5673
-2.61799	0.002554	17.7267	17.6684	17.798	17.7118
-2.51327	0.002464	36.6481	34.9969	38.6673	36.425
-2.51327	0.0024715	29.1456	27.9268	30.6578	28.9549
-2.51327	0.002479	22.8843	22.0058	23.9772	22.7326
-2.51327	0.0024865	17.8218	17.2231	18.5691	17.7057
-2.51327	0.002494	13.9089	13.5325	14.3806	13.8252
-2.51327	0.0025015	11.0996	10.8911	11.3623	11.0454
-2.51327	0.002509	9.3419	9.24082	9.46804	9.31008
-2.51327	0.0025165	8.54083	8.51306	8.57636	8.53638
-2.51327	0.002524	8.69406	8.69288	8.69547	8.70482
-2.51327	0.0025315	9.41091	9.40935	9.41252	9.41643
-2.51327	0.002539	10.589	10.5753	10.6042	10.5883
-2.51327	0.0025465	12.2516	12.215	12.2934	12.2431
-2.51327	0.002554	14.427	14.3666	14.503	14.4101
-2.40855	0.002464	33.2814	31.7121	35.2243	33.1453
-2.40855	0.0024715	25.9467	24.7734	27.4032	25.8205
-2.40855	0.002479	19.8268	18.9902	20.8682	19.7154
-2.40855	0.0024865	14.8807	14.3158	15.5861	14.7955
-2.40855	0.002494	11.0738	10.7221	11.5129	11.0125
-2.40855	0.0025015	8.33098	8.12896	8.58497	8.28497
-2.40855	0.002509	6.61202	6.52353	6.72397	6.58821
-2.40855	0.0025165	5.88893	5.86761	5.91628	5.88601
-2.40855	0.002524	6.0967	6.09622	6.0973	6.10289
-2.40855	0.0025315	6.83545	6.8326	6.83848	6.83719
-2.40855	0.002539	8.03715	8.02017	8.05616	8.03294
-2.40855	0.0025465	9.7233	9.68181	9.77094	9.71241
-2.40855	0.002554	11.9272	11.862	12.0081	11.9093
-2.30383	0.002464	30.4148	28.903	32.2846	30.3028
-2.30383	0.0024715	23.2696	22.1406	24.6512	23.1776
-2.30383	0.002479	17.3165	16.5114	18.2998	17.2284
-2.30383	0.0024865	12.4977	11.9562	13.1731	12.4271
-2.30383	0.002494	8.78584	8.45146	9.20433	8.73474
-2.30383	0.0025015	6.14203	5.96244	6.36782	6.10876
-2.30383	0.002509	4.52651	4.45229	4.62051	4.51009
-2.30383	0.0025165	3.89989	3.8853	3.91868	3.89831
-2.30383	0.002524	4.168	4.16797	4.16807	4.17065
-2.30383	0.0025315	4.93393	4.92908	4.9392	4.93248
-2.30383	0.002539	6.16335	6.14192	6.18743	6.1567
-2.30383	0.0025465	7.8787	7.8314	7.93365	7.86649
-2.30383	0.002554	10.073	9.99495	10.1653	10.0457
-2.19911	0.002464	27.9616	26.5313	29.731	27.8879
-2.19911	0.0024715	20.994	19.9342	22.3083	20.9336
-2.19911	0.002479	15.2093	14.4591	16.1422	15.1611
-2.19911	0.0024865	10.5596	10.0611	11.181	10.5141
-2.19911	0.002494	6.98841	6.68865	7.36362	6.95414
-2.19911	0.0025015	4.47386	4.31896	4.66869	4.4517
-2.19911	0.002509	2.97744	2.91862	3.05198	2.96679
-2.19911	0.0025165	2.4658	2.4575	2.47656	2.46528
-2.19911	0.002524	2.79486	2.79477	2.79493	2.79525
-2.19911	0.0025315	3.59314	3.58536	3.60173	3.58959
-2.19911	0.002539	4.85558	4.82861	4.88611	4.84773
-2.19911	0.0025465	6.60695	6.55358	6.6704	6.59458
-2.19911	0.002554	8.81908	8.66803	8.91485	8.79563
-2.0944	0.002464	25.857	24.5156	27.5166	25.8136
-2.0944	0.0024715	19.0804	18.0958	20.3016	19.0451
-2.0944	0.002479	13.4753	12.7871	14.3311	13.4472
-2.0944	0.0024865	8.99429	8.54539	9.55435	8.97266
-2.0944	0.002494	5.59336	5.3295	5.92239	5.57255
-2.0944	0.0025015	3.2237	3.09454	3.38619	3.21037
-2.0944	0.002509	1.86316	1.81953	1.91852	1.85685
-2.0944	0.0025165	1.48224	1.479	1.48646	1.48233
-2.0944	0.002524	1.86778	1.86682	1.86879	1.86641
-2.0944	0.0025315	2.70325	2.69144	2.71643	2.69871
-2.0944	0.002539	4.00481	3.97106	4.04325	3.99684
-2.0944	0.0025465	5.80046	5.742	5.87289	5.78904
-2.0944	0.002554	8.00268	7.89333	8.1739	7.9826
-1.98968	0.002464	24.0137	22.7665	25.5569	23.9934
-1.98968	0.0024715	17.4401	16.5348	18.563	17.4237
-1.98968	0.002479	12.0269	11.4038	12.8018	12.0139
-1.98968	0.0024865	7.72741	7.32995	8.22323	7.71737
-1.98968	0.002494	4.4983	4.27285	4.78055	4.49089
-1.98968	0.0025015	2.29722	2.19374	2.4274	2.29039
-1.98968	0.002509	1.08815	1.05863	1.12563	1.08497
-1.98968	0.0025165	0.852478	0.851933	0.853125	0.852415
-1.98968	0.002524	1.28392	1.28104	1.28706	1.28172
-1.98968	0.0025315	2.16233	2.14524	2.18156	2.1577
-1.98968	0.002539	3.50959	3.46808	3.55746	3.50235
-1.98968	0.0025465	5.36081	5.27627	5.44063	5.35135
-1.98968	0.002554	7.62764	7.50447	7.82122	7.61168
-1.88496	0.002464	22.3584	21.2088	23.7806	22.3539
-1.88496	0.0024715	15.998	15.1744	17.0195	15.9945
-1.88496	0.002479	10.7875	10.2309	11.4796	10.7846
-1.88496	0.0024865	6.68068	6.33513	7.11162	6.67836
-1.88496	0.002494	3.635	3.44761	3.86955	3.63311
-1.88496	0.0025015	1.61116	1.53202	1.71072	1.6097
-1.88496	0.002509	0.569712	0.552311	0.591818	0.568481
-1.88496	0.0025165	0.475439	0.475453	0.475422	0.47479
-1.88496	0.002524	0.953563	0.947557	0.960245	0.951316
-1.88496	0.0025315	1.88086	1.85714	1.90772	1.87684
-1.88496	0.002539	3.28107	3.23151	3.33954	3.27521
-1.88496	0.0025465	5.20293	5.06219	5.28616	5.27649
-1.88496	0.002554	7.53696	7.40011	7.69841	7.52526
-1.78024	0.002464	20.8349	19.7843	22.1344	20.8396
-1.78024	0.0024715	14.6964	13.9551	15.6154	14.7002
-1.78024	0.002479	9.69751	9.20726	10.3069	9.70036
-1.78024	0.0024865	5.79304	5.49859	6.16009	5.79494
-1.78024	0.002494	2.94095	2.79009	3.12967	2.94198
-1.78024	0.0025015	1.10283	1.04634	1.17384	1.10314
-1.78024	0.002509	0.242085	0.234054	0.252331	0.241809
-1.78024	0.0025165	0.27379	0.27317	0.27446	0.273072
-1.78024	0.002524	0.80389	0.79341	0.815684	0.802117
-1.78024	0.0025315	1.78607	1.75451	1.82214	1.78311
-1.78024	0.002539	3.2477	3.1918	3.31693	3.24367
-1.78024	0.0025465	5.17652	5.07215	5.34011	5.17088
-1.78024	0.002554	7.64768	7.49773	7.82868	7.64005
-1.67552	0.002464	19.4084	18.4564	20.5853	19.4159
-1.67552	0.0024715	13.4982	12.8383	14.3159	13.5042
-1.67552	0.002479	8.71829	8.29288	9.24669	8.72273
-1.67552	0.0024865	5.02399	4.77861	5.32962	5.02699
-1.67552	0.002494	2.37406	2.25717	2.52012	2.37581
-1.67552	0.0025015	0.730727	0.693832	0.777004	0.731461
-1.67552	0.002509	0.0569623	0.0576829	0.0623806	0.0569649
-1.67552	0.0025165	0.195432	0.192836	0.198338	0.19499
-1.67552	0.002524	0.782596	0.766253	0.801149	0.781564
-1.67552	0.0025315	1.82563	1.78535	1.87234	1.82392
-1.67552	0.002539	3.3601	3.25121	3.43771	3.35809
-1.67552	0.0025465	5.34708	5.2283	5.48657	5.34371
-1.67552	0.002554	7.89956	7.73753	8.09866	7.89543
-1.5708	0.002464	18.0671	17.2119	19.1236	18.0718
-1.5708	0.0024715	12.3898	11.809	13.1089	12.3934
-1.5708	0.002479	7.83413	7.47098	8.28484	7.83658
-1.5708	0.0024865	4.35611	4.15676	4.60412	4.35757
-1.5708	0.002494	1.91502	1.82871	2.02269	1.91571
-1.5708	0.0025015	0.473886	0.452926	0.500118	0.474067
-1.5708	0.002509	0	0	0	0
-1.5708	0.0025165	0.211841	0.205854	0.218625	0.211763
-1.5708	0.002524	0.860768	0.837227	0.887704	0.860472
-1.5708	0.0025315	1.97087	1.92213	2.02905	1.97032
-1.5708	0.002539	3.53935	3.44911	3.67442	3.53829
-1.5708	0.0025465	5.63412	5.50129	5.79311	5.63271
-1.5708	0.002554	8.25834	8.08558	8.4752	8.25677
-1.46608	0.002464	16.8237	16.0621	17.7639	16.8205
-1.46608	0.0024715	11.3819	10.8769	12.0067	11.379
-1.46608	0.002479	7.05394	6.74934	7.43147	7.05128
-1.46608	0.0024865	3.79626	3.63907	3.99147	3.79399
-1.46608	0.002494	1.56889	1.50909	1.64327	1.56717
-1.46608	0.0025015	0.335659	0.326373	0.347189	0.33473
-1.46608	0.002509	0.0459534	0.0452198	0.0467982	0.0458708
-1.46608	0.0025165	0.319814	0.30902	0.332135	0.319928
-1.46608	0.002524	1.03476	1.00289	1.07153	1.03492
-1.46608	0.0025315	2.21941	2.16335	2.28827	2.21968
-1.46608	0.002539	3.85611	3.75089	4.02393	3.85602
-1.46608	0.0025465	6.03276	5.88666	6.21068	5.97699
-1.46608	0.002554	8.7179	8.44682	8.95009	8.71754
-1.36136	0.002464	15.7164	15.044	16.5457	15.7008
-1.36136	0.0024715	10.5106	10.0767	11.0465	10.4976
-1.36136	0.002479	6.41151	6.16094	6.72154	6.40119
-1.36136	0.0024865	3.37633	3.25674	3.52447	3.36863
-1.36136	0.002494	1.36564	1.32777	1.4125	1.36062
-1.36136	0.0025015	0.344146	0.341975	0.346745	0.341963
-1.36136	0.002509	0.20393	0.200995	0.207315	0.203446
-1.36136	0.0025165	0.542113	0.525183	0.561554	0.541993
-1.36136	0.002524	1.32691	1.2863	1.37462	1.32699
-1.36136	0.0025315	2.595	2.48246	2.67254	2.59547
-1.36136	0.002539	4.29808	4.17818	4.44002	4.29815
-1.36136	0.0025465	6.56353	6.40542	6.75932	6.56372
-1.36136	0.002554	9.30091	8.66178	9.5463	9.29999
-1.25664	0.002464	14.8072	14.2185	15.5322	14.7752
-1.25664	0.0024715	9.83554	9.46766	10.2892	9.80966
-1.25664	0.002479	5.96468	5.76303	6.21359	5.94464
-1.25664	0.0024865	3.15215	3.06516	3.25949	3.13779
-1.25664	0.002494	1.35921	1.3384	1.38469	1.35044
-1.25664	0.0025015	0.55145	0.551707	0.551063	0.548271
-1.25664	0.002509	0.523051	0.516498	0.530623	0.52163
-1.25664	0.0025165	0.926865	0.902673	0.95483	0.925844
-1.25664	0.002524	1.78564	1.73751	1.84442	1.78481
-1.25664	0.0025315	3.0911	2.99907	3.23163	3.09036
-1.25664	0.002539	4.9116	4.77783	5.07256	4.91072
-1.25664	0.0025465	7.21983	7.04685	7.42936	7.21591
-1.25664	0.002554	10.0438	9.31579	10.3148	10.0125
-1.15192	0.002464	14.1793	13.6684	14.8075	14.1277
-1.15192	0.0024715	9.43828	9.13061	9.8076	9.39701
-1.15192	0.002479	5.79291	5.63468	5.97456	5.76157
-1.15192	0.0024865	3.20125	3.1416	3.27438	3.17944
-1.15192	0.002494	1.62528	1.61656	1.63566	1.61272
-1.15192	0.0025015	1.0316	1.02967	1.03406	1.02833
-1.15192	0.002509	1.0759	1.06444	1.08918	1.07281
-1.15192	0.0025165	1.54694	1.51461	1.58468	1.54418
-1.15192	0.002524	2.48448	2.43272	2.55218	2.48156
-1.15192	0.0025315	3.85927	3.753	3.98395	3.85645
-1.15192	0.002539	5.76497	5.61402	5.94541	5.75687
-1.15192	0.0025465	8.11439	7.92109	8.34698	8.10579
-1.15192	0.002554	10.9765	10.2105	11.3335	10.5724
-1.0472	0.002464	13.9235	13.4949	14.4416	13.8604
-1.0472	0.0024715	9.40427	9.16504	9.69509	9.34158
-1.0472	0.002479	5.97616	5.86874	6.10801	5.92964
-1.0472	0.0024865	3.61989	3.5823	3.65627	3.58916
-1.0472	0.002494	2.25836	2.25683	2.25983	2.24221
-1.0472	0.0025015	1.85269	1.84904	1.85691	1.84607
-1.0472	0.002509	1.95553	1.93804	1.97585	1.94985
-1.0472	0.0025165	2.49515	2.45466	2.54332	2.48954
-1.0472	0.002524	3.47716	3.39874	3.5907	3.47147
-1.0472	0.0025315	4.95547	4.83551	5.09828	4.94913
-1.0472	0.002539	6.90424	6.74278	7.10609	6.88973
-1.0472	0.0025465	9.35863	8.71849	9.60346	9.34272
-1.0472	0.002554	11.8529	11.4474	12.7022	11.837
-0.942478	0.002464	14.1181	13.7602	14.5563	14.0335
-0.942478	0.0024715	9.82016	9.63103	10.0488	9.74779
-0.942478	0.002479	6.61515	6.54073	6.70571	6.56249
-0.942478	0.0024865	4.48325	4.4703	4.4983	4.44934
-0.942478	0.002494	3.36761	3.36862	3.36605	3.34913
-0.942478	0.0025015	3.10556	3.09828	3.1139	3.09539
-0.942478	0.002509	3.27116	3.24683	3.29958	3.26182
-0.942478	0.0025165	3.88085	3.83378	3.93909	3.87101
-0.942478	0.002524	4.9285	4.83702	5.06998	4.91851
-0.942478	0.0025315	6.48677	6.35413	6.64684	6.47526
-0.942478	0.002539	8.51194	8.34003	8.72899	8.48856
-0.942478	0.0025465	10.929	10.3372	11.3286	10.9136
-0.942478	0.002554	13.5873	13.1468	14.4771	13.5625
-0.837758	0.002464	14.9264	14.6255	15.2935	14.815
-0.837758	0.0024715	10.8402	10.69	11.0227	10.7545
-0.837758	0.002479	7.85744	7.80517	7.91715	7.79098
-0.837758	0.0024865	5.93387	5.93082	5.93658	5.89147
-0.837758	0.002494	5.04309	5.04162	5.04477	5.02888
-0.837758	0.0025015	4.91567	4.90379	4.92929	4.90083
-0.837758	0.002509	5.14332	5.11165	5.18055	5.12906
-0.837758	0.0025165	5.82585	5.73887	5.89199	5.81004
-0.837758	0.002524	6.93602	6.83173	7.05909	6.92009
-0.837758	0.0025315	8.57164	8.42749	8.74785	8.55309
-0.837758	0.002539	10.7236	10.5063	10.9538	10.6887
-0.837758	0.0025465	12.9217	12.5543	13.6565	13.0733
-0.837758	0.002554	15.9191	15.4439	16.468	15.8828
-0.733038	0.002464	14.3375	16.2257	16.7809	16.3365
-0.733038	0.0024715	12.5894	12.474	12.7285	12.4829
-0.733038	0.002479	9.80478	9.77257	9.84238	9.7262
-0.733038	0.0024865	8.08169	8.08368	8.07808	8.03713
-0.733038	0.002494	7.39424	7.38573	7.40507	7.3819
-0.733038	0.0025015	7.40929	7.39022	7.42907	7.38853
-0.733038	0.002509	7.69798	7.65919	7.74426	7.67737
-0.733038	0.0025165	8.42004	8.34401	8.52815	8.39902
-0.733038	0.002524	9.62293	9.50652	9.76172	9.59941
-0.733038	0.0025315	11.335	11.1808	11.5259	11.308
-0.733038	0.002539	13.6059	13.0699	13.845	13.5739
-0.733038	0.0025465	15.9088	15.512	16.747	15.863
-0.733038	0.002554	18.9894	18.4801	19.5779	18.939
-0.628319	0.002464	18.8935	18.6863	19.1437	18.7198
-0.628319	0.0024715	15.1913	15.1053	15.2939	15.0555
-0.628319	0.002479	12.5927	12.5757	12.6114	12.502
-0.628319	0.0024865	11.0663	11.0702	11.0604	11.018
-0.628319	0.002494	10.5769	10.5584	10.6007	10.5679
-0.628319	0.0025015	10.6353	10.607	10.668	10.6157
-0.628319	0.002509	11.0605	10.9967	11.1154	11.0321
-0.628319	0.0025165	11.8413	11.7543	11.9726	11.812
-0.628319	0.002524	13.1133	12.9857	13.2669	13.0804
-0.628319	0.0025315	14.9039	14.7394	15.1081	14.8661
-0.628319	0.002539	17.1302	16.6208	17.5093	17.2312
-0.628319	0.0025465	19.6572	19.2436	20.3122	19.617
-0.628319	0.002554	22.9253	22.3973	23.5375	22.8723
-0.523599	0.002464	22.287	22.118	22.4895	22.072
-0.523599	0.0024715	18.7585	18.6964	18.8313	18.6021
-0.523599	0.002479	16.3446	16.3384	16.3499	16.2432
-0.523599	0.0024865	15.0043	15.0068	15.0004	14.9541
-0.523599	0.002494	14.7036	14.673	14.7398	14.6947
-0.523599	0.0025015	14.7739	14.7393	14.8142	14.7474
-0.523599	0.002509	15.2685	15.1789	15.3335	15.2417
-0.523599	0.0025165	16.1741	16.071	16.2944	16.1452
-0.523599	0.002524	17.5235	17.386	17.6907	17.4796
-0.523599	0.0025315	19.391	19.2362	19.6068	19.3405
-0.523599	0.002539	21.6728	21.1122	22.0881	21.6381
-0.523599	0.0025465	24.2453	23.8052	24.7566	24.1918
-0.523599	0.002554	27.5903	27.0326	28.2378	27.5303
-0.418879	0.002464	26.764	26.6268	26.927	26.5193
-0.418879	0.0024715	23.4048	23.3618	23.4537	23.229
-0.418879	0.002479	21.1619	21.1629	21.1585	21.0509
-0.418879	0.0024865	19.9599	19.9607	19.9584	19.9099
-0.418879	0.002494	19.7144	19.6986	19.733	19.6827
-0.418879	0.0025015	19.8168	19.7809	19.859	19.7862
-0.418879	0.002509	20.3676	20.2727	20.4324	20.3349
-0.418879	0.0025165	21.4402	21.2209	21.4478	21.2963
-0.418879	0.002524	22.7947	22.6524	22.9684	22.7608
-0.418879	0.0025315	24.8008	24.634	25.0213	24.7587
-0.418879	0.002539	26.9847	26.6244	27.6476	26.9251
-0.418879	0.0025465	29.8428	29.3781	30.4347	29.7741
-0.418879	0.002554	33.2589	32.6757	33.9419	33.1846
-0.314159	0.002464	32.2909	32.1658	32.4384	32.0258
-0.314159	0.0024715	29.0817	29.0444	29.1233	28.8934
-0.314159	0.002479	26.9686	26.9706	26.9639	26.8523
-0.314159	0.0024865	25.9131	25.9096	25.9174	25.8643
-0.314159	0.002494	25.7615	25.7414	25.7851	25.7218
-0.314159	0.0025015	25.9103	25.8694	25.9591	25.871
-0.314159	0.002509	26.4819	26.4043	26.5866	26.4433
-0.314159	0.0025165	27.5187	27.4053	27.6515	27.4799
-0.314159	0.002524	29.0469	28.8974	29.2313	29.0026
-0.314159	0.0025315	31.1341	30.6068	31.3505	31.0773
-0.314159	0.002539	33.3312	32.9633	34.0567	33.2838
-0.314159	0.0025465	36.316	35.841	36.8688	36.2599
-0.314159	0.002554	39.8605	39.2649	40.5538	39.7951
-0.20944	0.002464	38.9719	38.8688	39.0917	38.6765
-0.20944	0.0024715	35.8944	35.8694	35.9208	35.6875
-0.20944	0.002479	33.917	33.922	33.9088	33.793
-0.20944	0.0024865	33.0017	32.9926	33.0133	32.9553
-0.20944	0.002494	32.9236	32.8994	32.9522	32.8749
-0.20944	0.0025015	33.1156	33.071	33.1703	33.0667
-0.20944	0.002509	33.7292	33.6444	33.8528	33.6806
-0.20944	0.0025165	34.8156	34.6947	34.9582	34.766
-0.20944	0.002524	36.3985	36.2467	36.5922	36.3431
-0.20944	0.0025315	38.5606	37.9723	38.7727	38.491
-0.20944	0.002539	40.7677	40.3827	41.5569	40.7087
-0.20944	0.0025465	43.8104	43.3152	44.387	43.7408
-0.20944	0.002554	47.4154	46.7971	48.1356	47.3348
-0.10472	0.002464	46.4931	46.4071	46.5914	46.1941
-0.10472	0.0024715	43.5308	43.5153	43.5449	43.3261
-0.10472	0.002479	41.6671	41.6746	41.6555	41.5509
-0.10472	0.0024865	40.8654	40.8529	40.8815	40.8322
-0.10472	0.002494	40.9006	40.8716	40.9348	40.8635
-0.10472	0.0025015	41.2094	41.1369	41.2696	41.1715
-0.10472	0.002509	41.9366	41.844	42.0449	41.8997
-0.10472	0.0025165	43.1477	43.0192	43.3008	43.11
-0.10472	0.002524	44.8284	44.6799	45.0111	44.7661
-0.10472	0.0025315	46.7675	46.4542	47.192	46.8026
-0.10472	0.002539	49.2591	48.8989	49.9228	49.1919
-0.10472	0.0025465	52.3168	51.854	52.857	52.2381
-0.10472	0.002554	55.9367	55.357	56.6128	55.8468
1.11022e-16	0.002464	55.1443	55.0723	55.225	54.8155
1.11022e-16	0.0024715	52.2712	52.2626	52.2768	52.049
1.11022e-16	0.002479	50.5025	50.5103	50.4908	50.3803
1.11022e-16	0.0024865	49.8019	49.7837	49.8256	49.7733
1.11022e-16	0.002494	49.8927	49.8606	49.9309	49.8483
1.11022e-16	0.0025015	50.2204	50.1543	50.2755	50.18
1.11022e-16	0.002509	50.9617	50.8774	51.0847	50.9213
1.11022e-16	0.0025165	52.1801	52.0602	52.3222	52.137
1.11022e-16	0.002524	53.8942	53.7442	54.0809	53.8466
1.11022e-16	0.0025315	55.9995	55.6219	56.3689	56.1095
1.11022e-16	0.002539	58.5511	58.1782	59.2575	58.5002
1.11022e-16	0.0025465	61.7088	61.2329	62.2619	61.6154
1.11022e-16	0.002554	65.3753	64.7811	66.0687	65.2684
0.10472	0.002464	64.748	64.6856	64.8161	64.4163
0.10472	0.0024715	61.9419	61.9388	61.9404	61.7231
0.10472	0.002479	60.2409	60.2503	60.227	60.1277
0.10472	0.0024865	59.5741	59.5607	59.592	59.5445
0.10472	0.002494	59.5876	59.5606	59.6199	59.5416
0.10472	0.0025015	59.9284	59.8823	59.9866	59.881
0.10472	0.002509	60.6943	60.6061	60.8259	60.6466
0.10472	0.0025165	61.9423	61.8185	62.0898	61.8911
0.10472	0.002524	63.6896	63.5444	63.8814	63.6329
0.10472	0.0025315	66.0047	65.4286	66.2051	65.9372
0.10472	0.002539	68.4008	68.0187	69.1379	68.3398
0.10472	0.0025465	71.6075	71.1324	72.1592	71.5392
0.10472	0.002554	75.3772	74.7883	76.0668	75.2944
0.20944	0.002464	74.8379	74.7618	74.9222	74.487
0.20944	0.0024715	72.049	72.0374	72.0575	71.8171
0.20944	0.002479	70.3382	70.3461	70.3261	70.218
0.20944	0.0024865	69.6716	69.6579	69.6897	69.6561
0.20944	0.002494	69.7817	69.7522	69.8172	69.7557
0.20944	0.0025015	70.2164	70.1432	70.2775	70.1885
0.20944	0.002509	71.075	70.9827	71.1838	71.0469
0.20944	0.0025165	72.4231	72.2953	72.5761	72.3911
0.20944	0.002524	74.2754	74.1396	74.4721	74.2374
0.20944	0.0025315	76.4082	76.0686	76.8656	76.5882
0.20944	0.002539	79.0728	78.6843	79.834	79.0017
0.20944	0.0025465	82.3075	81.8254	82.866	82.2282
0.20944	0.002554	86.1056	85.5106	86.8031	86.0093
0.314159	0.002464	85.4948	85.4233	85.573	85.1134
0.314159	0.0024715	82.7178	82.7086	82.7232	82.4675
0.314159	0.002479	81.0265	81.0346	81.0142	80.8992
0.314159	0.0024865	80.3865	80.3711	80.407	80.3743
0.314159	0.002494	80.5298	80.4993	80.5664	80.501
0.314159	0.0025015	80.9731	80.8976	81.0352	80.9418
0.314159	0.002509	81.8407	81.7469	81.9512	81.8088
0.314159	0.0025165	83.2005	83.0713	83.3555	83.1641
0.314159	0.002524	85.0665	84.9317	85.2652	85.0231
0.314159	0.0025315	87.2081	86.8944	87.7087	87.4452
0.314159	0.002539	90.0017	89.6068	90.7386	89.953
0.314159	0.0025465	93.3361	92.8469	93.8927	93.2789
0.314159	0.002554	97.2286	96.6334	97.91	97.1626
0.418879	0.002464	96.436	96.3649	96.513	96.0523
0.418879	0.0024715	93.6418	93.6337	93.6451	93.3943
0.418879	0.002479	91.9362	91.9462	91.9209	91.8166
0.418879	0.0024865	91.285	91.2724	91.3017	91.2853
0.418879	0.002494	91.5046	91.4734	91.5423	91.5023
0.418879	0.0025015	92.0224	91.9444	92.0854	92.0173
0.418879	0.002509	92.9651	92.8701	93.0774	92.9595
0.418879	0.0025165	94.4044	94.2741	94.5612	94.3939
0.418879	0.002524	96.3287	96.1928	96.5278	96.281
0.418879	0.0025315	98.473	98.1592	98.9748	98.7043
0.418879	0.002539	101.272	100.877	101.91	101.217
0.418879	0.0025465	104.613	104.124	105.169	104.549
0.418879	0.002554	108.513	107.918	109.147	108.438
0.523599	0.002464	107.54	107.468	107.619	107.124
0.523599	0.0024715	104.7	104.691	104.704	104.432
0.523599	0.002479	102.956	102.967	102.941	102.827
0.523599	0.0024865	102.275	102.264	102.291	102.276
0.523599	0.002494	102.511	102.48	102.548	102.511
0.523599	0.0025015	103.016	102.941	103.079	103.013
0.523599	0.002509	103.949	103.856	104.06	103.945
0.523599	0.0025165	105.379	105.25	105.534	105.369
0.523599	0.002524	107.284	107.14	107.458	107.273
0.523599	0.0025315	109.534	109.221	109.905	109.67
0.523599	0.002539	112.333	111.992	112.908	112.315
0.523599	0.0025465	115.691	115.266	116.186	115.664
0.523599	0.002554	119.607	119.086	120.201	119.551
0.628319	0.002464	118.538	118.459	118.624	118.119
0.628319	0.0024715	115.62	115.609	115.626	115.353
0.628319	0.002479	113.804	113.816	113.785	113.68
0.628319	0.0024865	113.054	113.048	113.062	113.063
0.628319	0.002494	113.261	113.241	113.285	113.297
0.628319	0.0025015	113.736	113.697	113.783	113.742
0.628319	0.002509	114.616	114.544	114.714	114.644
0.628319	0.0025165	115.974	115.867	116.101	115.973
0.628319	0.002524	117.829	117.688	118	117.821
0.628319	0.0025315	120.212	120.089	120.424	120.193
0.628319	0.002539	123.158	122.508	123.402	122.826
0.628319	0.0025465	126.182	125.765	126.662	126.155
0.628319	0.002554	130.078	129.566	130.663	130.04
0.733038	0.002464	129.075	128.952	129.214	128.634
0.733038	0.0024715	126.034	125.995	126.072	125.746
0.733038	0.002479	124.058	124.06	124.05	123.915
0.733038	0.0024865	123.115	123.118	123.111	123.107
0.733038	0.002494	123.154	123.136	123.176	123.199
0.733038	0.0025015	123.635	123.598	123.68	123.678
0.733038	0.002509	124.559	124.489	124.652	124.623
0.733038	0.0025165	125.96	125.856	126.084	125.996
0.733038	0.002524	127.86	127.722	128.028	127.888
0.733038	0.0025315	130.287	130.149	130.496	130.305
0.733038	0.002539	133.455	132.649	133.519	133.036
0.733038	0.0025465	136.355	135.949	136.824	136.33
0.733038	0.002554	140.219	139.719	140.79	140.209
0.837758	0.002464	138.92	138.782	139.076	138.444
0.837758	0.0024715	135.744	135.697	135.794	135.432
0.837758	0.002479	133.644	133.643	133.64	133.485
0.837758	0.0024865	132.585	132.59	132.578	132.57
0.837758	0.002494	132.538	132.512	132.574	132.613
0.837758	0.0025015	132.993	132.959	133.034	133.046
0.837758	0.002509	133.894	133.808	133.958	133.94
0.837758	0.0025165	135.229	135.131	135.346	135.274
0.837758	0.002524	137.081	136.948	137.242	137.118
0.837758	0.0025315	139.458	139.323	139.662	139.485
0.837758	0.002539	142.121	141.805	142.633	142.43
0.837758	0.0025465	145.463	145.068	146.204	145.479
0.837758	0.002554	149.364	148.877	149.921	149.412
0.942478	0.002464	147.827	147.666	148.011	147.348
0.942478	0.0024715	144.491	144.429	144.556	144.176
0.942478	0.002479	142.235	142.229	142.236	142.075
0.942478	0.0024865	141.025	141.033	141.013	141.01
0.942478	0.002494	140.831	140.815	140.851	140.953
0.942478	0.0025015	141.342	141.312	141.38	141.439
0.942478	0.002509	142.261	142.187	142.324	142.353
0.942478	0.0025165	143.625	143.533	143.735	143.713
0.942478	0.002524	145.5	145.373	145.652	145.548
0.942478	0.0025315	147.814	147.665	148.01	147.852
0.942478	0.002539	150.716	150.138	150.917	150.732
0.942478	0.0025465	153.724	153.346	154.429	153.802
0.942478	0.002554	157.566	157.099	158.102	157.692
1.0472	0.002464	155.758	155.57	155.973	155.243
1.0472	0.0024715	152.233	152.153	152.318	151.89
1.0472	0.002479	149.797	149.782	149.808	149.617
1.0472	0.0024865	148.416	148.424	148.403	148.388
1.0472	0.002494	148.057	148.049	148.069	148.173
1.0472	0.0025015	148.516	148.49	148.548	148.629
1.0472	0.002509	149.368	149.323	149.425	149.475
1.0472	0.0025165	150.67	150.586	150.795	150.773
1.0472	0.002524	152.476	152.357	152.62	152.572
1.0472	0.0025315	154.802	154.65	154.989	154.886
1.0472	0.002539	157.698	157.178	157.904	157.758
1.0472	0.0025465	160.763	160.402	161.41	160.888
1.0472	0.002554	164.621	164.173	165.136	164.794
1.15192	0.002464	162.607	162.386	162.862	162.056
1.15192	0.0024715	158.868	158.766	158.98	158.496
1.15192	0.002479	156.228	156.201	156.253	156.025
1.15192	0.0024865	154.651	154.657	154.64	154.607
1.15192	0.002494	154.104	154.103	154.106	154.209
1.15192	0.0025015	154.479	154.458	154.505	154.609
1.15192	0.002509	155.254	155.214	155.305	155.379
1.15192	0.0025165	156.486	156.411	156.59	156.606
1.15192	0.002524	158.214	158.105	158.346	158.326
1.15192	0.0025315	160.458	160.314	160.634	160.559
1.15192	0.002539	163.247	162.8	163.463	163.334
1.15192	0.0025465	166.288	165.948	166.864	166.481
1.15192	0.002554	170.065	169.642	170.978	170.307
1.25664	0.002464	168.175	167.913	168.479	167.587
1.25664	0.0024715	164.2	164.07	164.347	163.798
1.25664	0.002479	161.334	161.291	161.379	161.106
1.25664	0.0024865	159.539	159.539	159.534	159.475
1.25664	0.002494	158.782	158.786	158.743	158.872
1.25664	0.0025015	159.033	159.007	159.053	159.182
1.25664	0.002509	159.727	159.693	159.77	159.871
1.25664	0.0025165	160.917	160.814	160.967	161.035
1.25664	0.002524	162.523	162.424	162.642	162.653
1.25664	0.0025315	164.678	164.544	164.84	164.796
1.25664	0.002539	167.371	167.235	167.576	167.521
1.25664	0.0025465	170.361	170.043	170.878	170.856
1.25664	0.002554	174.048	173.652	174.793	174.352
1.36136	0.002464	172.302	171.991	172.664	171.678
1.36136	0.0024715	168.073	167.908	168.261	167.64
1.36136	0.002479	164.962	164.897	165.033	164.708
1.36136	0.0024865	162.931	162.922	162.937	162.845
1.36136	0.002494	161.946	161.952	161.937	162.016
1.36136	0.0025015	161.976	161.959	161.999	162.193
1.36136	0.002509	162.635	162.608	162.67	162.799
1.36136	0.0025165	163.715	163.674	163.775	163.871
1.36136	0.002524	165.257	165.169	165.391	165.406
1.36136	0.0025315	167.317	167.194	167.464	167.472
1.36136	0.002539	169.91	169.755	170.101	170.113
1.36136	0.0025465	173.092	172.548	173.298	173.333
1.36136	0.002554	176.433	176.068	177.103	176.788
1.46608	0.002464	174.876	174.507	175.308	174.218
1.46608	0.0024715	170.379	170.171	170.619	169.915
1.46608	0.002479	167.009	166.916	167.114	166.728
1.46608	0.0024865	164.728	164.704	164.751	164.617
1.46608	0.002494	163.5	163.504	163.492	163.549
1.46608	0.0025015	163.293	163.287	163.301	163.49
1.46608	0.002509	163.88	163.859	163.906	164.064
1.46608	0.0025165	164.867	164.826	164.918	165.043
1.46608	0.002524	166.322	166.246	166.426	166.49
1.46608	0.0025315	168.285	168.175	168.416	168.48
1.46608	0.002539	170.774	170.63	170.951	171.019
1.46608	0.0025465	173.821	173.657	174.039	174.11
1.46608	0.002554	177.451	176.81	177.673	177.528
1.5708	0.002464	175.84	175.405	176.354	175.152
1.5708	0.0024715	171.066	170.808	171.368	170.574
1.5708	0.002479	167.429	167.3	167.576	167.12
1.5708	0.0024865	164.888	164.844	164.934	164.751
1.5708	0.002494	163.406	163.404	163.405	163.431
1.5708	0.0025015	162.952	162.953	162.951	163.127
1.5708	0.002509	163.422	163.407	163.44	163.625
1.5708	0.0025165	164.317	164.284	164.358	164.514
1.5708	0.002524	165.701	165.62	165.766	165.886
1.5708	0.0025315	167.549	167.452	167.664	167.769
1.5708	0.002539	169.936	169.805	170.095	170.207
1.5708	0.0025465	172.872	172.731	173.075	173.189
1.5708	0.002554	176.39	175.835	176.601	176.684
1.67552	0.002464	175.198	174.686	175.804	174.483
1.67552	0.0024715	170.142	169.825	170.516	169.624
1.67552	0.002479	166.232	166.061	166.431	165.898
1.67552	0.0024865	163.426	163.355	163.504	163.263
1.67552	0.002494	161.686	161.672	161.697	161.685
1.67552	0.0025015	160.978	160.982	160.973	161.129
1.67552	0.002509	161.275	161.258	161.293	161.504
1.67552	0.0025165	162.088	162.063	162.119	162.304
1.67552	0.002524	163.375	163.33	163.431	163.581
1.67552	0.0025315	165.138	165.055	165.26	165.37
1.67552	0.002539	167.425	167.307	167.566	167.708
1.67552	0.0025465	170.254	170.103	170.439	170.583
1.67552	0.002554	173.666	173.177	173.881	174.027
1.78024	0.002464	173.006	172.409	173.717	172.27
1.78024	0.0024715	167.67	167.286	168.126	167.129
1.78024	0.002479	163.487	163.266	163.746	163.129
1.78024	0.0024865	160.415	160.311	160.534	160.228
1.78024	0.002494	158.416	158.385	158.448	158.389
1.78024	0.0025015	157.454	157.455	157.451	157.578
1.78024	0.002509	157.5	157.495	157.509	157.764
1.78024	0.0025165	158.262	158.245	158.284	158.495
1.78024	0.002524	159.46	159.423	159.506	159.684
1.78024	0.0025315	161.162	161.069	161.231	161.383
1.78024	0.002539	163.331	163.227	163.453	163.61
1.78024	0.0025465	166.057	165.919	166.225	166.384
1.78024	0.002554	169.348	169.213	169.558	169.717
1.88496	0.002464	169.375	168.685	170.201	168.624
1.88496	0.0024715	163.764	163.304	164.313	163.206
1.88496	0.002479	159.313	159.034	159.643	158.935
1.88496	0.0024865	155.979	155.835	156.148	155.77
1.88496	0.002494	153.725	153.67	153.786	153.673
1.88496	0.0025015	152.513	152.506	152.519	152.609
1.88496	0.002509	152.312	152.313	152.311	152.546
1.88496	0.0025165	152.974	152.963	152.988	153.222
1.88496	0.002524	154.091	154.063	154.126	154.331
1.88496	0.0025315	155.701	155.657	155.761	155.928
1.88496	0.002539	157.794	157.705	158.197	158.054
1.88496	0.0025465	160.426	160.302	160.574	160.782
1.88496	0.002554	163.613	163.457	163.806	163.964
1.98968	0.002464	164.459	163.668	165.411	163.701
1.98968	0.0024715	158.584	158.041	159.234	158.013
1.98968	0.002479	153.873	153.531	154.283	153.479
1.98968	0.0024865	150.287	150.096	150.513	150.057
1.98968	0.002494	147.784	147.699	147.882	147.709
1.98968	0.0025015	146.329	146.308	146.352	146.398
1.98968	0.002509	145.889	145.891	145.886	146.092
1.98968	0.0025165	146.404	146.398	146.412	146.664
1.98968	0.002524	147.449	147.429	147.474	147.701
1.98968	0.0025315	148.979	148.939	149.029	149.22
1.98968	0.002539	150.998	150.924	151.099	151.253
1.98968	0.0025465	153.545	153.436	153.674	153.82
1.98968	0.002554	156.638	156.495	156.812	156.956
2.0944	0.002464	158.447	157.547	159.531	157.688
2.0944	0.0024715	152.32	151.689	153.08	151.745
2.0944	0.002479	147.364	146.951	147.861	146.959
2.0944	0.0024865	143.537	143.293	143.828	143.291
2.0944	0.002494	140.798	140.677	140.94	140.701
2.0944	0.0025015	139.111	139.069	139.158	139.153
2.0944	0.002509	138.441	138.438	138.444	138.613
2.0944	0.0025165	138.76	138.757	138.765	139.034
2.0944	0.002524	139.748	139.735	139.765	140.008
2.0944	0.0025315	141.211	141.179	141.249	141.46
2.0944	0.002539	143.118	143.068	143.181	143.332
2.0944	0.0025465	145.47	145.377	145.58	145.737
2.0944	0.002554	148.375	148.247	148.529	148.685
2.19911	0.002464	151.49	150.49	152.699	150.689
2.19911	0.0024715	145.106	144.391	145.969	144.489
2.19911	0.002479	139.9	139.419	140.48	139.455
2.19911	0.0024865	135.83	135.534	136.185	135.545
2.19911	0.002494	132.855	132.697	133.043	132.72
2.19911	0.0025015	130.937	130.872	131.012	130.941
2.19911	0.002509	130.041	130.028	130.054	130.176
2.19911	0.0025165	130.137	130.137	130.137	130.394
2.19911	0.002524	130.971	130.964	130.98	131.211
2.19911	0.0025315	132.272	132.249	132.299	132.501
2.19911	0.002539	134.068	134.025	134.12	134.283
2.19911	0.0025465	136.36	136.281	136.468	136.571
2.19911	0.002554	139.192	139.078	139.327	139.444
2.30383	0.002464	143.478	142.364	144.828	142.694
2.30383	0.0024715	136.88	136.069	137.862	136.271
2.30383	0.002479	131.463	130.904	132.14	131.018
2.30383	0.0024865	127.184	126.827	127.616	126.892
2.30383	0.002494	124.003	123.801	124.247	123.853
2.30383	0.0025015	121.882	121.788	121.993	121.865
2.30383	0.002509	120.784	120.758	120.815	120.891
2.30383	0.0025165	120.679	120.679	120.68	120.902
2.30383	0.002524	121.435	121.432	121.44	121.677
2.30383	0.0025315	122.688	122.672	122.707	122.919
2.30383	0.002539	124.429	124.394	124.471	124.649
2.30383	0.0025465	126.688	126.602	126.754	126.891
2.30383	0.002554	129.437	129.337	129.555	129.628
2.40855	0.002464	135.002	133.774	136.494	134.244
2.40855	0.0024715	128.193	127.305	129.223	127.564
2.40855	0.002479	122.516	121.935	123.224	122.053
2.40855	0.0024865	118.029	117.66	118.478	117.719
2.40855	0.002494	114.686	114.479	114.937	114.518
2.40855	0.0025015	112.444	112.34	112.557	112.409
2.40855	0.002509	111.185	111.14	111.239	111.266
2.40855	0.0025165	110.897	110.892	110.903	111.087
2.40855	0.002524	111.502	111.501	111.503	111.717
2.40855	0.0025315	112.608	112.598	112.619	112.813
2.40855	0.002539	114.198	114.172	114.229	114.391
2.40855	0.0025465	116.293	116.246	116.35	116.472
2.40855	0.002554	118.892	118.806	119.011	119.056
2.51327	0.002464	125.891	124.59	127.434	125.065
2.51327	0.0024715	118.772	117.843	119.906	118.121
2.51327	0.002479	112.897	112.247	113.689	112.407
2.51327	0.0024865	108.215	107.792	108.731	107.876
2.51327	0.002494	104.682	104.434	104.984	104.483
2.51327	0.0025015	102.254	102.133	102.401	102.186
2.51327	0.002509	100.893	100.852	100.941	100.945
2.51327	0.0025165	100.524	100.511	100.538	100.678
2.51327	0.002524	101.006	101.006	101.007	101.219
2.51327	0.0025315	102.083	102.077	102.089	102.285
2.51327	0.002539	103.638	103.619	103.661	103.829
2.51327	0.0025465	105.693	105.653	105.741	105.87
2.51327	0.002554	108.472	108.179	108.35	108.439
2.61799	0.002464	116.288	114.914	117.966	115.508
2.61799	0.0024715	109.023	108.002	110.271	108.404
2.61799	0.002479	103	102.275	103.887	102.531
2.61799	0.0024865	98.1705	97.6869	98.7627	97.8407
2.61799	0.002494	94.4889	94.1949	94.8488	94.2886
2.61799	0.0025015	91.9122	91.7584	92.1	91.8321
2.61799	0.002509	90.4006	90.3405	90.4735	90.4323
2.61799	0.0025165	89.9181	89.9077	89.9302	90.0537
2.61799	0.002524	90.4326	90.4311	90.4346	90.6349
2.61799	0.0025315	91.5369	91.5292	91.5459	91.7254
2.61799	0.002539	93.0661	93.0526	93.0816	93.2264
2.61799	0.0025465	94.9785	94.9462	95.0158	95.1255
2.61799	0.002554	97.4089	97.3573	97.473	97.5404
2.72271	0.002464	106.797	105.336	108.584	106.012
2.72271	0.0024715	99.3771	98.2821	100.718	98.7488
2.72271	0.002479	93.2029	92.4165	94.1671	92.72
2.72271	0.0024865	88.2251	87.6923	88.8792	87.8773
2.72271	0.002494	84.3973	84.0655	84.805	84.1749
2.72271	0.0025015	81.6762	81.4954	81.8983	81.5701
2.72271	0.002509	80.0214	79.9445	80.1157	80.0231
2.72271	0.0025165	79.3962	79.3786	79.4176	79.4979
2.72271	0.002524	79.7677	79.7679	79.7676	79.9403
2.72271	0.0025315	80.7483	80.7441	80.7533	80.9043
2.72271	0.002539	82.1999	82.1823	82.22	82.344
2.72271	0.0025465	84.1482	84.1099	84.1926	84.2787
2.72271	0.002554	86.6525	86.53	86.6932	86.7459
2.82743	0.002464	97.2208	95.6685	99.1218	96.4962
2.82743	0.0024715	89.7077	88.5349	91.1465	89.1256
2.82743	0.002479	83.4373	82.5856	84.4838	82.9872
2.82743	0.0024865	78.3603	77.7741	79.0816	78.0326
2.82743	0.002494	74.4304	74.0567	74.8908	74.2163
2.82743	0.0025015	71.6042	71.3926	71.8651	71.4956
2.82743	0.002509	69.8417	69.7445	69.9615	69.8309
2.82743	0.0025165	69.106	69.0783	69.14	69.1859
2.82743	0.002524	69.3642	69.3638	69.3646	69.5283
2.82743	0.0025315	70.3384	70.3362	70.3411	70.4857
2.82743	0.002539	71.7782	71.7648	71.7934	71.9141
2.82743	0.0025465	73.7104	73.6777	73.7478	73.8335
2.82743	0.002554	76.0784	76.0321	76.1419	76.1612
2.93215	0.002464	88.1613	86.5302	90.162	87.5027
2.93215	0.0024715	80.5824	79.3417	82.1069	80.0297
2.93215	0.002479	74.2362	73.3325	75.3418	73.7835
2.93215	0.0024865	69.0578	68.4337	69.8273	68.7223
2.93215	0.002494	65.0268	64.6235	65.525	64.7998
2.93215	0.0025015	62.0994	61.8661	62.3881	61.9728
2.93215	0.002509	60.2349	60.1234	60.3731	60.2013
2.93215	0.0025165	59.3961	59.361	59.4396	59.4487
2.93215	0.002524	59.5497	59.5485	59.5512	59.6808
2.93215	0.0025315	60.405	60.4041	60.406	60.5194
2.93215	0.002539	61.7229	61.7133	61.7337	61.8262
2.93215	0.0025465	63.5289	63.5017	63.5595	63.6198
2.93215	0.002554	65.8455	65.797	65.9033	65.9226
3.03687	0.002464	79.3401	77.6563	81.4073	78.6968
3.03687	0.0024715	71.6836	70.3982	73.2648	71.1615
3.03687	0.002479	65.2652	64.319	66.3822	64.835
3.03687	0.0024865	60.0077	59.372	60.7762	59.6836
3.03687	0.002494	55.9253	55.5134	56.4173	55.7028
3.03687	0.0025015	52.9597	52.7025	53.2552	52.839
3.03687	0.002509	51.0296	50.9015	51.1887	50.9914
3.03687	0.0025165	50.1209	50.0763	50.1764	50.1592
3.03687	0.002524	50.2004	50.1964	50.2052	50.3095
3.03687	0.0025315	51.0474	51.0471	51.0478	51.1515
3.03687	0.002539	52.3629	52.3555	52.3712	52.4565
3.03687	0.0025465	54.1633	54.1396	54.1897	54.2453
3.03687	0.002554	56.47	56.4247	56.5229	56.5392
3.14159	0.002464	71.1271	69.4336	73.2114	70.5227
3.14159	0.0024715	63.3395	62.0545	64.9245	62.8482
3.14159	0.002479	56.8273	55.8886	57.9879	56.4404
3.14159	0.0024865	51.5377	50.886	52.3454	51.2472
3.14159	0.002494	47.4207	46.9999	47.9438	47.2193
3.14159	0.0025015	44.4299	44.1865	44.7334	44.3107
3.14159	0.002509	42.5223	42.406	42.668	42.4791
3.14159	0.0025165	41.6587	41.6218	41.7051	41.6855
3.14159	0.002524	41.7747	41.7679	41.7832	41.8633
3.14159	0.0025315	42.6129	42.6128	42.6129	42.7043
3.14159	0.002539	43.8374	43.832	43.8433	43.9007
3.14159	0.0025465	45.5184	45.4983	45.5406	45.5706
3.14159	0.002554	47.7015	47.6598	47.7504	47.7414
