#x	y	0	11a	11b	8
0.426	-3.14159	166.233	165.941	166.556	166.144
0.426	-3.03687	154.944	154.652	155.249	154.828
0.426	-2.93215	144.908	144.615	145.232	144.801
0.426	-2.82743	136.432	136.141	136.754	136.332
0.426	-2.72271	129.44	129.154	129.756	129.346
0.426	-2.61799	123.674	123.402	123.974	123.562
0.426	-2.51327	119.132	118.871	119.42	119.028
0.426	-2.40855	115.723	115.475	115.996	115.626
0.426	-2.30383	113.279	113.046	113.534	113.188
0.426	-2.19911	111.629	111.414	111.865	111.544
0.426	-2.0944	110.609	110.412	110.825	110.528
0.426	-1.98968	110.064	109.886	110.258	109.986
0.426	-1.88496	109.858	109.645	110.032	109.782
0.426	-1.78024	109.809	109.617	110.018	109.741
0.426	-1.67552	109.906	109.736	110.091	109.835
0.426	-1.5708	110.108	109.958	110.27	110.03
0.426	-1.46608	110.406	110.275	110.546	110.32
0.426	-1.36136	110.831	110.695	110.952	110.736
0.426	-1.25664	111.397	111.26	111.545	111.286
0.426	-1.15192	112.243	112.123	112.371	112.116
0.426	-1.0472	113.522	113.418	113.632	113.376
0.426	-0.942478	115.393	115.304	115.487	115.215
0.426	-0.837758	118.021	117.941	118.098	117.811
0.426	-0.733038	121.563	121.465	121.656	121.322
0.426	-0.628319	126.201	126.115	126.292	125.929
0.426	-0.523599	132.147	132.071	132.226	131.84
0.426	-0.418879	139.334	139.263	139.409	139.019
0.426	-0.314159	148.027	147.963	148.093	147.676
0.426	-0.20944	158.329	158.272	158.388	157.942
0.426	-0.10472	170.05	169.962	170.143	169.663
0.426	1.11022e-16	183.132	183.049	183.219	182.71
0.426	0.10472	197.719	197.64	197.801	197.264
0.426	0.20944	213.676	213.6	213.755	213.188
0.426	0.314159	230.8	230.726	230.878	230.282
0.426	0.418879	248.819	248.745	248.896	248.273
0.426	0.523599	267.391	267.316	267.469	266.82
0.426	0.628319	286.111	286.033	286.192	285.519
0.426	0.733038	304.522	304.441	304.607	303.915
0.426	0.837758	322.1	322.042	322.158	321.476
0.426	0.942478	338.305	338.243	338.37	337.677
0.426	1.0472	352.666	352.597	352.739	352.084
0.426	1.15192	364.708	364.629	364.791	364.19
0.426	1.25664	373.969	373.91	374.03	373.547
0.426	1.36136	380.077	380.007	380.151	379.719
0.426	1.46608	382.891	382.807	382.98	382.589
0.426	1.5708	382.272	382.206	382.342	382.046
0.426	1.67552	378.196	378.115	378.282	378.004
0.426	1.78024	370.917	370.819	371.022	370.746
0.426	1.88496	360.705	360.588	360.8	360.542
0.426	1.98968	347.834	347.735	347.941	347.694
0.426	2.0944	332.839	332.721	332.967	332.685
0.426	2.19911	316.211	316.073	316.362	316.036
0.426	2.30383	298.451	298.291	298.625	298.253
0.426	2.40855	280.054	279.873	280.252	279.835
0.426	2.51327	261.489	261.288	261.711	261.293
0.426	2.61799	243.182	242.959	243.426	243.013
0.426	2.72271	225.501	225.26	225.766	225.356
0.426	2.82743	208.755	208.497	209.039	208.629
0.426	2.93215	193.187	192.914	193.487	193.076
0.426	3.03687	178.974	178.69	179.288	178.876
0.426	3.14159	166.233	165.941	166.556	166.144
0.4345	-3.14159	132.335	132.18	132.504	132.267
0.4345	-3.03687	121.325	121.165	121.498	121.262
0.4345	-2.93215	111.828	111.646	112.003	111.768
0.4345	-2.82743	103.688	103.536	103.855	103.603
0.4345	-2.72271	96.8166	96.6679	96.9795	96.7372
0.4345	-2.61799	91.298	91.1504	91.4541	91.2236
0.4345	-2.51327	87.0009	86.8352	87.1477	86.9311
0.4345	-2.40855	83.7663	83.5924	83.9124	83.7031
0.4345	-2.30383	81.4235	81.2626	81.5906	81.3632
0.4345	-2.19911	79.8296	79.6833	79.9889	79.773
0.4345	-2.0944	78.8273	78.6964	78.9695	78.7738
0.4345	-1.98968	78.2705	78.1553	78.3949	78.2192
0.4345	-1.88496	78.0307	77.9309	78.1374	77.9806
0.4345	-1.78024	77.9978	77.9121	78.0895	77.953
0.4345	-1.67552	78.1024	78.0132	78.1771	78.0564
0.4345	-1.5708	78.2558	78.1627	78.3552	78.2039
0.4345	-1.46608	78.4757	78.3985	78.5573	78.4172
0.4345	-1.36136	78.8134	78.7509	78.8789	78.7463
0.4345	-1.25664	79.335	79.2856	79.3859	79.2569
0.4345	-1.15192	80.1396	80.102	80.1775	80.0482
0.4345	-1.0472	81.3285	81.2716	81.3822	81.2187
0.4345	-0.942478	83.034	82.9886	83.0804	82.8976
0.4345	-0.837758	85.4615	85.4272	85.4955	85.3005
0.4345	-0.733038	88.7916	88.7658	88.8164	88.6057
0.4345	-0.628319	93.2015	93.1828	93.2184	92.988
0.4345	-0.523599	98.8563	98.8437	98.8668	98.6131
0.4345	-0.418879	105.892	105.862	105.908	105.617
0.4345	-0.314159	114.25	114.222	114.278	113.974
0.4345	-0.20944	124.003	123.98	124.026	123.697
0.4345	-0.10472	135.33	135.311	135.348	134.993
0.4345	1.11022e-16	147.95	147.93	147.969	147.621
0.4345	0.10472	161.811	161.793	161.828	161.455
0.4345	0.20944	176.977	176.96	176.992	176.59
0.4345	0.314159	193.249	193.233	193.264	192.832
0.4345	0.418879	210.364	210.349	210.379	209.919
0.4345	0.523599	227.997	227.981	228.013	227.526
0.4345	0.628319	245.761	245.743	245.778	245.267
0.4345	0.733038	263.219	263.199	263.238	262.706
0.4345	0.837758	279.899	279.876	279.922	279.376
0.4345	0.942478	295.313	295.286	295.341	294.787
0.4345	1.0472	308.979	308.946	308.999	308.498
0.4345	1.15192	320.347	320.329	320.364	319.971
0.4345	1.25664	329.1	329.076	329.124	328.795
0.4345	1.36136	334.938	334.906	334.971	334.698
0.4345	1.46608	337.599	337.579	337.618	337.452
0.4345	1.5708	336.965	336.936	336.993	336.863
0.4345	1.67552	333.144	333.105	333.185	333.073
0.4345	1.78024	326.285	326.233	326.334	326.231
0.4345	1.88496	316.535	316.497	316.575	316.516
0.4345	1.98968	304.363	304.312	304.417	304.332
0.4345	2.0944	290.183	290.117	290.254	290.129
0.4345	2.19911	274.453	274.371	274.542	274.368
0.4345	2.30383	257.647	257.548	257.751	257.528
0.4345	2.40855	240.235	240.118	240.32	240.082
0.4345	2.51327	222.638	222.526	222.74	222.503
0.4345	2.61799	205.293	205.174	205.411	205.186
0.4345	2.72271	188.548	188.416	188.682	188.465
0.4345	2.82743	172.694	172.542	172.842	172.631
0.4345	2.93215	157.959	157.783	158.119	157.911
0.4345	3.03687	144.509	144.309	144.679	144.474
0.4345	3.14159	132.335	132.18	132.504	132.267
0.443	-3.14159	104.708	104.603	104.824	104.674
0.443	-3.03687	94.2577	94.1489	94.377	94.2259
0.443	-2.93215	85.07	84.9658	85.1841	85.0107
0.443	-2.82743	77.1475	77.0442	77.2607	77.0923
0.443	-2.72271	70.6082	70.5079	70.7181	70.5566
0.443	-2.61799	65.3502	65.2549	65.4545	65.3017
0.443	-2.51327	61.2333	61.1505	61.3235	61.1688
0.443	-2.40855	58.0249	57.9501	58.1059	57.9659
0.443	-2.30383	55.7159	55.6504	55.7867	55.6623
0.443	-2.19911	54.1468	54.0912	54.2064	54.0981
0.443	-2.0944	53.1619	53.0991	53.2099	53.1175
0.443	-1.98968	52.5864	52.5177	52.6533	52.5462
0.443	-1.88496	52.2993	52.2434	52.3589	52.2609
0.443	-1.78024	52.2161	52.1723	52.262	52.1782
0.443	-1.67552	52.2623	52.23	52.2955	52.2232
0.443	-1.5708	52.3965	52.3735	52.4181	52.3542
0.443	-1.46608	52.6123	52.5986	52.6238	52.5646
0.443	-1.36136	52.9122	52.8836	52.9412	52.8592
0.443	-1.25664	53.3461	53.327	53.3644	53.2823
0.443	-1.15192	54.0557	54.0455	54.0642	53.9751
0.443	-1.0472	55.1652	55.1617	55.1663	55.0686
0.443	-0.942478	56.8288	56.8307	56.8243	56.7136
0.443	-0.837758	59.2134	59.2192	59.2045	59.0764
0.443	-0.733038	62.4444	62.4404	62.4461	62.2824
0.443	-0.628319	66.6061	66.6033	66.6068	66.4402
0.443	-0.523599	71.9425	71.9433	71.9395	71.7507
0.443	-0.418879	78.6081	78.6115	78.6023	78.3882
0.443	-0.314159	86.717	86.7223	86.7093	86.4674
0.443	-0.20944	96.25	96.2431	96.2502	96.0042
0.443	-0.10472	106.996	106.991	106.999	106.722
0.443	1.11022e-16	119.231	119.228	119.231	118.929
0.443	0.10472	132.494	132.49	132.497	132.206
0.443	0.20944	146.889	146.886	146.89	146.577
0.443	0.314159	162.336	162.334	162.337	162.002
0.443	0.418879	178.589	178.586	178.589	178.235
0.443	0.523599	195.335	195.332	195.336	194.964
0.443	0.628319	212.207	212.204	212.209	211.823
0.443	0.733038	228.792	228.787	228.794	228.397
0.443	0.837758	244.64	244.634	244.645	244.244
0.443	0.942478	259.265	259.267	259.262	258.879
0.443	1.0472	272.168	272.168	272.166	271.861
0.443	1.15192	282.972	282.969	282.972	282.745
0.443	1.25664	291.305	291.299	291.31	291.154
0.443	1.36136	296.857	296.858	296.854	296.791
0.443	1.46608	299.342	299.339	299.343	299.362
0.443	1.5708	298.777	298.769	298.784	298.837
0.443	1.67552	295.193	295.177	295.207	295.276
0.443	1.78024	288.678	288.667	288.687	288.799
0.443	1.88496	279.458	279.444	279.47	279.583
0.443	1.98968	267.956	267.933	267.978	268.054
0.443	2.0944	254.55	254.516	254.585	254.614
0.443	2.19911	239.673	239.627	239.721	239.697
0.443	2.30383	223.769	223.715	223.801	223.753
0.443	2.40855	207.259	207.216	207.304	207.215
0.443	2.51327	190.605	190.55	190.663	190.55
0.443	2.61799	174.186	174.12	174.257	174.15
0.443	2.72271	158.334	158.256	158.418	158.311
0.443	2.82743	143.321	143.233	143.417	143.309
0.443	2.93215	129.366	129.268	129.472	129.36
0.443	3.03687	116.585	116.485	116.693	116.545
0.443	3.14159	104.708	104.603	104.824	104.674
0.4515	-3.14159	83.4168	83.3466	83.4941	83.4218
0.4515	-3.03687	73.3238	73.2559	73.3984	73.2972
0.4515	-2.93215	64.4039	64.3348	64.4799	64.3788
0.4515	-2.82743	56.8644	56.796	56.9398	56.8401
0.4515	-2.72271	50.6367	50.5708	50.7094	50.6051
0.4515	-2.61799	45.4356	45.3789	45.4977	45.392
0.4515	-2.51327	41.3612	41.3099	41.4172	41.3209
0.4515	-2.40855	38.2887	38.2438	38.3375	38.2518
0.4515	-2.30383	36.0689	36.0312	36.1096	36.0355
0.4515	-2.19911	34.5498	34.5198	34.5819	34.5198
0.4515	-2.0944	33.5836	33.5614	33.607	33.5567
0.4515	-1.98968	33.0186	32.9776	33.0479	32.9954
0.4515	-1.88496	32.711	32.68	32.744	32.6892
0.4515	-1.78024	32.5948	32.573	32.6174	32.5735
0.4515	-1.67552	32.6019	32.5859	32.6127	32.5799
0.4515	-1.5708	32.6858	32.6792	32.6911	32.6615
0.4515	-1.46608	32.8484	32.8478	32.8473	32.8202
0.4515	-1.36136	33.1166	33.1205	33.1107	33.0824
0.4515	-1.25664	33.5002	33.4953	33.5039	33.4588
0.4515	-1.15192	34.1303	34.1308	34.1281	34.0758
0.4515	-1.0472	35.1428	35.147	35.1368	35.0754
0.4515	-0.942478	36.6847	36.6911	36.6762	36.6019
0.4515	-0.837758	38.9151	38.9226	38.9057	38.8144
0.4515	-0.733038	42.0011	42.0087	41.9918	41.8799
0.4515	-0.628319	46.0625	46.0676	46.0555	45.9186
0.4515	-0.523599	51.2906	51.2968	51.2827	51.1222
0.4515	-0.418879	57.6432	57.648	57.6372	57.4752
0.4515	-0.314159	65.34	65.3448	65.3342	65.1471
0.4515	-0.20944	74.491	74.4953	74.4859	74.2718
0.4515	-0.10472	85.0013	85.0041	84.9982	84.7896
0.4515	1.11022e-16	96.6564	96.6582	96.6537	96.4244
0.4515	0.10472	109.623	109.624	109.622	109.384
0.4515	0.20944	123.3	123.301	123.298	123.065
0.4515	0.314159	137.98	137.982	137.979	137.728
0.4515	0.418879	153.427	153.428	153.425	153.158
0.4515	0.523599	169.344	169.345	169.342	169.062
0.4515	0.628319	185.382	185.383	185.38	185.09
0.4515	0.733038	201.147	201.147	201.145	200.848
0.4515	0.837758	216.196	216.198	216.195	215.885
0.4515	0.942478	230.054	230.056	230.051	229.744
0.4515	1.0472	242.322	242.325	242.32	242.087
0.4515	1.15192	252.599	252.601	252.597	252.445
0.4515	1.25664	260.532	260.532	260.531	260.455
0.4515	1.36136	265.788	265.79	265.784	265.825
0.4515	1.46608	268.17	268.172	268.168	268.265
0.4515	1.5708	267.66	267.66	267.66	267.797
0.4515	1.67552	264.285	264.281	264.289	264.448
0.4515	1.78024	258.113	258.112	258.114	258.321
0.4515	1.88496	249.399	249.396	249.401	249.604
0.4515	1.98968	238.512	238.504	238.52	238.692
0.4515	2.0944	225.819	225.803	225.835	225.96
0.4515	2.19911	211.728	211.704	211.754	211.822
0.4515	2.30383	196.667	196.632	196.691	196.707
0.4515	2.40855	181.033	181.01	181.055	181.046
0.4515	2.51327	165.249	165.219	165.281	165.258
0.4515	2.61799	149.686	149.647	149.728	149.709
0.4515	2.72271	134.657	134.609	134.709	134.689
0.4515	2.82743	120.422	120.366	120.484	120.46
0.4515	2.93215	107.187	107.122	107.257	107.226
0.4515	3.03687	94.6958	94.6304	94.7677	94.7001
0.4515	3.14159	83.4168	83.3466	83.4941	83.4218
0.46	-3.14159	67.8646	67.8231	67.9105	67.8721
0.46	-3.03687	58.0318	57.9879	58.0804	58.0381
0.46	-2.93215	49.5416	49.4967	49.5913	49.5456
0.46	-2.82743	42.2888	42.2489	42.3328	42.2661
0.46	-2.72271	36.107	36.069	36.1489	36.0847
0.46	-2.61799	31.1281	31.0933	31.1664	31.1063
0.46	-2.51327	27.234	27.2034	27.2677	27.213
0.46	-2.40855	24.2916	24.266	24.3196	24.2717
0.46	-2.30383	22.1587	22.1386	22.1806	22.1403
0.46	-2.19911	20.6909	20.6764	20.7063	20.6743
0.46	-2.0944	19.7401	19.7078	19.7568	19.7276
0.46	-1.98968	19.1457	19.1229	19.1709	19.1342
0.46	-1.88496	18.8262	18.8104	18.8433	18.8156
0.46	-1.78024	18.6875	18.6784	18.6968	18.6774
0.46	-1.67552	18.6628	18.6591	18.6659	18.6524
0.46	-1.5708	18.715	18.7155	18.7134	18.7032
0.46	-1.46608	18.8395	18.843	18.8348	18.825
0.46	-1.36136	19.0645	19.0636	19.0582	19.0456
0.46	-1.25664	19.385	19.3862	19.3829	19.3599
0.46	-1.15192	19.9547	19.9582	19.9501	19.9202
0.46	-1.0472	20.8897	20.8942	20.8843	20.8452
0.46	-0.942478	22.3309	22.3349	22.3261	22.2742
0.46	-0.837758	24.4301	24.4327	24.4272	24.359
0.46	-0.733038	27.3469	27.3471	27.347	27.2592
0.46	-0.628319	31.1998	31.2031	31.1959	31.0936
0.46	-0.523599	36.1623	36.1646	36.1598	36.036
0.46	-0.418879	42.388	42.3887	42.3876	42.2397
0.46	-0.314159	49.8524	49.851	49.8545	49.7087
0.46	-0.20944	58.5573	58.554	58.5619	58.3921
0.46	-0.10472	68.6831	68.6778	68.6901	68.4954
0.46	1.11022e-16	80.0058	79.9994	80.0128	79.8314
0.46	0.10472	92.3632	92.3633	92.3634	92.1744
0.46	0.20944	105.716	105.716	105.716	105.549
0.46	0.314159	119.671	119.671	119.672	119.491
0.46	0.418879	134.354	134.354	134.355	134.163
0.46	0.523599	149.485	149.484	149.485	149.284
0.46	0.628319	164.729	164.729	164.73	164.521
0.46	0.733038	179.713	179.713	179.713	179.502
0.46	0.837758	194.009	194.004	194.016	193.788
0.46	0.942478	207.179	207.176	207.183	206.961
0.46	1.0472	218.839	218.838	218.842	218.676
0.46	1.15192	228.608	228.608	228.608	228.527
0.46	1.25664	236.151	236.151	236.15	236.148
0.46	1.36136	241.171	241.169	241.174	241.27
0.46	1.46608	243.446	243.446	243.446	243.619
0.46	1.5708	242.976	242.976	242.975	243.189
0.46	1.67552	239.788	239.788	239.788	240.024
0.46	1.78024	233.983	233.983	233.982	234.249
0.46	1.88496	225.735	225.735	225.734	226.011
0.46	1.98968	215.42	215.418	215.421	215.665
0.46	2.0944	203.389	203.383	203.395	203.591
0.46	2.19911	190.032	190.02	190.044	190.18
0.46	2.30383	175.752	175.734	175.772	175.84
0.46	2.40855	160.95	160.922	160.979	161.019
0.46	2.51327	146.001	145.964	146.04	146.083
0.46	2.61799	131.25	131.203	131.285	131.338
0.46	2.72271	116.995	116.939	117.034	117.084
0.46	2.82743	103.485	103.42	103.534	103.578
0.46	2.93215	90.6515	90.6145	90.6922	90.6953
0.46	3.03687	78.7008	78.6588	78.7473	78.7435
0.46	3.14159	67.8646	67.8231	67.9105	67.8721
0.4685	-3.14159	57.1867	57.1607	57.2157	57.2257
0.4685	-3.03687	47.8217	47.7939	47.853	47.8558
0.4685	-2.93215	39.6087	39.5836	39.6367	39.6118
0.4685	-2.82743	32.4721	32.4474	32.4996	32.4725
0.4685	-2.72271	26.5712	26.548	26.5972	26.5691
0.4685	-2.61799	21.8147	21.7939	21.8379	21.8102
0.4685	-2.51327	18.0901	18.0725	18.1097	18.0838
0.4685	-2.40855	15.2109	15.2002	15.2227	15.1906
0.4685	-2.30383	13.0753	13.0682	13.0828	13.0568
0.4685	-2.19911	11.5988	11.5953	11.6023	11.5825
0.4685	-2.0944	10.6296	10.6144	10.6414	10.618
0.4685	-1.98968	10.0179	10.0083	10.0281	10.0078
0.4685	-1.88496	9.67569	9.67107	9.68031	9.66704
0.4685	-1.78024	9.51057	9.50993	9.51142	9.50287
0.4685	-1.67552	9.4562	9.45838	9.45328	9.44871
0.4685	-1.5708	9.47612	9.47966	9.47163	9.46782
0.4685	-1.46608	9.56574	9.56926	9.56145	9.55536
0.4685	-1.36136	9.75368	9.7557	9.75179	9.74021
0.4685	-1.25664	10.041	10.0442	10.0364	10.0199
0.4685	-1.15192	10.5665	10.5692	10.5633	10.5389
0.4685	-1.0472	11.4583	11.4592	11.4574	11.4215
0.4685	-0.942478	12.8535	12.8513	12.8561	12.8054
0.4685	-0.837758	14.904	14.8979	14.9115	14.8425
0.4685	-0.733038	17.7467	17.7467	17.7469	17.6858
0.4685	-0.628319	21.393	21.3909	21.3958	21.3179
0.4685	-0.523599	26.1183	26.1135	26.1245	26.0271
0.4685	-0.418879	32.0501	32.0421	32.0601	31.9411
0.4685	-0.314159	39.2922	39.2808	39.3062	39.1639
0.4685	-0.20944	47.8065	47.7932	47.8229	47.6874
0.4685	-0.10472	57.4551	57.4388	57.4751	57.3181
0.4685	1.11022e-16	68.4458	68.4269	68.4671	68.2904
0.4685	0.10472	80.3343	80.3296	80.3405	80.2033
0.4685	0.20944	93.2095	93.204	93.2168	93.065
0.4685	0.314159	106.692	106.687	106.698	106.571
0.4685	0.418879	120.655	120.65	120.662	120.526
0.4685	0.523599	135.041	135.037	135.047	134.904
0.4685	0.628319	149.534	149.53	149.539	149.392
0.4685	0.733038	163.776	163.773	163.781	163.633
0.4685	0.837758	177.384	177.382	177.388	177.242
0.4685	0.942478	189.919	189.908	189.932	189.779
0.4685	1.0472	200.997	200.99	201.007	200.883
0.4685	1.15192	210.277	210.272	210.283	210.247
0.4685	1.25664	217.442	217.44	217.446	217.49
0.4685	1.36136	222.244	222.243	222.245	222.359
0.4685	1.46608	224.441	224.436	224.447	224.67
0.4685	1.5708	223.998	223.996	224.001	224.265
0.4685	1.67552	220.975	220.975	220.976	221.262
0.4685	1.78024	215.494	215.494	215.494	215.781
0.4685	1.88496	207.734	207.734	207.735	208.029
0.4685	1.98968	197.947	197.947	197.947	198.237
0.4685	2.0944	186.531	186.529	186.532	186.772
0.4685	2.19911	173.855	173.851	173.86	174.037
0.4685	2.30383	160.303	160.294	160.313	160.418
0.4685	2.40855	146.252	146.237	146.269	146.372
0.4685	2.51327	132.062	132.039	132.086	132.189
0.4685	2.61799	118.07	118.027	118.127	118.188
0.4685	2.72271	104.581	104.514	104.654	104.652
0.4685	2.82743	91.6655	91.6306	91.6852	91.7423
0.4685	2.93215	79.2239	79.2015	79.2487	79.3048
0.4685	3.03687	67.8207	67.7977	67.8463	67.8632
0.4685	3.14159	57.1867	57.1607	57.2157	57.2257
0.477	-3.14159	50.653	50.6371	50.6711	50.7185
0.477	-3.03687	41.5797	41.5649	41.5965	41.6103
0.477	-2.93215	33.5238	33.5084	33.5413	33.5489
0.477	-2.82743	26.7064	26.6912	26.7236	26.7257
0.477	-2.72271	21.0659	21.0519	21.0819	21.0796
0.477	-2.61799	16.3822	16.3726	16.3931	16.3748
0.477	-2.51327	12.6603	12.6528	12.6687	12.6514
0.477	-2.40855	9.8299	9.78723	9.84513	9.81205
0.477	-2.30383	7.72849	7.71058	7.75218	7.72303
0.477	-2.19911	6.27188	6.25884	6.2865	6.2662
0.477	-2.0944	5.30621	5.29778	5.31558	5.30088
0.477	-1.98968	4.70732	4.70293	4.71209	4.70272
0.477	-1.88496	4.36654	4.36531	4.3677	4.36281
0.477	-1.78024	4.19512	4.19662	4.19458	4.19219
0.477	-1.67552	4.13207	4.13373	4.13002	4.12953
0.477	-1.5708	4.14083	4.14185	4.13954	4.13804
0.477	-1.46608	4.19704	4.19869	4.19648	4.19254
0.477	-1.36136	4.30525	4.30661	4.3036	4.29825
0.477	-1.25664	4.56459	4.56492	4.56423	4.55381
0.477	-1.15192	5.063	5.06089	5.06555	5.04704
0.477	-1.0472	5.91244	5.90663	5.91939	5.88968
0.477	-0.942478	7.24452	7.2339	7.25715	7.21319
0.477	-0.837758	9.20448	9.18816	9.21691	9.16271
0.477	-0.733038	11.892	11.8862	11.8992	11.8382
0.477	-0.628319	15.5036	15.4938	15.5155	15.4361
0.477	-0.523599	20.1907	20.1777	20.206	20.109
0.477	-0.418879	25.8586	25.8415	25.8791	25.782
0.477	-0.314159	32.7776	32.7561	32.8034	32.6858
0.477	-0.20944	41.016	40.9903	41.047	40.9077
0.477	-0.10472	50.4587	50.4499	50.4695	50.3673
0.477	1.11022e-16	60.9117	60.901	60.9251	60.8061
0.477	0.10472	72.5887	72.5762	72.6041	72.4687
0.477	0.20944	84.8633	84.8487	84.881	84.7584
0.477	0.314159	98.0328	98.0173	98.0515	97.9178
0.477	0.418879	111.345	111.329	111.364	111.254
0.477	0.523599	125.029	125.014	125.048	124.934
0.477	0.628319	138.811	138.797	138.829	138.713
0.477	0.733038	152.352	152.339	152.368	152.254
0.477	0.837758	165.286	165.275	165.299	165.192
0.477	0.942478	177.236	177.228	177.246	177.148
0.477	1.0472	187.802	187.784	187.827	187.735
0.477	1.15192	196.62	196.609	196.635	196.61
0.477	1.25664	203.427	203.416	203.44	203.489
0.477	1.36136	207.98	207.974	207.989	208.11
0.477	1.46608	210.129	210.126	210.133	210.312
0.477	1.5708	209.72	209.715	209.728	210.022
0.477	1.67552	206.867	206.862	206.873	207.17
0.477	1.78024	201.652	201.65	201.654	201.952
0.477	1.88496	194.298	194.298	194.298	194.578
0.477	1.98968	185.013	185.014	185.012	185.311
0.477	2.0944	174.216	174.215	174.219	174.424
0.477	2.19911	162.209	162.209	162.21	162.367
0.477	2.30383	149.328	149.326	149.329	149.467
0.477	2.40855	135.963	135.96	135.966	136.12
0.477	2.51327	122.487	122.475	122.501	122.63
0.477	2.61799	109.218	109.194	109.247	109.331
0.477	2.72271	96.4149	96.3749	96.4621	96.5023
0.477	2.82743	83.8176	83.7695	83.8703	83.8726
0.477	2.93215	72.0176	71.9752	72.0294	72.0744
0.477	3.03687	60.7906	60.7769	60.806	60.8628
0.477	3.14159	50.653	50.6371	50.6711	50.7185
0.4855	-3.14159	47.0361	46.9986	47.0443	47.0546
0.4855	-3.03687	38.123	38.1126	38.1325	38.1682
0.4855	-2.93215	30.4188	30.4097	30.4291	30.4604
0.4855	-2.82743	23.8382	23.8309	23.8468	23.8523
0.4855	-2.72271	18.1897	18.1831	18.1973	18.2001
0.4855	-2.61799	13.6291	13.6098	13.6352	13.635
0.4855	-2.51327	10.0358	9.99409	10.0549	10.0247
0.4855	-2.40855	7.26246	7.22949	7.30524	7.25385
0.4855	-2.30383	5.21797	5.19433	5.24874	5.21183
0.4855	-2.19911	3.7768	3.76217	3.79591	3.77275
0.4855	-2.0944	2.83153	2.827	2.83668	2.83016
0.4855	-1.98968	2.24682	2.24501	2.24884	2.2452
0.4855	-1.88496	1.91177	1.91171	1.91177	1.91038
0.4855	-1.78024	1.74253	1.74307	1.74185	1.74161
0.4855	-1.67552	1.67221	1.66866	1.67889	1.67163
0.4855	-1.5708	1.61867	1.61861	1.61866	1.61818
0.4855	-1.46608	1.63196	1.63233	1.63151	1.63082
0.4855	-1.36136	1.73729	1.73659	1.73812	1.73478
0.4855	-1.25664	1.99055	1.98734	1.99432	1.98579
0.4855	-1.15192	2.47535	2.46826	2.48366	2.46718
0.4855	-1.0472	3.29832	3.28614	3.3126	3.28543
0.4855	-0.942478	4.55616	4.55248	4.56062	4.53653
0.4855	-0.837758	6.38321	6.37596	6.39188	6.35622
0.4855	-0.733038	8.95899	8.94734	8.97287	8.9231
0.4855	-0.628319	12.4282	12.4115	12.448	12.3818
0.4855	-0.523599	16.9277	16.9056	16.9538	16.8692
0.4855	-0.418879	22.5786	22.5512	22.6113	22.5064
0.4855	-0.314159	29.3523	29.3225	29.3778	29.29
0.4855	-0.20944	37.2077	37.1929	37.2251	37.1321
0.4855	-0.10472	46.3432	46.3252	46.3644	46.2542
0.4855	1.11022e-16	56.5207	56.4995	56.5459	56.4428
0.4855	0.10472	67.6732	67.6495	67.7012	67.584
0.4855	0.20944	79.742	79.7164	79.7726	79.6698
0.4855	0.314159	92.3	92.2733	92.326	92.2202
0.4855	0.418879	105.284	105.269	105.303	105.257
0.4855	0.523599	118.287	118.273	118.305	118.259
0.4855	0.628319	131.386	131.374	131.402	131.354
0.4855	0.733038	144.263	144.255	144.275	144.224
0.4855	0.837758	156.578	156.573	156.585	156.527
0.4855	0.942478	167.932	167.89	167.98	167.878
0.4855	1.0472	177.903	177.872	177.945	177.998
0.4855	1.15192	186.268	186.247	186.296	186.346
0.4855	1.25664	192.751	192.74	192.767	192.808
0.4855	1.36136	197.138	197.135	197.143	197.209
0.4855	1.46608	199.204	199.176	199.241	199.354
0.4855	1.5708	198.785	198.77	198.804	199.102
0.4855	1.67552	196.084	196.064	196.09	196.358
0.4855	1.78024	191.215	191.215	191.214	191.427
0.4855	1.88496	184.255	184.244	184.269	184.5
0.4855	1.98968	175.417	175.414	175.42	175.709
0.4855	2.0944	165.156	165.156	165.156	165.342
0.4855	2.19911	153.801	153.797	153.805	153.925
0.4855	2.30383	141.672	141.671	141.673	141.781
0.4855	2.40855	128.949	128.949	128.95	129.144
0.4855	2.51327	116.14	116.134	116.145	116.301
0.4855	2.61799	103.528	103.515	103.542	103.657
0.4855	2.72271	91.0377	91.0185	91.0612	91.1308
0.4855	2.82743	78.9842	78.9539	79.0218	79.0544
0.4855	2.93215	67.4958	67.4588	67.542	67.5368
0.4855	3.03687	56.7786	56.7311	56.8346	56.805
0.4855	3.14159	47.0361	46.9986	47.0443	47.0546
0.494	-3.14159	44.9569	44.9194	45.0042	44.9724
0.494	-3.03687	36.4666	36.4238	36.521	36.4743
0.494	-2.93215	28.9946	28.9532	29.0475	28.9881
0.494	-2.82743	22.4594	22.4171	22.5135	22.4509
0.494	-2.72271	17.0273	16.9865	17.0794	17.0191
0.494	-2.61799	12.6174	12.5806	12.6645	12.6101
0.494	-2.51327	9.13249	9.09332	9.17237	9.12672
0.494	-2.40855	6.42585	6.4075	6.4504	6.41717
0.494	-2.30383	4.37512	4.36461	4.39144	4.3696
0.494	-2.19911	2.93267	2.92768	2.9398	2.92838
0.494	-2.0944	1.97441	1.97324	1.97518	1.97108
0.494	-1.98968	1.37261	1.37279	1.37241	1.36945
0.494	-1.88496	1.02227	1.02272	1.02169	1.01969
0.494	-1.78024	0.839516	0.838997	0.840013	0.837718
0.494	-1.67552	0.723212	0.72261	0.724201	0.722321
0.494	-1.5708	0.663193	0.663483	0.662831	0.662423
0.494	-1.46608	0.670395	0.669554	0.671343	0.669145
0.494	-1.36136	0.771507	0.768072	0.775457	0.769038
0.494	-1.25664	1.02249	1.01507	1.03107	1.01783
0.494	-1.15192	1.50631	1.49363	1.52101	1.49827
0.494	-1.0472	2.32772	2.31057	2.33236	2.31435
0.494	-0.942478	3.55349	3.54575	3.56262	3.53418
0.494	-0.837758	5.38499	5.37244	5.39977	5.35823
0.494	-0.733038	7.92445	7.90859	7.94314	7.90224
0.494	-0.628319	11.2736	11.2519	11.2988	11.2435
0.494	-0.523599	15.6092	15.5816	15.6414	15.5698
0.494	-0.418879	21.0467	21.0132	21.0787	20.9965
0.494	-0.314159	27.6475	27.6295	27.6686	27.5846
0.494	-0.20944	35.3461	35.3235	35.3727	35.2907
0.494	-0.10472	44.1034	44.077	44.1345	44.0371
0.494	1.11022e-16	54.0812	54.0514	54.1164	54.0034
0.494	0.10472	64.8003	64.7786	64.8287	64.7676
0.494	0.20944	76.4275	76.4018	76.4612	76.3933
0.494	0.314159	88.5664	88.5421	88.5984	88.5507
0.494	0.418879	101.129	101.104	101.162	101.115
0.494	0.523599	113.715	113.694	113.741	113.71
0.494	0.628319	126.183	126.165	126.206	126.176
0.494	0.733038	138.436	138.423	138.454	138.422
0.494	0.837758	150.151	150.142	150.162	150.125
0.494	0.942478	160.993	160.99	160.996	160.952
0.494	1.0472	170.512	170.471	170.567	170.577
0.494	1.15192	178.452	178.423	178.491	178.554
0.494	1.25664	184.56	184.587	184.627	184.684
0.494	1.36136	188.765	188.758	188.773	188.819
0.494	1.46608	190.8	190.787	190.798	190.843
0.494	1.5708	190.408	190.386	190.436	190.674
0.494	1.67552	187.827	187.818	187.838	188.068
0.494	1.78024	183.19	183.19	183.19	183.371
0.494	1.88496	176.674	176.666	176.671	176.782
0.494	1.98968	168.267	168.261	168.276	168.526
0.494	2.0944	158.502	158.502	158.503	158.679
0.494	2.19911	147.7	147.7	147.7	147.841
0.494	2.30383	136.182	136.177	136.188	136.29
0.494	2.40855	124.182	124.182	124.182	124.342
0.494	2.51327	111.988	111.987	111.989	112.162
0.494	2.61799	99.8131	99.8088	99.8184	99.9461
0.494	2.72271	87.6834	87.6722	87.6971	87.7887
0.494	2.82743	76.0422	76.0254	76.0632	76.114
0.494	2.93215	64.8514	64.8258	64.8837	64.9039
0.494	3.03687	54.5796	54.5494	54.6178	54.6064
0.494	3.14159	44.9569	44.9194	45.0042	44.9724
0.5025	-3.14159	43.8981	43.8678	43.9368	43.9216
0.5025	-3.03687	35.6158	35.5845	35.6561	35.6215
0.5025	-2.93215	28.2247	28.1905	28.2686	28.2253
0.5025	-2.82743	21.9448	21.9099	21.9897	21.942
0.5025	-2.72271	16.7194	16.6863	16.7621	16.7154
0.5025	-2.61799	12.3481	12.3227	12.3811	12.3387
0.5025	-2.51327	8.83546	8.81482	8.86242	8.82795
0.5025	-2.40855	6.14229	6.12719	6.16214	6.13731
0.5025	-2.30383	4.15098	4.14154	4.1635	4.14791
0.5025	-2.19911	2.7423	2.73786	2.74829	2.74039
0.5025	-2.0944	1.80056	1.79986	1.80173	1.7994
0.5025	-1.98968	1.21502	1.21506	1.215	1.21314
0.5025	-1.88496	0.867848	0.867677	0.867993	0.865983
0.5025	-1.78024	0.629188	0.624347	0.635655	0.628377
0.5025	-1.67552	0.468403	0.464489	0.469178	0.468111
0.5025	-1.5708	0.413635	0.413134	0.414242	0.413574
0.5025	-1.46608	0.434725	0.43284	0.436795	0.434603
0.5025	-1.36136	0.546184	0.541216	0.551831	0.545552
0.5025	-1.25664	0.806887	0.797445	0.817689	0.805011
0.5025	-1.15192	1.24568	1.24248	1.25176	1.24365
0.5025	-1.0472	2.02388	2.01883	2.02994	2.01629
0.5025	-0.942478	3.23261	3.22335	3.24355	3.22085
0.5025	-0.837758	5.02518	5.01074	5.04207	5.008
0.5025	-0.733038	7.54013	7.51978	7.56376	7.51615
0.5025	-0.628319	10.9155	10.8888	10.9464	10.8833
0.5025	-0.523599	15.251	15.2216	15.2865	15.2395
0.5025	-0.418879	20.4697	20.4511	20.4913	20.4314
0.5025	-0.314159	26.8153	26.792	26.8425	26.7674
0.5025	-0.20944	34.3682	34.3404	34.4007	34.3095
0.5025	-0.10472	42.9071	42.8895	42.9297	42.8705
0.5025	1.11022e-16	52.4261	52.4019	52.4575	52.394
0.5025	0.10472	63.0448	63.0187	63.0786	63.0137
0.5025	0.20944	74.172	74.1417	74.2116	74.1588
0.5025	0.314159	86.1092	86.044	86.1523	86.0992
0.5025	0.418879	98.1568	98.1274	98.1953	98.1594
0.5025	0.523599	110.509	110.481	110.546	110.511
0.5025	0.628319	122.448	122.427	122.475	122.458
0.5025	0.733038	134.124	134.107	134.144	134.128
0.5025	0.837758	145.282	145.271	145.295	145.275
0.5025	0.942478	155.606	155.602	155.61	155.585
0.5025	1.0472	164.729	164.682	164.783	164.747
0.5025	1.15192	172.275	172.241	172.319	172.393
0.5025	1.25664	178.119	178.099	178.145	178.216
0.5025	1.36136	182.069	182.061	182.079	182.141
0.5025	1.46608	184	184.002	183.997	184.043
0.5025	1.5708	183.685	183.659	183.718	183.869
0.5025	1.67552	181.216	181.205	181.23	181.416
0.5025	1.78024	176.794	176.794	176.794	176.938
0.5025	1.88496	170.589	170.594	170.583	170.684
0.5025	1.98968	162.658	162.649	162.669	162.883
0.5025	2.0944	153.353	153.353	153.353	153.541
0.5025	2.19911	143.063	143.065	143.06	143.216
0.5025	2.30383	132.094	132.092	132.095	132.212
0.5025	2.40855	120.743	120.732	120.75	120.832
0.5025	2.51327	109.1	109.1	109.099	109.273
0.5025	2.61799	97.1053	97.1034	97.1074	97.2471
0.5025	2.72271	85.5137	85.5081	85.5206	85.6181
0.5025	2.82743	74.0172	74.005	74.0324	74.0978
0.5025	2.93215	63.3189	63.2992	63.3437	63.3798
0.5025	3.03687	53.115	53.091	53.1455	53.1503
0.5025	3.14159	43.8981	43.8678	43.9368	43.9216
0.511	-3.14159	43.1317	43.1064	43.164	43.1515
0.511	-3.03687	34.9285	34.8988	34.9666	34.9391
0.511	-2.93215	27.8123	27.78	27.8538	27.8169
0.511	-2.82743	21.7247	21.6957	21.7623	21.7186
0.511	-2.72271	16.4378	16.4104	16.4734	16.432
0.511	-2.61799	12.1364	12.1123	12.1678	12.132
0.511	-2.51327	8.72746	8.70797	8.7529	8.72433
0.511	-2.40855	6.10584	6.09171	6.12442	6.10358
0.511	-2.30383	4.15909	4.15036	4.1707	4.15764
0.511	-2.19911	2.77415	2.77012	2.77963	2.77325
0.511	-2.0944	1.84162	1.84082	1.84281	1.84091
0.511	-1.98968	1.26019	1.2604	1.25988	1.25931
0.511	-1.88496	0.916627	0.905637	0.91824	0.91552
0.511	-1.78024	0.619508	0.615666	0.624598	0.619189
0.511	-1.67552	0.455185	0.45491	0.45559	0.455019
0.511	-1.5708	0.400284	0.399504	0.401185	0.400086
0.511	-1.46608	0.439343	0.43703	0.441874	0.439466
0.511	-1.36136	0.566039	0.560525	0.572129	0.566061
0.511	-1.25664	0.78741	0.787435	0.787262	0.785548
0.511	-1.15192	1.22232	1.21767	1.22817	1.22024
0.511	-1.0472	2.0154	2.00736	2.02265	2.01046
0.511	-0.942478	3.21824	3.20724	3.23072	3.21013
0.511	-0.837758	4.98521	4.96868	5.00403	4.97281
0.511	-0.733038	7.44547	7.42573	7.4529	7.4305
0.511	-0.628319	10.7031	10.682	10.7303	10.6934
0.511	-0.523599	14.9404	14.9062	14.9803	14.9284
0.511	-0.418879	20.2153	20.1951	20.2386	20.1717
0.511	-0.314159	26.4095	26.3838	26.4394	26.3736
0.511	-0.20944	33.6455	33.6315	33.6634	33.6044
0.511	-0.10472	42.0487	42.0273	42.0763	42.0115
0.511	1.11022e-16	51.3405	51.3157	51.3725	51.3176
0.511	0.10472	61.5531	61.5226	61.5929	61.5353
0.511	0.20944	72.5701	72.5393	72.6102	72.5669
0.511	0.314159	84.0106	83.9773	84.0542	84.0113
0.511	0.418879	95.9137	95.884	95.9522	95.927
0.511	0.523599	107.727	107.699	107.764	107.741
0.511	0.628319	119.52	119.499	119.546	119.542
0.511	0.733038	130.665	130.649	130.685	130.682
0.511	0.837758	141.312	141.302	141.324	141.318
0.511	0.942478	151.16	151.157	151.162	151.152
0.511	1.0472	159.881	159.835	159.908	159.889
0.511	1.15192	167.065	167.032	167.109	167.194
0.511	1.25664	172.627	172.607	172.652	172.735
0.511	1.36136	176.385	176.244	176.393	176.468
0.511	1.46608	178.221	178.224	178.216	178.276
0.511	1.5708	177.941	177.916	177.974	178.108
0.511	1.67552	175.578	175.568	175.591	175.75
0.511	1.78024	171.359	171.359	171.357	171.497
0.511	1.88496	165.443	165.449	165.434	165.547
0.511	1.98968	157.914	157.905	157.925	158.116
0.511	2.0944	149.037	149.037	149.036	149.231
0.511	2.19911	139.222	139.225	139.217	139.381
0.511	2.30383	128.759	128.759	128.758	128.885
0.511	2.40855	117.932	117.923	117.94	118.028
0.511	2.51327	106.452	106.452	106.451	106.631
0.511	2.61799	94.9867	94.9857	94.9876	95.1338
0.511	2.72271	83.5154	83.5108	83.5211	83.6258
0.511	2.82743	72.5082	72.4974	72.5216	72.5947
0.511	2.93215	61.9384	61.9228	61.9581	61.9955
0.511	3.03687	52.0985	52.0761	52.1269	52.1398
0.511	3.14159	43.1317	43.1064	43.164	43.1515
0.5195	-3.14159	42.2694	42.2411	42.3055	42.2937
0.5195	-3.03687	34.3562	34.3233	34.3982	34.3717
0.5195	-2.93215	27.4145	27.3822	27.4558	27.416
0.5195	-2.82743	21.2674	21.2346	21.3096	21.2656
0.5195	-2.72271	16.138	16.1068	16.1781	16.1348
0.5195	-2.61799	11.9534	11.9258	11.9891	11.9512
0.5195	-2.51327	8.62561	8.60295	8.65491	8.62471
0.5195	-2.40855	6.0556	6.03875	6.07747	6.05516
0.5195	-2.30383	4.08943	4.08081	4.10085	4.08694
0.5195	-2.19911	2.65988	2.65601	2.66513	2.6585
0.5195	-2.0944	1.69174	1.69117	1.69262	1.69108
0.5195	-1.98968	1.07877	1.07879	1.07877	1.07727
0.5195	-1.88496	0.706335	0.706057	0.706602	0.704682
0.5195	-1.78024	0.436304	0.432213	0.441707	0.435379
0.5195	-1.67552	0.267716	0.26728	0.268302	0.267365
0.5195	-1.5708	0.215766	0.21508	0.216613	0.215704
0.5195	-1.46608	0.25008	0.248064	0.25252	0.249855
0.5195	-1.36136	0.385302	0.380162	0.391153	0.384559
0.5195	-1.25664	0.673547	0.667757	0.673699	0.670456
0.5195	-1.15192	1.13879	1.13499	1.14533	1.13689
0.5195	-1.0472	1.95341	1.94794	1.95961	1.94586
0.5195	-0.942478	3.19345	3.18369	3.20455	3.18187
0.5195	-0.837758	4.98658	4.97069	5.00475	4.97719
0.5195	-0.733038	7.39424	7.38573	7.40507	7.3819
0.5195	-0.628319	10.5769	10.5584	10.6007	10.5679
0.5195	-0.523599	14.7036	14.673	14.7398	14.6947
0.5195	-0.418879	19.8307	19.8113	19.8532	19.7945
0.5195	-0.314159	26.044	26.0199	26.072	25.9985
0.5195	-0.20944	33.1543	33.1428	33.1381	33.1172
0.5195	-0.10472	41.2696	41.2512	41.2933	41.2367
0.5195	1.11022e-16	50.5086	50.4837	50.5411	50.4804
0.5195	0.10472	60.3811	60.354	60.4161	60.3676
0.5195	0.20944	71.1274	71.0963	71.1681	71.1188
0.5195	0.314159	82.2998	82.2702	82.3382	82.3052
0.5195	0.418879	93.8379	93.8077	93.8772	93.8455
0.5195	0.523599	105.394	105.37	105.426	105.413
0.5195	0.628319	116.78	116.759	116.808	116.796
0.5195	0.733038	127.716	127.704	127.731	127.738
0.5195	0.837758	137.895	137.889	137.902	137.908
0.5195	0.942478	147.307	147.307	147.305	147.306
0.5195	1.0472	155.615	155.574	155.661	155.654
0.5195	1.15192	162.471	162.442	162.508	162.603
0.5195	1.25664	167.776	167.761	167.796	167.889
0.5195	1.36136	171.36	171.357	171.365	171.449
0.5195	1.46608	173.111	173.117	173.103	173.173
0.5195	1.5708	172.822	172.801	172.849	173.015
0.5195	1.67552	170.562	170.555	170.57	170.736
0.5195	1.78024	166.532	166.535	166.528	166.674
0.5195	1.88496	160.886	160.893	160.876	160.996
0.5195	1.98968	153.683	153.677	153.69	153.904
0.5195	2.0944	145.204	145.206	145.201	145.4
0.5195	2.19911	135.829	135.833	135.824	135.991
0.5195	2.30383	125.835	125.834	125.834	125.965
0.5195	2.40855	115.221	115.213	115.231	115.31
0.5195	2.51327	104.109	104.11	104.107	104.289
0.5195	2.61799	92.9027	92.9015	92.9039	93.0434
0.5195	2.72271	81.7675	81.7617	81.7746	81.8809
0.5195	2.82743	71.0362	71.0254	71.0497	71.1167
0.5195	2.93215	60.7031	60.6852	60.7256	60.7642
0.5195	3.03687	51.2158	51.1935	51.2441	51.2516
0.5195	3.14159	42.2694	42.2411	42.3055	42.2937
0.528	-3.14159	41.6587	41.6218	41.7051	41.6855
0.528	-3.03687	33.9476	33.95	34.0372	33.9979
0.528	-2.93215	26.9903	26.9489	27.0428	26.9947
0.528	-2.82743	21.0163	20.9743	21.0695	21.0178
0.528	-2.72271	16.0185	15.9783	16.0696	16.0185
0.528	-2.61799	11.9285	11.8922	11.9748	11.9282
0.528	-2.51327	8.54083	8.51306	8.57636	8.53638
0.528	-2.40855	5.88893	5.86761	5.91628	5.88601
0.528	-2.30383	3.89989	3.8853	3.91868	3.89831
0.528	-2.19911	2.4658	2.4575	2.47656	2.46528
0.528	-2.0944	1.48224	1.479	1.48646	1.48233
0.528	-1.98968	0.852478	0.851933	0.853125	0.852415
0.528	-1.88496	0.475439	0.475453	0.475422	0.47479
0.528	-1.78024	0.242085	0.234054	0.252331	0.241809
0.528	-1.67552	0.0569623	0.0576829	0.0623806	0.0569649
0.528	-1.5708	0	0	0	0
0.528	-1.46608	0.0459534	0.0452198	0.0467982	0.0458708
0.528	-1.36136	0.20393	0.200995	0.207315	0.203446
0.528	-1.25664	0.523051	0.516498	0.530623	0.52163
0.528	-1.15192	1.0316	1.02967	1.03406	1.02833
0.528	-1.0472	1.85269	1.84904	1.85691	1.84607
0.528	-0.942478	3.10556	3.09828	3.1139	3.09539
0.528	-0.837758	4.91567	4.90379	4.92929	4.90083
0.528	-0.733038	7.40929	7.39203	7.42907	7.38853
0.528	-0.628319	10.6983	10.6855	10.7148	10.6836
0.528	-0.523599	14.729	14.7101	14.7427	14.7044
0.528	-0.418879	19.7144	19.6986	19.733	19.6827
0.528	-0.314159	25.7615	25.7414	25.7851	25.7218
0.528	-0.20944	32.9236	32.8994	32.9522	32.8749
0.528	-0.10472	40.8654	40.8529	40.8815	40.8322
0.528	1.11022e-16	49.8019	49.7837	49.8256	49.7733
0.528	0.10472	59.6094	59.5895	59.6353	59.5953
0.528	0.20944	69.9738	69.9503	70.0046	69.9644
0.528	0.314159	81.0251	81.0031	81.0538	81.0295
0.528	0.418879	92.1256	92.1031	92.1549	92.1325
0.528	0.523599	103.532	103.511	103.56	103.539
0.528	0.628319	114.47	114.455	114.488	114.486
0.528	0.733038	125.191	125.181	125.204	125.201
0.528	0.837758	135.04	135.039	135.04	135.054
0.528	0.942478	144.054	144.058	144.047	144.055
0.528	1.0472	151.939	151.906	151.981	152.049
0.528	1.15192	158.497	158.477	158.524	158.626
0.528	1.25664	163.572	163.563	163.583	163.682
0.528	1.36136	167	167.001	166.998	167.088
0.528	1.46608	168.677	168.685	168.666	168.74
0.528	1.5708	168.333	168.319	168.351	168.534
0.528	1.67552	166.173	166.17	166.175	166.344
0.528	1.78024	162.323	162.327	162.315	162.464
0.528	1.88496	156.929	156.935	156.919	157.039
0.528	1.98968	149.977	149.976	149.979	150.205
0.528	2.0944	141.868	141.872	141.863	142.062
0.528	2.19911	132.902	132.905	132.898	133.063
0.528	2.30383	123.236	123.232	123.239	123.355
0.528	2.40855	112.792	112.793	112.791	112.923
0.528	2.51327	102.093	102.093	102.093	102.263
0.528	2.61799	91.0287	91.0249	91.0329	91.1685
0.528	2.72271	80.3308	80.3206	80.3431	80.4442
0.528	2.82743	69.6976	69.6812	69.7179	69.7793
0.528	2.93215	59.7459	59.721	59.7768	59.8087
0.528	3.03687	50.3009	50.2709	50.3387	50.3391
0.528	3.14159	41.6587	41.6218	41.7051	41.6855
0.5365	-3.14159	41.7496	41.6969	41.7832	41.7764
0.5365	-3.03687	34.0529	34.0216	34.0615	34.087
0.5365	-2.93215	27.2278	27.2104	27.2382	27.2739
0.5365	-2.82743	21.4028	21.3835	21.4137	21.4448
0.5365	-2.72271	16.5343	16.4964	16.5409	16.5544
0.5365	-2.61799	12.3532	12.3047	12.3705	12.3482
0.5365	-2.51327	8.98036	8.93819	9.03342	8.97676
0.5365	-2.40855	6.35036	6.31597	6.39366	6.34828
0.5365	-2.30383	4.3623	4.33642	4.39486	4.36157
0.5365	-2.19911	2.91384	2.89643	2.93562	2.91411
0.5365	-2.0944	1.90687	1.90159	1.91812	1.90982
0.5365	-1.98968	1.27303	1.2705	1.27597	1.2743
0.5365	-1.88496	0.888101	0.887406	0.888911	0.888294
0.5365	-1.78024	0.682552	0.676498	0.682546	0.682308
0.5365	-1.67552	0.493965	0.48676	0.502933	0.494167
0.5365	-1.5708	0.440551	0.439933	0.441231	0.440334
0.5365	-1.46608	0.506704	0.5067	0.506712	0.506247
0.5365	-1.36136	0.692245	0.691403	0.693242	0.691302
0.5365	-1.25664	1.04331	1.04021	1.04696	1.04144
0.5365	-1.15192	1.60726	1.60714	1.60742	1.60268
0.5365	-1.0472	2.45463	2.4533	2.45623	2.44757
0.5365	-0.942478	3.73027	3.72654	3.73466	3.71991
0.5365	-0.837758	5.54945	5.54227	5.55781	5.53477
0.5365	-0.733038	8.03231	8.02084	8.04561	8.01216
0.5365	-0.628319	11.298	11.2817	11.317	11.2712
0.5365	-0.523599	15.4585	15.4369	15.4738	15.4237
0.5365	-0.418879	20.349	20.3385	20.3614	20.319
0.5365	-0.314159	26.2539	26.2399	26.2705	26.2166
0.5365	-0.20944	33.2293	33.2118	33.2501	33.184
0.5365	-0.10472	41.1856	41.1638	41.2115	41.1522
0.5365	1.11022e-16	49.9049	49.8802	49.9343	49.8651
0.5365	0.10472	59.5741	59.5606	59.592	59.5416
0.5365	0.20944	69.6716	69.6579	69.6897	69.6561
0.5365	0.314159	80.3865	80.3711	80.407	80.3743
0.5365	0.418879	91.285	91.2724	91.3017	91.2853
0.5365	0.523599	102.275	102.264	102.291	102.276
0.5365	0.628319	113.054	113.048	113.062	113.063
0.5365	0.733038	123.363	123.361	123.366	123.368
0.5365	0.837758	133.098	133.102	133.091	133.106
0.5365	0.942478	141.691	141.661	141.731	141.748
0.5365	1.0472	149.207	149.186	149.234	149.339
0.5365	1.15192	155.497	155.486	155.511	155.617
0.5365	1.25664	160.363	160.362	160.365	160.466
0.5365	1.36136	163.653	163.658	163.645	163.735
0.5365	1.46608	165.193	165.175	165.216	165.323
0.5365	1.5708	164.83	164.825	164.838	165.021
0.5365	1.67552	162.766	162.768	162.762	162.93
0.5365	1.78024	159.085	159.09	159.076	159.219
0.5365	1.88496	153.863	153.858	153.869	154.031
0.5365	1.98968	147.162	147.164	147.16	147.381
0.5365	2.0944	139.397	139.399	139.392	139.583
0.5365	2.19911	130.808	130.806	130.809	130.963
0.5365	2.30383	121.249	121.237	121.261	121.364
0.5365	2.40855	111.115	111.115	111.115	111.318
0.5365	2.51327	100.561	100.558	100.565	100.722
0.5365	2.61799	89.9181	89.9077	89.9302	90.0537
0.5365	2.72271	79.3962	79.3786	79.4176	79.4979
0.5365	2.82743	69.106	69.0783	69.14	69.1859
0.5365	2.93215	59.3961	59.361	59.4396	59.4487
0.5365	3.03687	50.1209	50.0763	50.1764	50.1592
0.5365	3.14159	41.7496	41.6969	41.7832	41.7764
0.545	-3.14159	43.1109	43.1007	43.1218	43.2008
0.545	-3.03687	35.4723	35.4608	35.4863	35.5504
0.545	-2.93215	28.8175	28.8054	28.8306	28.8843
0.545	-2.82743	23.1299	23.1179	23.1431	23.1855
0.545	-2.72271	18.226	18.2131	18.2398	18.2604
0.545	-2.61799	14.1302	14.1182	14.1432	14.1575
0.545	-2.51327	10.851	10.7847	10.8723	10.8476
0.545	-2.40855	8.22815	8.16991	8.29796	8.22651
0.545	-2.30383	6.22764	6.18113	6.28558	6.22842
0.545	-2.19911	4.75486	4.73619	4.79782	4.76034
0.545	-2.0944	3.77531	3.76418	3.78792	3.78016
0.545	-1.98968	3.13173	3.12487	3.1395	3.13412
0.545	-1.88496	2.73952	2.73601	2.74347	2.74033
0.545	-1.78024	2.53245	2.50952	2.53373	2.53236
0.545	-1.67552	2.35045	2.34339	2.35829	2.35014
0.545	-1.5708	2.33446	2.33123	2.3381	2.33345
0.545	-1.46608	2.42528	2.42434	2.4262	2.42373
0.545	-1.36136	2.64402	2.64405	2.64402	2.64186
0.545	-1.25664	3.03479	3.0343	3.03543	3.0313
0.545	-1.15192	3.66071	3.65967	3.66136	3.65512
0.545	-1.0472	4.54901	4.54902	4.54901	4.54047
0.545	-0.942478	5.85781	5.85724	5.85858	5.84613
0.545	-0.837758	7.6982	7.69598	7.70098	7.68262
0.545	-0.733038	10.1847	10.1799	10.1905	10.1641
0.545	-0.628319	13.4303	13.4223	13.44	13.4037
0.545	-0.523599	17.5411	17.5294	17.5552	17.5066
0.545	-0.418879	22.5017	22.497	22.5075	22.4705
0.545	-0.314159	28.2869	28.2798	28.2956	28.249
0.545	-0.20944	35.1009	35.0912	35.1126	35.0555
0.545	-0.10472	42.96	42.9478	42.9746	42.9066
0.545	1.11022e-16	51.4661	51.4508	51.4847	51.4272
0.545	0.10472	60.8618	60.8445	60.8827	60.8174
0.545	0.20944	70.8871	70.8675	70.9079	70.8627
0.545	0.314159	81.2761	81.2605	81.2836	81.252
0.545	0.418879	91.9809	91.9776	91.9856	91.969
0.545	0.523599	102.595	102.592	102.598	102.583
0.545	0.628319	113.181	113.182	113.179	113.177
0.545	0.733038	123.115	123.118	123.111	123.107
0.545	0.837758	132.538	132.512	132.574	132.57
0.545	0.942478	140.831	140.815	140.851	140.953
0.545	1.0472	148.057	148.049	148.069	148.173
0.545	1.15192	154.104	154.103	154.106	154.209
0.545	1.25664	158.782	158.786	158.743	158.872
0.545	1.36136	161.946	161.952	161.937	162.016
0.545	1.46608	163.293	163.287	163.301	163.49
0.545	1.5708	162.952	162.953	162.951	163.127
0.545	1.67552	160.978	160.982	160.973	161.129
0.545	1.78024	157.454	157.455	157.451	157.578
0.545	1.88496	152.312	152.313	152.311	152.546
0.545	1.98968	145.889	145.891	145.886	146.092
0.545	2.0944	138.441	138.438	138.444	138.613
0.545	2.19911	130.041	130.028	130.054	130.176
0.545	2.30383	120.679	120.679	120.68	120.891
0.545	2.40855	110.897	110.892	110.903	111.087
0.545	2.51327	100.524	100.511	100.538	100.678
0.545	2.61799	90.2647	90.2407	90.2931	90.391
0.545	2.72271	79.9148	79.8806	79.9561	80.0098
0.545	2.82743	69.9691	69.9215	70.0271	70.043
0.545	2.93215	60.3923	60.3352	60.4044	60.4408
0.545	3.03687	51.3284	51.3149	51.3452	51.4328
0.545	3.14159	43.1109	43.1007	43.1218	43.2008
0.5535	-3.14159	46.7834	46.7622	46.8062	46.8792
0.5535	-3.03687	39.333	39.3101	39.3578	39.4173
0.5535	-2.93215	32.83	32.8063	32.8558	32.9024
0.5535	-2.82743	27.2599	27.2362	27.2857	27.3204
0.5535	-2.72271	22.3711	22.346	22.3994	22.4126
0.5535	-2.61799	18.3369	18.2689	18.3625	18.3692
0.5535	-2.51327	15.0579	14.9539	15.1285	15.0556
0.5535	-2.40855	12.4318	12.3408	12.545	12.4304
0.5535	-2.30383	10.4504	10.4168	10.5094	10.4653
0.5535	-2.19911	9.04301	9.01565	9.07366	9.05268
0.5535	-2.0944	8.05753	8.03644	8.08119	8.06317
0.5535	-1.98968	7.40514	7.38998	7.42213	7.40782
0.5535	-1.88496	7.00798	6.99804	7.019	7.00858
0.5535	-1.78024	6.75886	6.73669	6.7834	6.75901
0.5535	-1.67552	6.64349	6.62826	6.66033	6.64196
0.5535	-1.5708	6.64774	6.63826	6.65811	6.645
0.5535	-1.46608	6.76934	6.7643	6.77477	6.76565
0.5535	-1.36136	7.02847	7.02648	7.03052	7.02384
0.5535	-1.25664	7.46713	7.46682	7.4674	7.46134
0.5535	-1.15192	8.14617	8.14621	8.14617	8.13756
0.5535	-1.0472	9.09224	9.09068	9.09395	9.08035
0.5535	-0.942478	10.4459	10.4456	10.4461	10.4301
0.5535	-0.837758	12.32	12.32	12.3201	12.2998
0.5535	-0.733038	14.8237	14.8229	14.8248	14.7983
0.5535	-0.628319	18.0644	18.0621	18.0674	18.0329
0.5535	-0.523599	22.1427	22.1383	22.1483	22.1045
0.5535	-0.418879	27.1107	27.1101	27.1116	27.0745
0.5535	-0.314159	32.797	32.7954	32.7993	32.7547
0.5535	-0.20944	39.4725	39.4696	39.4763	39.4236
0.5535	-0.10472	47.1513	47.147	47.1569	47.095
0.5535	1.11022e-16	55.5021	55.4956	55.5103	55.4597
0.5535	0.10472	64.6392	64.6316	64.6489	64.5925
0.5535	0.20944	74.4481	74.4388	74.4599	74.4202
0.5535	0.314159	84.518	84.5082	84.5305	84.4901
0.5535	0.418879	95.0314	95.0208	95.0449	95.0126
0.5535	0.523599	105.281	105.271	105.294	105.283
0.5535	0.628319	115.541	115.532	115.553	115.549
0.5535	0.733038	125.154	125.146	125.165	125.196
0.5535	0.837758	134.201	134.194	134.209	134.255
0.5535	0.942478	142.346	142.342	142.351	142.436
0.5535	1.0472	149.309	149.31	149.308	149.399
0.5535	1.15192	155.134	155.136	155.13	155.214
0.5535	1.25664	159.639	159.642	159.634	159.706
0.5535	1.36136	162.564	162.561	162.57	162.733
0.5535	1.46608	163.837	163.838	163.837	164.009
0.5535	1.5708	163.517	163.519	163.514	163.669
0.5535	1.67552	161.628	161.625	161.629	161.756
0.5535	1.78024	158.138	158.138	158.138	158.352
0.5535	1.88496	153.157	153.157	153.157	153.367
0.5535	1.98968	146.988	146.982	146.994	147.169
0.5535	2.0944	139.83	139.799	139.85	139.984
0.5535	2.19911	131.53	131.529	131.53	131.712
0.5535	2.30383	122.421	122.412	122.431	122.623
0.5535	2.40855	112.865	112.847	112.886	113.033
0.5535	2.51327	102.842	102.81	102.88	102.981
0.5535	2.61799	92.9142	92.8689	92.9681	93.0207
0.5535	2.72271	82.7956	82.7332	82.8706	82.8798
0.5535	2.82743	73.1593	73.0797	73.1746	73.2255
0.5535	2.93215	63.6775	63.6633	63.6926	63.8007
0.5535	3.03687	54.8563	54.8391	54.8746	54.9822
0.5535	3.14159	46.7834	46.7622	46.8062	46.8792
0.562	-3.14159	53.9081	53.8452	53.9551	54.013
0.562	-3.03687	46.6222	46.5621	46.674	46.7175
0.562	-2.93215	40.25	40.1692	40.3037	40.3341
0.562	-2.82743	34.779	34.6531	34.8321	34.8332
0.562	-2.72271	29.9353	29.7604	30.0254	29.9263
0.562	-2.61799	25.8596	25.7621	26.0407	25.8739
0.562	-2.51327	22.6127	22.546	22.7352	22.643
0.562	-2.40855	20.0863	20.0261	20.1535	20.1084
0.562	-2.30383	18.1637	18.1085	18.2227	18.1789
0.562	-2.19911	16.7518	16.7069	16.8019	16.7613
0.562	-2.0944	15.7593	15.7225	15.8004	15.7644
0.562	-1.98968	15.1016	15.0726	15.1338	15.1031
0.562	-1.88496	14.7022	14.6542	14.7281	14.7032
0.562	-1.78024	14.4486	14.4106	14.4906	14.4469
0.562	-1.67552	14.3492	14.3204	14.381	14.3452
0.562	-1.5708	14.381	14.3602	14.4038	14.3752
0.562	-1.46608	14.5417	14.5276	14.5568	14.5343
0.562	-1.36136	14.8501	14.8415	14.8592	14.8413
0.562	-1.25664	15.3461	15.3416	15.3507	15.3358
0.562	-1.15192	16.0735	16.0608	16.0869	16.0599
0.562	-1.0472	17.0767	17.0689	17.0849	17.0607
0.562	-0.942478	18.4902	18.4861	18.4942	18.4673
0.562	-0.837758	20.4108	20.4091	20.4123	20.3832
0.562	-0.733038	22.946	22.9457	22.9462	22.9128
0.562	-0.628319	26.1976	26.1977	26.1976	26.1579
0.562	-0.523599	30.2607	30.2605	30.2611	30.2134
0.562	-0.418879	35.1435	35.1418	35.145	35.1073
0.562	-0.314159	40.7535	40.7529	40.7539	40.7108
0.562	-0.20944	47.3145	47.3144	47.3144	47.2627
0.562	-0.10472	54.8376	54.8377	54.8374	54.777
0.562	1.11022e-16	62.9849	62.9842	62.9861	62.934
0.562	0.10472	71.8896	71.8885	71.8913	71.8343
0.562	0.20944	81.4311	81.4292	81.4339	81.395
0.562	0.314159	91.2058	91.2037	91.2089	91.169
0.562	0.418879	101.402	101.401	101.402	101.368
0.562	0.523599	111.33	111.328	111.333	111.323
0.562	0.628319	121.242	121.24	121.245	121.242
0.562	0.733038	130.555	130.553	130.557	130.59
0.562	0.837758	139.27	139.269	139.271	139.317
0.562	0.942478	147.166	147.166	147.167	147.254
0.562	1.0472	153.837	153.837	153.837	153.943
0.562	1.15192	159.452	159.449	159.453	159.508
0.562	1.25664	163.797	163.789	163.804	163.836
0.562	1.36136	166.534	166.534	166.534	166.697
0.562	1.46608	167.714	167.713	167.714	167.897
0.562	1.5708	167.399	167.39	167.407	167.522
0.562	1.67552	165.584	165.564	165.605	165.685
0.562	1.78024	162.141	162.14	162.141	162.379
0.562	1.88496	157.284	157.271	157.297	157.521
0.562	1.98968	151.345	151.318	151.374	151.501
0.562	2.0944	144.45	144.404	144.502	144.583
0.562	2.19911	136.318	136.312	136.324	136.522
0.562	2.30383	127.453	127.443	127.463	127.708
0.562	2.40855	118.12	118.102	118.173	118.35
0.562	2.51327	108.425	108.359	108.502	108.546
0.562	2.61799	98.763	98.679	98.8629	98.8535
0.562	2.72271	88.9486	88.8424	89.0759	89.02
0.562	2.82743	79.5896	79.4617	79.6609	79.6448
0.562	2.93215	70.3875	70.2686	70.4193	70.4432
0.562	3.03687	61.7927	61.7275	61.829	61.9091
0.562	3.14159	53.9081	53.8452	53.9551	54.013
0.5705	-3.14159	65.1601	65.0069	65.4464	65.2763
0.5705	-3.03687	58.0225	57.8996	58.3117	58.1193
0.5705	-2.93215	51.7481	51.6331	52.0587	51.8393
0.5705	-2.82743	46.3535	46.2393	46.6239	46.43
0.5705	-2.72271	41.7884	41.681	41.908	41.8378
0.5705	-2.61799	37.8325	37.7298	37.9468	37.8714
0.5705	-2.51327	34.6376	34.5413	34.7447	34.6668
0.5705	-2.40855	32.1236	32.0351	32.222	32.1443
0.5705	-2.30383	30.2039	30.1243	30.2924	30.2173
0.5705	-2.19911	28.7899	28.7198	28.8676	28.7972
0.5705	-2.0944	27.7945	27.7344	27.8611	27.7969
0.5705	-1.98968	27.137	27.0522	27.1924	27.1354
0.5705	-1.88496	26.691	26.6176	26.7722	26.6895
0.5705	-1.78024	26.4503	26.3892	26.5177	26.445
0.5705	-1.67552	26.3754	26.3258	26.4299	26.3671
0.5705	-1.5708	26.444	26.4049	26.4867	26.4331
0.5705	-1.46608	26.6533	26.6236	26.6856	26.6403
0.5705	-1.36136	27.0214	26.9997	27.0446	27.0064
0.5705	-1.25664	27.5741	27.5381	27.6014	27.5556
0.5705	-1.15192	28.3275	28.3001	28.357	28.3066
0.5705	-1.0472	29.4055	29.3853	29.427	29.3818
0.5705	-0.942478	30.8929	30.8786	30.9079	30.8618
0.5705	-0.837758	32.875	32.8659	32.8843	32.8367
0.5705	-0.733038	35.4559	35.4504	35.4614	35.4114
0.5705	-0.628319	38.7337	38.7307	38.7364	38.682
0.5705	-0.523599	42.7956	42.7844	42.7988	42.7354
0.5705	-0.418879	47.4799	47.4707	47.4892	47.4305
0.5705	-0.314159	53.0296	53.023	53.0362	52.9746
0.5705	-0.20944	59.4938	59.489	59.4983	59.4328
0.5705	-0.10472	66.8808	66.8774	66.8839	66.8137
0.5705	1.11022e-16	74.7948	74.7919	74.7973	74.7429
0.5705	0.10472	83.4929	83.4907	83.4947	83.4342
0.5705	0.20944	92.7267	92.7264	92.7268	92.6797
0.5705	0.314159	102.23	102.23	102.231	102.183
0.5705	0.418879	112.04	112.034	112.044	112.016
0.5705	0.523599	121.661	121.656	121.666	121.643
0.5705	0.628319	131.275	131.269	131.28	131.264
0.5705	0.733038	140.209	140.203	140.215	140.234
0.5705	0.837758	148.644	148.643	148.645	148.682
0.5705	0.942478	156.239	156.237	156.24	156.318
0.5705	1.0472	162.65	162.647	162.652	162.746
0.5705	1.15192	167.97	167.965	167.974	168.086
0.5705	1.25664	172.058	172.024	172.094	172.165
0.5705	1.36136	174.817	174.815	174.819	174.888
0.5705	1.46608	175.916	175.911	175.921	176.094
0.5705	1.5708	175.498	175.488	175.506	175.697
0.5705	1.67552	173.654	173.601	173.713	173.799
0.5705	1.78024	170.452	170.439	170.459	170.57
0.5705	1.88496	165.715	165.702	165.727	165.965
0.5705	1.98968	159.827	159.807	159.853	160.09
0.5705	2.0944	153.122	153.031	153.226	153.247
0.5705	2.19911	145.346	145.228	145.428	145.423
0.5705	2.30383	136.81	136.784	136.837	137.064
0.5705	2.40855	127.769	127.732	127.807	128
0.5705	2.51327	118.25	118.204	118.298	118.478
0.5705	2.61799	108.804	108.749	108.933	109.026
0.5705	2.72271	99.217	99.1493	99.4058	99.4101
0.5705	2.82743	90.0909	89.92	90.3269	90.1789
0.5705	2.93215	81.1759	81.0334	81.4351	81.2828
0.5705	3.03687	72.8475	72.6308	73.1063	72.8765
0.5705	3.14159	65.1601	65.0069	65.4464	65.2763
0.579	-3.14159	81.4473	81.2918	81.6199	81.5853
0.579	-3.03687	74.6161	74.4607	74.7883	74.7187
0.579	-2.93215	68.4554	68.2988	68.6292	68.5434
0.579	-2.82743	63.1403	62.9847	63.3129	63.2136
0.579	-2.72271	58.6409	58.4889	58.8097	58.7001
0.579	-2.61799	54.8728	54.73	55.0311	54.9082
0.579	-2.51327	51.7023	51.5669	51.8523	51.7278
0.579	-2.40855	49.2009	49.0746	49.3408	49.2175
0.579	-2.30383	47.2865	47.1693	47.4148	47.2955
0.579	-2.19911	45.8746	45.7334	45.9901	45.877
0.579	-2.0944	44.8398	44.702	44.9843	44.8457
0.579	-1.98968	44.132	44.0092	44.2676	44.1311
0.579	-1.88496	43.696	43.5882	43.815	43.6895
0.579	-1.78024	43.4774	43.3841	43.5799	43.4662
0.579	-1.67552	43.4367	43.3575	43.5236	43.4216
0.579	-1.5708	43.5523	43.4862	43.6245	43.534
0.579	-1.46608	43.8213	43.7424	43.8801	43.8001
0.579	-1.36136	44.206	44.1318	44.2868	44.1806
0.579	-1.25664	44.7862	44.7245	44.8531	44.758
0.579	-1.15192	45.6245	45.5739	45.679	45.5934
0.579	-1.0472	46.7893	46.7485	46.8332	46.755
0.579	-0.942478	48.3611	48.3286	48.3957	48.323
0.579	-0.837758	50.4249	50.4004	50.4505	50.3722
0.579	-0.733038	53.0536	53.0131	53.0842	52.9925
0.579	-0.628319	56.3189	56.2855	56.3542	56.2503
0.579	-0.523599	60.1922	60.163	60.2231	60.1317
0.579	-0.418879	64.8507	64.8265	64.8761	64.7843
0.579	-0.314159	70.3568	70.3367	70.3776	70.2841
0.579	-0.20944	76.7417	76.7249	76.759	76.6626
0.579	-0.10472	83.8592	83.8436	83.8752	83.7988
0.579	1.11022e-16	91.6086	91.5874	91.6224	91.5452
0.579	0.10472	100.112	100.082	100.13	100.047
0.579	0.20944	108.961	108.93	108.992	108.909
0.579	0.314159	118.215	118.186	118.246	118.162
0.579	0.418879	127.639	127.62	127.658	127.602
0.579	0.523599	136.972	136.952	136.991	136.94
0.579	0.628319	146.215	146.196	146.234	146.215
0.579	0.733038	154.827	154.805	154.848	154.838
0.579	0.837758	162.98	162.955	163.004	163.005
0.579	0.942478	170.22	170.193	170.246	170.285
0.579	1.0472	176.443	176.413	176.457	176.528
0.579	1.15192	181.543	181.525	181.562	181.648
0.579	1.25664	185.421	185.397	185.445	185.547
0.579	1.36136	187.951	187.919	187.981	188.099
0.579	1.46608	189.127	189.009	189.166	189.219
0.579	1.5708	188.695	188.669	188.722	188.886
0.579	1.67552	186.797	186.761	186.832	187.008
0.579	1.78024	183.518	183.472	183.601	183.748
0.579	1.88496	179.169	178.991	179.202	179.218
0.579	1.98968	173.436	173.393	173.48	173.694
0.579	2.0944	166.771	166.717	166.827	167.039
0.579	2.19911	159.17	159.101	159.243	159.423
0.579	2.30383	150.933	150.768	151.211	151.108
0.579	2.40855	142.421	142.156	142.521	142.492
0.579	2.51327	133.184	133.104	133.267	133.411
0.579	2.61799	123.984	123.893	124.08	124.204
0.579	2.72271	114.718	114.594	114.846	114.925
0.579	2.82743	105.719	105.583	105.859	105.916
0.579	2.93215	97.1273	96.9857	97.2839	97.2961
0.579	3.03687	88.9125	88.7629	89.0783	89.0668
0.579	3.14159	81.4473	81.2918	81.6199	81.5853
