#x	y	0	11a	11b	8
0.0178175	-3.14159	79.8167	79.8239	79.8076	79.6133
0.0178175	-3.03687	68.6171	68.623	68.6095	68.4186
0.0178175	-2.93215	58.7923	58.7987	58.7842	58.6129
0.0178175	-2.82743	50.4081	50.4147	50.3998	50.2461
0.0178175	-2.72271	43.4026	43.409	43.3944	43.2565
0.0178175	-2.61799	37.6828	37.6887	37.675	37.5514
0.0178175	-2.51327	33.1317	33.1367	33.1232	33.0139
0.0178175	-2.40855	29.5826	29.5911	29.572	29.4839
0.0178175	-2.30383	26.9173	26.9258	26.9067	26.8293
0.0178175	-2.19911	24.9892	24.997	24.9793	24.9108
0.0178175	-2.0944	23.6537	23.66	23.6456	23.5838
0.0178175	-1.98968	22.7766	22.7802	22.7715	22.7139
0.0178175	-1.88496	22.2403	22.24	22.2398	22.1833
0.0178175	-1.78024	21.9495	21.9439	21.9551	21.8963
0.0178175	-1.67552	21.8359	21.8234	21.8493	21.7844
0.0178175	-1.5708	21.8081	21.8072	21.8084	21.7567
0.0178175	-1.46608	21.8887	21.8819	21.8958	21.8339
0.0178175	-1.36136	22.1299	22.1159	22.1455	22.0691
0.0178175	-1.25664	22.5946	22.5721	22.6201	22.5249
0.0178175	-1.15192	23.3762	23.3442	23.4129	23.2944
0.0178175	-1.0472	24.5689	24.5521	24.5867	24.4725
0.0178175	-0.942478	26.2825	26.2591	26.3096	26.1678
0.0178175	-0.837758	28.7298	28.6978	28.767	28.5936
0.0178175	-0.733038	32.0735	32.0328	32.1212	31.9124
0.0178175	-0.628319	36.4751	36.4258	36.5334	36.2859
0.0178175	-0.523599	42.0867	42.0295	42.148	41.866
0.0178175	-0.418879	49.0003	48.9649	49.0421	48.7503
0.0178175	-0.314159	57.3421	57.3003	57.3918	57.0567
0.0178175	-0.20944	67.2119	67.1642	67.2689	66.889
0.0178175	-0.10472	78.6383	78.5855	78.7018	78.276
0.0178175	1.11022e-16	91.5994	91.5425	91.6684	91.1965
0.0178175	0.10472	105.792	105.748	105.845	105.358
0.0178175	0.20944	121.091	121.045	121.147	120.618
0.0178175	0.314159	137.449	137.402	137.506	136.938
0.0178175	0.418879	154.6	154.552	154.657	154.053
0.0178175	0.523599	172.219	172.172	172.275	171.703
0.0178175	0.628319	189.924	189.88	189.979	189.519
0.0178175	0.733038	207.292	207.25	207.343	206.982
0.0178175	0.837758	223.382	223.363	223.406	223.134
0.0178175	0.942478	238.257	238.243	238.274	238.052
0.0178175	1.0472	251.457	251.426	251.485	251.262
0.0178175	1.15192	262.466	262.441	262.496	262.298
0.0178175	1.25664	271.006	270.988	271.028	270.866
0.0178175	1.36136	276.793	276.781	276.808	276.681
0.0178175	1.46608	279.586	279.56	279.617	279.484
0.0178175	1.5708	279.255	279.237	279.275	279.18
0.0178175	1.67552	275.908	275.899	275.92	275.86
0.0178175	1.78024	269.675	269.672	269.679	269.649
0.0178175	1.88496	260.688	260.676	260.703	260.662
0.0178175	1.98968	249.33	249.325	249.337	249.32
0.0178175	2.0944	236.003	236.003	236.002	236.005
0.0178175	2.19911	221.121	221.125	221.116	221.131
0.0178175	2.30383	205.122	205.128	205.115	205.136
0.0178175	2.40855	188.428	188.43	188.425	188.422
0.0178175	2.51327	170.974	170.971	170.977	170.978
0.0178175	2.61799	153.636	153.636	153.634	153.633
0.0178175	2.72271	136.854	136.857	136.849	136.786
0.0178175	2.82743	120.91	120.916	120.903	120.736
0.0178175	2.93215	105.968	105.975	105.961	105.719
0.0178175	3.03687	92.2297	92.2365	92.221	92.0044
0.0178175	3.14159	79.8167	79.8239	79.8076	79.6133
0.0184709	-3.14159	69.9168	69.9201	69.9124	69.7572
0.0184709	-3.03687	59.2103	59.2129	59.2068	59.0791
0.0184709	-2.93215	49.8915	49.8941	49.8879	49.7732
0.0184709	-2.82743	41.9381	41.9411	41.9342	41.8313
0.0184709	-2.72271	35.2909	35.2945	35.2863	35.1944
0.0184709	-2.61799	29.8608	29.8652	29.8554	29.7739
0.0184709	-2.51327	25.5361	25.5412	25.5297	25.458
0.0184709	-2.40855	22.1886	22.1943	22.1815	22.1188
0.0184709	-2.30383	19.6804	19.6863	19.673	19.6183
0.0184709	-2.19911	17.8709	17.8764	17.8639	17.816
0.0184709	-2.0944	16.6227	16.6269	16.6172	16.5743
0.0184709	-1.98968	15.8085	15.8104	15.8058	15.7656
0.0184709	-1.88496	15.3166	15.3148	15.318	15.2781
0.0184709	-1.78024	15.0448	15.0493	15.0393	15.0107
0.0184709	-1.67552	14.8829	14.8847	14.8803	14.8498
0.0184709	-1.5708	14.8472	14.845	14.8493	14.8134
0.0184709	-1.46608	14.9339	14.9262	14.9424	14.8974
0.0184709	-1.36136	15.1714	15.1568	15.1878	15.1298
0.0184709	-1.25664	15.6194	15.5967	15.6453	15.5703
0.0184709	-1.15192	16.3366	16.3275	16.3471	16.2776
0.0184709	-1.0472	17.4172	17.4014	17.4354	17.3455
0.0184709	-0.942478	19.0451	19.0218	19.0722	18.958
0.0184709	-0.837758	21.3687	21.3373	21.4054	21.2632
0.0184709	-0.733038	24.5427	24.503	24.5894	24.4158
0.0184709	-0.628319	28.7191	28.6711	28.7669	28.5675
0.0184709	-0.523599	34.0004	33.9723	34.0337	33.8258
0.0184709	-0.418879	40.5404	40.5058	40.5815	40.3374
0.0184709	-0.314159	48.4633	48.4226	48.5119	48.2298
0.0184709	-0.20944	57.8376	57.7913	57.8932	57.5715
0.0184709	-0.10472	68.6905	68.6395	68.7523	68.3902
0.0184709	1.11022e-16	81.0009	80.9462	81.0679	80.6654
0.0184709	0.10472	94.682	94.6361	94.7338	94.3201
0.0184709	0.20944	109.204	109.16	109.259	108.809
0.0184709	0.314159	124.73	124.684	124.786	124.302
0.0184709	0.418879	141.007	140.96	141.063	140.547
0.0184709	0.523599	157.724	157.679	157.78	157.236
0.0184709	0.628319	174.521	174.478	174.575	174.109
0.0184709	0.733038	190.994	190.953	191.043	190.693
0.0184709	0.837758	206.466	206.447	206.49	206.205
0.0184709	0.942478	220.489	220.474	220.509	220.335
0.0184709	1.0472	232.974	232.964	232.988	232.868
0.0184709	1.15192	243.436	243.412	243.466	243.343
0.0184709	1.25664	251.5	251.482	251.523	251.436
0.0184709	1.36136	256.949	256.937	256.965	256.914
0.0184709	1.46608	259.602	259.595	259.611	259.596
0.0184709	1.5708	259.287	259.269	259.308	259.29
0.0184709	1.67552	256.071	256.06	256.084	256.099
0.0184709	1.78024	250.118	250.114	250.124	250.168
0.0184709	1.88496	241.644	241.644	241.644	241.712
0.0184709	1.98968	230.857	230.851	230.865	230.921
0.0184709	2.0944	218.189	218.187	218.19	218.262
0.0184709	2.19911	204.053	204.055	204.051	204.132
0.0184709	2.30383	188.865	188.869	188.861	188.945
0.0184709	2.40855	172.818	172.819	172.816	172.911
0.0184709	2.51327	156.263	156.267	156.259	156.346
0.0184709	2.61799	139.932	139.931	139.932	139.916
0.0184709	2.72271	124.061	124.063	124.059	123.955
0.0184709	2.82743	108.943	108.946	108.938	108.762
0.0184709	2.93215	94.7996	94.804	94.794	94.6142
0.0184709	3.03687	81.8015	81.8062	81.7955	81.6349
0.0184709	3.14159	69.9168	69.9201	69.9124	69.7572
0.0191243	-3.14159	61.5422	61.5424	61.5416	61.4496
0.0191243	-3.03687	51.3929	51.3927	51.3927	51.31
0.0191243	-2.93215	42.5629	42.5627	42.5628	42.4881
0.0191243	-2.82743	35.0296	35.0297	35.0292	34.9617
0.0191243	-2.72271	28.7362	28.737	28.7351	28.6745
0.0191243	-2.61799	23.5981	23.5997	23.5959	23.5419
0.0191243	-2.51327	19.5088	19.5114	19.5056	19.458
0.0191243	-2.40855	16.3469	16.3502	16.3427	16.3012
0.0191243	-2.30383	13.9813	13.985	13.9766	13.9405
0.0191243	-2.19911	12.2785	12.2821	12.274	12.2426
0.0191243	-2.0944	11.1083	11.1109	11.1049	11.0768
0.0191243	-1.98968	10.3497	10.3503	10.347	10.3223
0.0191243	-1.88496	9.843	9.84667	9.83845	9.82044
0.0191243	-1.78024	9.54899	9.55177	9.54546	9.52831
0.0191243	-1.67552	9.40776	9.40832	9.4068	9.38788
0.0191243	-1.5708	9.38575	9.38268	9.38901	9.36532
0.0191243	-1.46608	9.47927	9.47114	9.48842	9.45671
0.0191243	-1.36136	9.71523	9.70067	9.73187	9.6887
0.0191243	-1.25664	10.1111	10.1069	10.1159	10.0783
0.0191243	-1.15192	10.7529	10.7436	10.7637	10.712
0.0191243	-1.0472	11.786	11.7704	11.8041	11.7347
0.0191243	-0.942478	13.3382	13.3156	13.3647	13.2741
0.0191243	-0.837758	15.548	15.5176	15.5837	15.4682
0.0191243	-0.733038	18.5651	18.5266	18.6012	18.4675
0.0191243	-0.628319	22.4905	22.4695	22.5155	22.375
0.0191243	-0.523599	27.4933	27.4661	27.5257	27.356
0.0191243	-0.418879	33.7129	33.6795	33.7527	33.5515
0.0191243	-0.314159	41.2462	41.207	41.2932	41.0589
0.0191243	-0.20944	50.1583	50.1139	50.2119	49.9432
0.0191243	-0.10472	60.4748	60.4261	60.5343	60.2305
0.0191243	1.11022e-16	72.1756	72.1235	72.2399	71.901
0.0191243	0.10472	85.1885	85.134	85.2566	84.8833
0.0191243	0.20944	99.1732	99.1299	99.226	98.8477
0.0191243	0.314159	113.916	113.872	113.971	113.563
0.0191243	0.418879	129.37	129.325	129.424	128.99
0.0191243	0.523599	145.239	145.195	145.293	144.836
0.0191243	0.628319	161.18	161.138	161.231	160.765
0.0191243	0.733038	176.807	176.768	176.855	176.496
0.0191243	0.837758	191.699	191.675	191.724	191.43
0.0191243	0.942478	204.985	204.97	205.006	204.816
0.0191243	1.0472	216.754	216.742	216.769	216.682
0.0191243	1.15192	226.666	226.659	226.675	226.655
0.0191243	1.25664	234.301	234.283	234.323	234.306
0.0191243	1.36136	239.432	239.42	239.448	239.467
0.0191243	1.46608	241.909	241.902	241.919	241.973
0.0191243	1.5708	241.653	241.64	241.657	241.732
0.0191243	1.67552	238.565	238.555	238.578	238.663
0.0191243	1.78024	232.879	232.874	232.885	232.998
0.0191243	1.88496	224.803	224.802	224.804	224.939
0.0191243	1.98968	214.617	214.619	214.616	214.766
0.0191243	2.0944	202.599	202.597	202.601	202.737
0.0191243	2.19911	189.167	189.168	189.166	189.309
0.0191243	2.30383	174.744	174.746	174.742	174.885
0.0191243	2.40855	159.273	159.274	159.273	159.424
0.0191243	2.51327	143.636	143.639	143.633	143.696
0.0191243	2.61799	128.143	128.146	128.14	128.102
0.0191243	2.72271	113.095	113.096	113.092	112.958
0.0191243	2.82743	98.7558	98.7562	98.7549	98.6362
0.0191243	2.93215	85.3402	85.3389	85.3412	85.2355
0.0191243	3.03687	72.9936	72.9944	72.9923	72.8894
0.0191243	3.14159	61.5422	61.5424	61.5416	61.4496
0.0197777	-3.14159	54.7902	54.7881	54.7923	54.7445
0.0197777	-3.03687	45.163	45.1605	45.1657	45.1227
0.0197777	-2.93215	36.7892	36.7865	36.7921	36.7524
0.0197777	-2.82743	29.6468	29.6444	29.6493	29.6126
0.0197777	-2.72271	23.6816	23.6799	23.6834	23.6496
0.0197777	-2.61799	18.8133	18.8125	18.814	18.7832
0.0197777	-2.51327	14.9407	14.941	14.9402	14.9126
0.0197777	-2.40855	11.9485	11.9498	11.9468	11.9225
0.0197777	-2.30383	9.71251	9.71451	9.71	9.68888
0.0197777	-2.19911	8.09125	8.08846	8.0942	8.07365
0.0197777	-2.0944	6.94873	6.94839	6.94888	6.93303
0.0197777	-1.98968	6.19208	6.19343	6.1903	6.17826
0.0197777	-1.88496	5.72056	5.72261	5.71799	5.70841
0.0197777	-1.78024	5.45269	5.45427	5.45069	5.44178
0.0197777	-1.67552	5.33022	5.32998	5.33033	5.31986
0.0197777	-1.5708	5.32124	5.31778	5.32509	5.31051
0.0197777	-1.46608	5.42222	5.41413	5.43146	5.40993
0.0197777	-1.36136	5.605	5.60406	5.60606	5.58933
0.0197777	-1.25664	5.95757	5.95321	5.96266	5.93728
0.0197777	-1.15192	6.57634	6.56725	6.58697	6.54953
0.0197777	-1.0472	7.56548	7.55051	7.58302	7.53044
0.0197777	-0.942478	9.04898	9.02721	9.07454	9.00369
0.0197777	-0.837758	11.1611	11.1319	11.1841	11.1034
0.0197777	-0.733038	13.9886	13.9742	14.0058	13.9175
0.0197777	-0.628319	17.7141	17.694	17.7379	17.6271
0.0197777	-0.523599	22.4806	22.4547	22.5114	22.3756
0.0197777	-0.418879	28.4032	28.3714	28.4411	28.2784
0.0197777	-0.314159	35.574	35.5367	35.6188	35.4276
0.0197777	-0.20944	44.0546	44.0124	44.1056	43.885
0.0197777	-0.10472	53.8691	53.8229	53.9257	53.675
0.0197777	1.11022e-16	64.9981	64.9488	65.0593	64.7786
0.0197777	0.10472	77.3727	77.3213	77.4107	77.1274
0.0197777	0.20944	90.8554	90.8177	90.8915	90.5952
0.0197777	0.314159	104.873	104.831	104.904	104.588
0.0197777	0.418879	119.552	119.509	119.586	119.246
0.0197777	0.523599	134.621	134.579	134.671	134.296
0.0197777	0.628319	149.754	149.714	149.803	149.412
0.0197777	0.733038	164.585	164.548	164.631	164.268
0.0197777	0.837758	178.724	178.69	178.766	178.509
0.0197777	0.942478	191.522	191.507	191.542	191.342
0.0197777	1.0472	202.667	202.656	202.682	202.58
0.0197777	1.15192	212.017	212.009	212.027	212.016
0.0197777	1.25664	219.248	219.231	219.269	219.316
0.0197777	1.36136	224.08	224.068	224.095	224.179
0.0197777	1.46608	226.391	226.385	226.401	226.519
0.0197777	1.5708	226.109	226.106	226.113	226.263
0.0197777	1.67552	223.229	223.219	223.241	223.391
0.0197777	1.78024	217.794	217.789	217.801	217.976
0.0197777	1.88496	210.096	210.095	210.098	210.293
0.0197777	1.98968	200.399	200.4	200.399	200.608
0.0197777	2.0944	189.025	189.026	189.024	189.239
0.0197777	2.19911	176.309	176.309	176.309	176.508
0.0197777	2.30383	162.4	162.398	162.402	162.612
0.0197777	2.40855	147.744	147.744	147.744	147.882
0.0197777	2.51327	132.902	132.903	132.9	132.943
0.0197777	2.61799	118.188	118.189	118.187	118.136
0.0197777	2.72271	103.901	103.901	103.9	103.831
0.0197777	2.82743	90.2906	90.2889	90.2922	90.234
0.0197777	2.93215	77.5598	77.5562	77.5635	77.5129
0.0197777	3.03687	65.6489	65.6479	65.6499	65.5952
0.0197777	3.14159	54.7902	54.7881	54.7923	54.7445
0.0204311	-3.14159	49.5387	49.535	49.5428	49.5346
0.0204311	-3.03687	40.4051	40.4007	40.4101	40.401
0.0204311	-2.93215	32.4626	32.4579	32.468	32.4575
0.0204311	-2.82743	25.6852	25.6806	25.6905	25.6801
0.0204311	-2.72271	20.0249	20.0211	20.0293	20.0182
0.0204311	-2.61799	15.4063	15.4035	15.4094	15.398
0.0204311	-2.51327	11.7333	11.7274	11.7351	11.7238
0.0204311	-2.40855	8.84774	8.83759	8.86156	8.83235
0.0204311	-2.30383	6.67735	6.67328	6.68363	6.66603
0.0204311	-2.19911	5.12363	5.12442	5.12337	5.11559
0.0204311	-2.0944	4.05518	4.05541	4.05486	4.04581
0.0204311	-1.98968	3.3481	3.34782	3.34831	3.34231
0.0204311	-1.88496	2.90899	2.9098	2.90796	2.90389
0.0204311	-1.78024	2.6644	2.66513	2.66347	2.65992
0.0204311	-1.67552	2.55902	2.55836	2.5597	2.55487
0.0204311	-1.5708	2.52853	2.52903	2.5279	2.52346
0.0204311	-1.46608	2.55041	2.54919	2.55177	2.54424
0.0204311	-1.36136	2.6921	2.68773	2.69712	2.68381
0.0204311	-1.25664	3.00783	2.99895	3.0181	2.99616
0.0204311	-1.15192	3.57779	3.56318	3.59476	3.56127
0.0204311	-1.0472	4.5049	4.48353	4.5298	4.48188
0.0204311	-0.942478	5.89334	5.88111	5.90409	5.86208
0.0204311	-0.837758	7.84523	7.83095	7.86209	7.80434
0.0204311	-0.733038	10.5508	10.5307	10.5746	10.4985
0.0204311	-0.628319	14.1491	14.1226	14.1803	14.0834
0.0204311	-0.523599	18.7707	18.7379	18.8096	18.6898
0.0204311	-0.418879	24.5092	24.4794	24.5448	24.4164
0.0204311	-0.314159	31.3424	31.3074	31.3845	31.2321
0.0204311	-0.20944	39.4199	39.3802	39.4679	39.2907
0.0204311	-0.10472	48.7643	48.7207	48.7943	48.6152
0.0204311	1.11022e-16	59.3279	59.3045	59.3563	59.1652
0.0204311	0.10472	71.0754	71.0496	71.1066	70.893
0.0204311	0.20944	83.8965	83.869	83.9298	83.6948
0.0204311	0.314159	97.4272	97.4093	97.4494	97.2145
0.0204311	0.418879	111.379	111.361	111.401	111.15
0.0204311	0.523599	125.71	125.693	125.732	125.467
0.0204311	0.628319	140.11	140.078	140.131	139.849
0.0204311	0.733038	154.195	154.16	154.238	153.92
0.0204311	0.837758	167.612	167.581	167.651	167.388
0.0204311	0.942478	179.962	179.947	179.98	179.775
0.0204311	1.0472	190.519	190.508	190.533	190.419
0.0204311	1.15192	199.367	199.36	199.377	199.35
0.0204311	1.25664	206.206	206.188	206.224	206.275
0.0204311	1.36136	210.746	210.736	210.76	210.903
0.0204311	1.46608	212.902	212.896	212.91	213.087
0.0204311	1.5708	212.595	212.592	212.599	212.806
0.0204311	1.67552	209.844	209.843	209.845	210.078
0.0204311	1.78024	204.719	204.715	204.725	204.958
0.0204311	1.88496	197.377	197.376	197.379	197.631
0.0204311	1.98968	188.143	188.144	188.143	188.406
0.0204311	2.0944	177.364	177.365	177.363	177.588
0.0204311	2.19911	165.28	165.281	165.28	165.514
0.0204311	2.30383	151.947	151.945	151.95	152.114
0.0204311	2.40855	138.035	138.034	138.035	138.152
0.0204311	2.51327	123.929	123.929	123.928	123.956
0.0204311	2.61799	109.95	109.949	109.949	109.931
0.0204311	2.72271	96.3786	96.3771	96.3801	96.3707
0.0204311	2.82743	83.4537	83.4503	83.4574	83.4536
0.0204311	2.93215	71.2814	71.2759	71.2829	71.2723
0.0204311	3.03687	59.8491	59.8465	59.8519	59.8435
0.0204311	3.14159	49.5387	49.535	49.5428	49.5346
0.0210845	-3.14159	45.7056	45.6996	45.7116	45.7347
0.0210845	-3.03687	37.0265	37.0204	37.0335	37.0566
0.0210845	-2.93215	29.4793	29.4729	29.4867	29.504
0.0210845	-2.82743	23.0436	23.0374	23.0509	23.0626
0.0210845	-2.72271	17.6351	17.6023	17.6766	17.6207
0.0210845	-2.61799	13.1303	13.101	13.1679	13.1182
0.0210845	-2.51327	9.54223	9.51856	9.57337	9.53278
0.0210845	-2.40855	6.76602	6.74888	6.78878	6.75872
0.0210845	-2.30383	4.68928	4.67805	4.70339	4.68334
0.0210845	-2.19911	3.19772	3.19319	3.2041	3.19446
0.0210845	-2.0944	2.18084	2.17977	2.1814	2.17824
0.0210845	-1.98968	1.51871	1.5188	1.51859	1.51595
0.0210845	-1.88496	1.11565	1.11588	1.11534	1.11318
0.0210845	-1.78024	0.89488	0.894018	0.895793	0.89292
0.0210845	-1.67552	0.739553	0.739087	0.74028	0.738328
0.0210845	-1.5708	0.683661	0.683779	0.68351	0.68244
0.0210845	-1.46608	0.717304	0.716199	0.718574	0.715508
0.0210845	-1.36136	0.866133	0.862372	0.870483	0.863094
0.0210845	-1.25664	1.18158	1.1738	1.1906	1.17641
0.0210845	-1.15192	1.7398	1.72676	1.75495	1.73141
0.0210845	-1.0472	2.61429	2.61013	2.61924	2.60096
0.0210845	-0.942478	3.90661	3.8986	3.91607	3.88769
0.0210845	-0.837758	5.78359	5.77078	5.79868	5.75766
0.0210845	-0.733038	8.37809	8.35977	8.39965	8.34367
0.0210845	-0.628319	11.822	11.7978	11.8507	11.7775
0.0210845	-0.523599	16.2397	16.2094	16.2756	16.1835
0.0210845	-0.418879	21.7403	21.7042	21.7835	21.6709
0.0210845	-0.314159	28.4117	28.3705	28.4365	28.3276
0.0210845	-0.20944	36.1404	36.1218	36.159	36.0505
0.0210845	-0.10472	45.0058	44.9873	45.0281	44.9012
0.0210845	1.11022e-16	55.0616	55.0402	55.0871	54.9416
0.0210845	0.10472	66.2457	66.2219	66.2739	66.1101
0.0210845	0.20944	78.4479	78.4225	78.478	78.2971
0.0210845	0.314159	91.5073	91.4809	91.5361	91.3418
0.0210845	0.418879	104.779	104.763	104.799	104.609
0.0210845	0.523599	118.399	118.383	118.418	118.218
0.0210845	0.628319	132.079	132.065	132.097	131.89
0.0210845	0.733038	145.491	145.478	145.507	145.297
0.0210845	0.837758	158.253	158.223	158.288	158.049
0.0210845	0.942478	169.991	169.966	170.022	169.853
0.0210845	1.0472	180.182	180.172	180.195	180.074
0.0210845	1.15192	188.558	188.551	188.567	188.527
0.0210845	1.25664	195.033	195.029	195.038	195.071
0.0210845	1.36136	199.352	199.341	199.367	199.49
0.0210845	1.46608	201.343	201.336	201.352	201.546
0.0210845	1.5708	201.007	201.003	201.011	201.242
0.0210845	1.67552	198.365	198.364	198.366	198.615
0.0210845	1.78024	193.517	193.517	193.517	193.766
0.0210845	1.88496	186.535	186.533	186.537	186.82
0.0210845	1.98968	177.781	177.781	177.781	178.031
0.0210845	2.0944	167.531	167.531	167.531	167.733
0.0210845	2.19911	155.816	155.816	155.816	156.027
0.0210845	2.30383	143.144	143.143	143.145	143.278
0.0210845	2.40855	129.95	129.947	129.954	130.004
0.0210845	2.51327	116.55	116.55	116.55	116.612
0.0210845	2.61799	103.273	103.264	103.284	103.345
0.0210845	2.72271	90.4067	90.3867	90.4199	90.4553
0.0210845	2.82743	78.1092	78.0911	78.128	78.1417
0.0210845	2.93215	66.3171	66.2932	66.3472	66.3332
0.0210845	3.03687	55.498	55.4653	55.5082	55.5016
0.0210845	3.14159	45.7056	45.6996	45.7116	45.7347
0.0217379	-3.14159	43.1926	43.1485	43.1967	43.2003
0.0217379	-3.03687	34.9402	34.9257	34.9458	34.9768
0.0217379	-2.93215	27.764	27.7335	27.7712	27.7663
0.0217379	-2.82743	21.496	21.4577	21.5449	21.4893
0.0217379	-2.72271	16.2507	16.2139	16.2976	16.2437
0.0217379	-2.61799	11.9619	11.9287	12.0043	11.9561
0.0217379	-2.51327	8.54083	8.51306	8.57636	8.53638
0.0217379	-2.40855	5.88893	5.86761	5.91628	5.88601
0.0217379	-2.30383	3.89989	3.8853	3.91868	3.89831
0.0217379	-2.19911	2.4658	2.4575	2.47656	2.46528
0.0217379	-2.0944	1.48224	1.479	1.48646	1.48233
0.0217379	-1.98968	0.852478	0.851933	0.853125	0.852415
0.0217379	-1.88496	0.475439	0.475453	0.475422	0.47479
0.0217379	-1.78024	0.242085	0.234054	0.252331	0.241809
0.0217379	-1.67552	0.0569623	0.0576829	0.0623806	0.0569649
0.0217379	-1.5708	0	0	0	0
0.0217379	-1.46608	0.0459534	0.0452198	0.0467982	0.0458708
0.0217379	-1.36136	0.20393	0.200995	0.207315	0.203446
0.0217379	-1.25664	0.523051	0.516498	0.530623	0.52163
0.0217379	-1.15192	1.0316	1.02967	1.03406	1.02833
0.0217379	-1.0472	1.85269	1.84904	1.85691	1.84607
0.0217379	-0.942478	3.10556	3.09828	3.1139	3.09539
0.0217379	-0.837758	4.91567	4.90379	4.92929	4.90083
0.0217379	-0.733038	7.40929	7.39203	7.42907	7.38853
0.0217379	-0.628319	10.7116	10.6885	10.7382	10.6836
0.0217379	-0.523599	14.9406	14.9115	14.9743	14.904
0.0217379	-0.418879	20.1771	20.1621	20.1945	20.1295
0.0217379	-0.314159	26.5026	26.4834	26.525	26.4442
0.0217379	-0.20944	34.0006	33.9773	34.0279	33.9303
0.0217379	-0.10472	42.5448	42.525	42.5681	42.467
0.0217379	1.11022e-16	52.1274	52.1048	52.1541	52.0375
0.0217379	0.10472	62.7807	62.7557	62.8102	62.6785
0.0217379	0.20944	74.3993	74.3726	74.4309	74.2851
0.0217379	0.314159	86.8296	86.802	86.8625	86.704
0.0217379	0.418879	99.6514	99.6341	99.6724	99.5226
0.0217379	0.523599	112.599	112.582	112.619	112.463
0.0217379	0.628319	125.599	125.584	125.618	125.458
0.0217379	0.733038	138.339	138.325	138.356	138.195
0.0217379	0.837758	150.483	150.471	150.497	150.339
0.0217379	0.942478	161.668	161.643	161.697	161.524
0.0217379	1.0472	171.516	171.496	171.542	171.416
0.0217379	1.15192	179.471	179.464	179.479	179.417
0.0217379	1.25664	185.59	185.586	185.595	185.602
0.0217379	1.36136	189.697	189.695	189.699	189.765
0.0217379	1.46608	191.595	191.589	191.602	191.767
0.0217379	1.5708	191.239	191.236	191.242	191.443
0.0217379	1.67552	188.692	188.692	188.694	188.911
0.0217379	1.78024	184.052	184.052	184.052	184.268
0.0217379	1.88496	177.483	177.482	177.485	177.684
0.0217379	1.98968	169.137	169.137	169.137	169.36
0.0217379	2.0944	159.244	159.243	159.246	159.485
0.0217379	2.19911	148.002	148.002	148.002	148.177
0.0217379	2.30383	135.939	135.938	135.939	136.041
0.0217379	2.40855	123.376	123.378	123.374	123.465
0.0217379	2.51327	110.628	110.625	110.633	110.742
0.0217379	2.61799	98.0267	98.014	98.042	98.1126
0.0217379	2.72271	85.8165	85.7925	85.8438	85.8787
0.0217379	2.82743	73.9285	73.9098	73.9518	73.9749
0.0217379	2.93215	62.7326	62.7046	62.7677	62.7621
0.0217379	3.03687	52.46	52.4229	52.5064	52.4765
0.0217379	3.14159	43.1926	43.1485	43.1967	43.2003
0.0223914	-3.14159	41.8872	41.8383	41.9055	41.9051
0.0223914	-3.03687	33.9476	33.95	34.0372	33.9979
0.0223914	-2.93215	26.9903	26.9489	27.0428	26.9947
0.0223914	-2.82743	21.0163	20.9743	21.0695	21.0178
0.0223914	-2.72271	16.0185	15.9783	16.0696	16.0185
0.0223914	-2.61799	11.9285	11.8922	11.9748	11.9282
0.0223914	-2.51327	8.62561	8.60295	8.65491	8.62471
0.0223914	-2.40855	6.0556	6.03875	6.07747	6.05516
0.0223914	-2.30383	4.13651	4.12558	4.15078	4.13645
0.0223914	-2.19911	2.7423	2.73786	2.74829	2.74039
0.0223914	-2.0944	1.80056	1.79986	1.80173	1.7994
0.0223914	-1.98968	1.21502	1.21506	1.215	1.21314
0.0223914	-1.88496	0.867848	0.867677	0.867993	0.865983
0.0223914	-1.78024	0.584634	0.579644	0.591097	0.584793
0.0223914	-1.67552	0.411764	0.411142	0.412548	0.411686
0.0223914	-1.5708	0.353522	0.353292	0.353772	0.353134
0.0223914	-1.46608	0.401158	0.399188	0.403338	0.401063
0.0223914	-1.36136	0.546184	0.541216	0.551831	0.545552
0.0223914	-1.25664	0.78217	0.782713	0.78136	0.780608
0.0223914	-1.15192	1.22232	1.21767	1.22817	1.22024
0.0223914	-1.0472	2.0154	2.00736	2.02265	2.01046
0.0223914	-0.942478	3.21824	3.20724	3.23072	3.21013
0.0223914	-0.837758	4.98521	4.96868	5.00403	4.97281
0.0223914	-0.733038	7.39424	7.38573	7.40507	7.3819
0.0223914	-0.628319	10.5769	10.5584	10.6007	10.5679
0.0223914	-0.523599	14.7036	14.673	14.7398	14.6947
0.0223914	-0.418879	19.7144	19.6986	19.733	19.6827
0.0223914	-0.314159	25.7615	25.7414	25.7851	25.7218
0.0223914	-0.20944	32.9236	32.8994	32.9522	32.8749
0.0223914	-0.10472	41.2222	41.1941	41.2553	41.1637
0.0223914	1.11022e-16	50.432	50.4083	50.4602	50.3688
0.0223914	0.10472	60.5856	60.5595	60.6166	60.5131
0.0223914	0.20944	71.6541	71.6264	71.6872	71.5728
0.0223914	0.314159	83.477	83.4558	83.5053	83.4014
0.0223914	0.418879	95.8574	95.8357	95.8866	95.7986
0.0223914	0.523599	108.203	108.185	108.224	108.107
0.0223914	0.628319	120.561	120.544	120.581	120.463
0.0223914	0.733038	132.666	132.651	132.684	132.568
0.0223914	0.837758	144.199	144.186	144.215	144.104
0.0223914	0.942478	154.832	154.822	154.845	154.743
0.0223914	1.0472	164.197	164.176	164.227	164.149
0.0223914	1.15192	171.977	171.97	171.986	171.912
0.0223914	1.25664	177.76	177.755	177.766	177.744
0.0223914	1.36136	181.628	181.626	181.63	181.665
0.0223914	1.46608	183.451	183.451	183.452	183.531
0.0223914	1.5708	183.109	183.106	183.114	183.278
0.0223914	1.67552	180.651	180.65	180.653	180.834
0.0223914	1.78024	176.206	176.206	176.206	176.387
0.0223914	1.88496	169.932	169.932	169.933	170.097
0.0223914	1.98968	161.918	161.918	161.918	162.182
0.0223914	2.0944	152.349	152.348	152.349	152.512
0.0223914	2.19911	141.715	141.715	141.715	141.812
0.0223914	2.30383	130.226	130.226	130.226	130.34
0.0223914	2.40855	118.253	118.252	118.253	118.397
0.0223914	2.51327	106.147	106.14	106.154	106.272
0.0223914	2.61799	94.1818	94.1656	94.1995	94.2802
0.0223914	2.72271	82.4783	82.4655	82.4941	82.5584
0.0223914	2.82743	71.0858	71.0638	71.1131	71.1447
0.0223914	2.93215	60.4513	60.4195	60.4908	60.4929
0.0223914	3.03687	50.6925	50.6515	50.7436	50.7206
0.0223914	3.14159	41.8872	41.8383	41.9055	41.9051
0.0230448	-3.14159	41.6587	41.6218	41.7051	41.6855
0.0230448	-3.03687	34.0027	33.9608	34.0556	34.021
0.0230448	-2.93215	27.3393	27.2945	27.3959	27.3515
0.0230448	-2.82743	21.6223	21.5862	21.6684	21.6277
0.0230448	-2.72271	16.7107	16.6794	16.7509	16.7123
0.0230448	-2.61799	12.4722	12.4427	12.5103	12.4688
0.0230448	-2.51327	9.10968	9.08534	9.14118	9.1077
0.0230448	-2.40855	6.4617	6.43743	6.4929	6.4576
0.0230448	-2.30383	4.48739	4.47036	4.50938	4.48481
0.0230448	-2.19911	3.09038	3.0802	3.10369	3.08911
0.0230448	-2.0944	2.15618	2.15212	2.16166	2.15543
0.0230448	-1.98968	1.57956	1.57887	1.5804	1.57871
0.0230448	-1.88496	1.24949	1.24956	1.2494	1.24836
0.0230448	-1.78024	1.0808	1.07085	1.08211	1.08081
0.0230448	-1.67552	0.913836	0.911005	0.917536	0.913309
0.0230448	-1.5708	0.849266	0.849293	0.849231	0.84933
0.0230448	-1.46608	0.869462	0.868885	0.870125	0.8695
0.0230448	-1.36136	0.981506	0.978858	0.984565	0.981105
0.0230448	-1.25664	1.23886	1.23271	1.24598	1.23731
0.0230448	-1.15192	1.71181	1.71049	1.71353	1.70801
0.0230448	-1.0472	2.46259	2.45957	2.46617	2.45556
0.0230448	-0.942478	3.65726	3.65087	3.66479	3.64638
0.0230448	-0.837758	5.42816	5.41307	5.44432	5.41579
0.0230448	-0.733038	7.85544	7.8344	7.87222	7.84063
0.0230448	-0.628319	11.0696	11.0521	11.092	11.059
0.0230448	-0.523599	15.1973	15.1665	15.237	15.198
0.0230448	-0.418879	20.1974	20.1653	20.2209	20.176
0.0230448	-0.314159	26.126	26.1051	26.1507	26.1022
0.0230448	-0.20944	32.9732	32.948	33.0028	32.9431
0.0230448	-0.10472	40.8654	40.8529	40.8815	40.8322
0.0230448	1.11022e-16	49.8019	49.7837	49.8256	49.7733
0.0230448	0.10472	59.5741	59.5606	59.592	59.5416
0.0230448	0.20944	70.0872	70.0708	70.1092	70.0612
0.0230448	0.314159	81.331	81.3127	81.3555	81.3074
0.0230448	0.418879	93.1208	93.102	93.1461	93.0979
0.0230448	0.523599	105.129	105.11	105.152	105.07
0.0230448	0.628319	116.88	116.863	116.902	116.822
0.0230448	0.733038	128.386	128.37	128.405	128.33
0.0230448	0.837758	139.341	139.328	139.358	139.29
0.0230448	0.942478	149.435	149.408	149.449	149.392
0.0230448	1.0472	158.288	158.268	158.315	158.331
0.0230448	1.15192	165.703	165.694	165.721	165.761
0.0230448	1.25664	171.443	171.439	171.45	171.443
0.0230448	1.36136	175.085	175.083	175.089	175.103
0.0230448	1.46608	176.783	176.782	176.784	176.832
0.0230448	1.5708	176.468	176.468	176.468	176.559
0.0230448	1.67552	174.139	174.138	174.142	174.279
0.0230448	1.78024	169.878	169.878	169.878	170.025
0.0230448	1.88496	163.835	163.831	163.841	164.014
0.0230448	1.98968	156.011	156.011	156.011	156.205
0.0230448	2.0944	146.913	146.911	146.914	147.043
0.0230448	2.19911	136.822	136.814	136.832	136.921
0.0230448	2.30383	125.904	125.905	125.903	126.072
0.0230448	2.40855	114.519	114.517	114.521	114.686
0.0230448	2.51327	103.019	103.01	103.029	103.156
0.0230448	2.61799	91.6551	91.636	91.678	91.7646
0.0230448	2.72271	80.3274	80.312	80.3462	80.4189
0.0230448	2.82743	69.502	69.477	69.5329	69.5721
0.0230448	2.93215	59.3961	59.361	59.4396	59.4487
0.0230448	3.03687	50.1209	50.0763	50.1764	50.1592
0.0230448	3.14159	41.6587	41.6218	41.7051	41.6855
0.0236982	-3.14159	42.3965	42.3566	42.4467	42.4314
0.0236982	-3.03687	35.1058	35.0606	35.1626	35.1318
0.0236982	-2.93215	28.6278	28.5891	28.6771	28.6446
0.0236982	-2.82743	22.7073	22.6686	22.7567	22.7111
0.0236982	-2.72271	17.6706	17.6254	17.7282	17.6687
0.0236982	-2.61799	13.4499	13.4086	13.5024	13.4477
0.0236982	-2.51327	10.1094	10.074	10.1545	10.1076
0.0236982	-2.40855	7.54328	7.51508	7.57925	7.54246
0.0236982	-2.30383	5.63995	5.61958	5.66599	5.6397
0.0236982	-2.19911	4.28799	4.2751	4.30445	4.28784
0.0236982	-2.0944	3.37813	3.3717	3.38638	3.37793
0.0236982	-1.98968	2.81219	2.81122	2.81332	2.81156
0.0236982	-1.88496	2.5016	2.50153	2.50169	2.49994
0.0236982	-1.78024	2.30474	2.29316	2.3194	2.30554
0.0236982	-1.67552	2.13119	2.12727	2.13614	2.13139
0.0236982	-1.5708	2.05919	2.05896	2.05947	2.0587
0.0236982	-1.46608	2.08917	2.08873	2.08968	2.08846
0.0236982	-1.36136	2.21567	2.21338	2.21824	2.21525
0.0236982	-1.25664	2.48431	2.47878	2.49053	2.48385
0.0236982	-1.15192	2.88847	2.88777	2.88907	2.88589
0.0236982	-1.0472	3.62872	3.62552	3.63243	3.62468
0.0236982	-0.942478	4.79613	4.78951	4.80376	4.78995
0.0236982	-0.837758	6.51946	6.50836	6.53221	6.50994
0.0236982	-0.733038	8.93002	8.91364	8.94883	8.91602
0.0236982	-0.628319	12.1592	12.1371	12.1848	12.1396
0.0236982	-0.523599	16.2247	16.1984	16.2586	16.2247
0.0236982	-0.418879	21.2522	21.2238	21.2745	21.2282
0.0236982	-0.314159	27.2655	27.2393	27.2706	27.2299
0.0236982	-0.20944	33.9729	33.9643	33.9836	33.9441
0.0236982	-0.10472	41.5856	41.5759	41.598	41.561
0.0236982	1.11022e-16	50.1141	50.099	50.1336	50.0947
0.0236982	0.10472	59.6094	59.5895	59.6353	59.5953
0.0236982	0.20944	69.6716	69.6579	69.6897	69.6561
0.0236982	0.314159	80.3865	80.3711	80.407	80.3743
0.0236982	0.418879	91.6186	91.6029	91.6397	91.608
0.0236982	0.523599	103.153	103.139	103.173	103.142
0.0236982	0.628319	114.47	114.463	114.475	114.443
0.0236982	0.733038	125.42	125.403	125.433	125.398
0.0236982	0.837758	135.829	135.815	135.846	135.817
0.0236982	0.942478	145.382	145.357	145.416	145.411
0.0236982	1.0472	153.792	153.776	153.816	153.878
0.0236982	1.15192	160.838	160.829	160.851	160.908
0.0236982	1.25664	166.295	166.293	166.3	166.346
0.0236982	1.36136	169.983	169.98	169.987	170.02
0.0236982	1.46608	171.561	171.56	171.563	171.644
0.0236982	1.5708	171.226	171.226	171.227	171.343
0.0236982	1.67552	169.003	169.003	169.003	169.117
0.0236982	1.78024	164.925	164.925	164.925	165.01
0.0236982	1.88496	158.975	158.972	158.98	159.184
0.0236982	1.98968	151.53	151.53	151.53	151.706
0.0236982	2.0944	142.878	142.876	142.88	143.021
0.0236982	2.19911	133.288	133.278	133.299	133.4
0.0236982	2.30383	122.916	122.916	122.916	123.121
0.0236982	2.40855	112.095	112.091	112.098	112.272
0.0236982	2.51327	101.167	101.156	101.18	101.314
0.0236982	2.61799	90.2275	90.2186	90.2381	90.3544
0.0236982	2.72271	79.3962	79.3786	79.4176	79.4979
0.0236982	2.82743	69.106	69.0783	69.14	69.1859
0.0236982	2.93215	59.499	59.4608	59.5462	59.5602
0.0236982	3.03687	50.622	50.589	50.6633	50.6692
0.0236982	3.14159	42.3965	42.3566	42.4467	42.4314
0.0243516	-3.14159	44.1873	44.1443	44.241	44.23
0.0243516	-3.03687	36.9719	36.933	37.0212	36.9934
0.0243516	-2.93215	30.2331	30.1913	30.2861	30.2475
0.0243516	-2.82743	24.3141	24.2628	24.3792	24.3203
0.0243516	-2.72271	19.3387	19.2893	19.4014	19.3426
0.0243516	-2.61799	15.2908	15.2456	15.3481	15.2935
0.0243516	-2.51327	12.0813	12.0424	12.1307	12.0835
0.0243516	-2.40855	9.61083	9.57949	9.65065	9.6124
0.0243516	-2.30383	7.77327	7.75015	7.80271	7.77452
0.0243516	-2.19911	6.46193	6.44419	6.48112	6.46286
0.0243516	-2.0944	5.55148	5.53548	5.57148	5.55201
0.0243516	-1.98968	5.00787	5.00366	5.01222	5.00791
0.0243516	-1.88496	4.70468	4.7029	4.70676	4.70347
0.0243516	-1.78024	4.49244	4.47962	4.5085	4.49305
0.0243516	-1.67552	4.31454	4.30999	4.32021	4.31388
0.0243516	-1.5708	4.23833	4.23809	4.2386	4.23646
0.0243516	-1.46608	4.27067	4.27013	4.2713	4.26767
0.0243516	-1.36136	4.41312	4.41062	4.41596	4.41099
0.0243516	-1.25664	4.65415	4.6547	4.65323	4.65239
0.0243516	-1.15192	5.03696	5.03738	5.03637	5.03457
0.0243516	-1.0472	5.76177	5.75835	5.76579	5.75949
0.0243516	-0.942478	6.90843	6.90145	6.91652	6.90493
0.0243516	-0.837758	8.58559	8.5741	8.59885	8.58061
0.0243516	-0.733038	10.9212	10.9044	10.9406	10.9136
0.0243516	-0.628319	13.9926	13.9839	14.0039	13.983
0.0243516	-0.523599	17.9779	17.9598	17.9985	17.9683
0.0243516	-0.418879	22.9632	22.9485	22.9804	22.9399
0.0243516	-0.314159	28.8852	28.861	28.9136	28.8687
0.0243516	-0.20944	35.7073	35.6992	35.717	35.6833
0.0243516	-0.10472	43.2276	43.2156	43.2427	43.2121
0.0243516	1.11022e-16	51.4893	51.4773	51.5046	51.4584
0.0243516	0.10472	60.553	60.5365	60.5743	60.5476
0.0243516	0.20944	70.3642	70.3535	70.3783	70.358
0.0243516	0.314159	80.5798	80.5675	80.596	80.5776
0.0243516	0.418879	91.285	91.2724	91.3017	91.2853
0.0243516	0.523599	102.275	102.264	102.291	102.276
0.0243516	0.628319	113.245	113.244	113.247	113.231
0.0243516	0.733038	123.679	123.68	123.678	123.659
0.0243516	0.837758	133.59	133.563	133.608	133.598
0.0243516	0.942478	142.641	142.619	142.671	142.727
0.0243516	1.0472	150.635	150.618	150.654	150.732
0.0243516	1.15192	157.328	157.322	157.338	157.411
0.0243516	1.25664	162.511	162.51	162.512	162.576
0.0243516	1.36136	166.019	166.022	166.016	166.063
0.0243516	1.46608	167.546	167.535	167.563	167.727
0.0243516	1.5708	167.196	167.192	167.196	167.351
0.0243516	1.67552	165.034	165.035	165.032	165.162
0.0243516	1.78024	161.15	161.15	161.149	161.249
0.0243516	1.88496	155.482	155.48	155.486	155.701
0.0243516	1.98968	148.396	148.396	148.395	148.582
0.0243516	2.0944	140.167	140.164	140.169	140.322
0.0243516	2.19911	131.05	131.039	131.063	131.175
0.0243516	2.30383	121.197	121.196	121.197	121.407
0.0243516	2.40855	110.909	110.904	110.914	111.094
0.0243516	2.51327	100.524	100.511	100.538	100.678
0.0243516	2.61799	89.9181	89.9077	89.9302	90.0537
0.0243516	2.72271	79.6195	79.5998	79.6431	79.729
0.0243516	2.82743	69.8344	69.8042	69.8714	69.9218
0.0243516	2.93215	60.6968	60.6557	60.7405	60.7663
0.0243516	3.03687	52.0212	51.9854	52.0657	52.0762
0.0243516	3.14159	44.1873	44.1443	44.241	44.23
0.025005	-3.14159	46.6177	46.5804	46.6647	46.6559
0.025005	-3.03687	39.1968	39.1505	39.2505	39.2249
0.025005	-2.93215	32.4767	32.4216	32.5461	32.4937
0.025005	-2.82743	26.7538	26.6981	26.8241	26.7661
0.025005	-2.72271	21.9836	21.9301	22.0513	21.9927
0.025005	-2.61799	18.0967	18.0478	18.1506	18.1034
0.025005	-2.51327	14.9162	14.8575	14.9897	14.9188
0.025005	-2.40855	12.4363	12.387	12.4982	12.4377
0.025005	-2.30383	10.5891	10.5501	10.6378	10.5913
0.025005	-2.19911	9.26733	9.23898	9.3028	9.26904
0.025005	-2.0944	8.36786	8.34947	8.39078	8.36864
0.025005	-1.98968	7.8174	7.81369	7.82154	7.81621
0.025005	-1.88496	7.52918	7.52772	7.53081	7.52562
0.025005	-1.78024	7.37596	7.35078	7.39492	7.37718
0.025005	-1.67552	7.18724	7.17424	7.20321	7.1869
0.025005	-1.5708	7.09954	7.09776	7.10507	7.09765
0.025005	-1.46608	7.15701	7.15697	7.15705	7.15265
0.025005	-1.36136	7.30608	7.30569	7.30656	7.30251
0.025005	-1.25664	7.59439	7.59224	7.59688	7.59164
0.025005	-1.15192	7.98787	7.98807	7.98742	7.98377
0.025005	-1.0472	8.72221	8.72137	8.72328	8.71858
0.025005	-0.942478	9.87765	9.87472	9.88116	9.87303
0.025005	-0.837758	11.5638	11.5577	11.571	11.5571
0.025005	-0.733038	13.8236	13.8235	13.8236	13.8129
0.025005	-0.628319	16.7603	16.7539	16.7686	16.7531
0.025005	-0.523599	20.5901	20.5749	20.61	20.5887
0.025005	-0.418879	25.396	25.3809	25.4137	25.3836
0.025005	-0.314159	31.2311	31.2119	31.2537	31.2144
0.025005	-0.20944	38.0024	37.9974	38.0083	37.9768
0.025005	-0.10472	45.5945	45.5831	45.6085	45.5835
0.025005	1.11022e-16	53.7861	53.7716	53.8043	53.7845
0.025005	0.10472	62.5315	62.5184	62.5482	62.5332
0.025005	0.20944	71.9727	71.9564	71.9937	71.981
0.025005	0.314159	81.854	81.8448	81.8659	81.8598
0.025005	0.418879	92.0606	92.0511	92.0728	92.0703
0.025005	0.523599	102.536	102.528	102.547	102.547
0.025005	0.628319	113.054	113.048	113.062	113.063
0.025005	0.733038	123.115	123.118	123.111	123.107
0.025005	0.837758	132.538	132.512	132.574	132.57
0.025005	0.942478	141.145	141.126	141.17	141.26
0.025005	1.0472	148.744	148.733	148.76	148.851
0.025005	1.15192	155.106	155.101	155.111	155.2
0.025005	1.25664	160.029	160.03	160.027	160.107
0.025005	1.36136	163.36	163.364	163.353	163.417
0.025005	1.46608	164.793	164.784	164.805	164.983
0.025005	1.5708	164.447	164.446	164.449	164.613
0.025005	1.67552	162.381	162.384	162.378	162.521
0.025005	1.78024	158.682	158.682	158.68	158.794
0.025005	1.88496	153.283	153.282	153.285	153.51
0.025005	1.98968	146.537	146.538	146.535	146.733
0.025005	2.0944	138.708	138.705	138.711	138.874
0.025005	2.19911	130.041	130.028	130.054	130.176
0.025005	2.30383	120.679	120.679	120.68	120.891
0.025005	2.40855	110.897	110.892	110.903	111.087
0.025005	2.51327	100.857	100.853	100.861	101.027
0.025005	2.61799	90.7329	90.7212	90.7463	90.8744
0.025005	2.72271	80.9364	80.9149	80.9622	81.0532
0.025005	2.82743	71.6275	71.5949	71.6672	71.7228
0.025005	2.93215	62.7151	62.6855	62.7517	62.7934
0.025005	3.03687	54.4425	54.4041	54.4903	54.5049
0.025005	3.14159	46.6177	46.5804	46.6647	46.6559
0.0256584	-3.14159	49.4804	49.4308	49.4128	49.5217
0.0256584	-3.03687	42.0627	42.0066	42.1331	42.0935
0.0256584	-2.93215	35.6234	35.564	35.6981	35.6467
0.0256584	-2.82743	30.1384	30.0785	30.2138	30.1561
0.0256584	-2.72271	25.4206	25.3829	25.4425	25.4578
0.0256584	-2.61799	21.5551	21.4858	21.5696	21.564
0.0256584	-2.51327	18.4539	18.3909	18.5328	18.4598
0.0256584	-2.40855	16.056	16.0028	16.1226	16.0608
0.0256584	-2.30383	14.2629	14.2205	14.3159	14.2665
0.0256584	-2.19911	12.9732	12.942	13.0122	12.9754
0.0256584	-2.0944	12.0872	12.0664	12.1129	12.0883
0.0256584	-1.98968	11.5174	11.5139	11.529	11.5133
0.0256584	-1.88496	11.2431	11.2417	11.2446	11.2358
0.0256584	-1.78024	11.0772	11.05	11.1107	11.0774
0.0256584	-1.67552	10.8827	10.8683	10.9002	10.8808
0.0256584	-1.5708	10.7902	10.7849	10.7965	10.7863
0.0256584	-1.46608	10.8416	10.8416	10.8416	10.8333
0.0256584	-1.36136	11.0068	11.0063	11.0074	10.9998
0.0256584	-1.25664	11.2879	11.2836	11.2926	11.2843
0.0256584	-1.15192	11.6544	11.6548	11.6535	11.6497
0.0256584	-1.0472	12.3709	12.37	12.3721	12.367
0.0256584	-0.942478	13.5113	13.5083	13.5151	13.508
0.0256584	-0.837758	15.1618	15.1555	15.1693	15.1581
0.0256584	-0.733038	17.4414	17.431	17.4537	17.4361
0.0256584	-0.628319	20.4362	20.4354	20.4375	20.423
0.0256584	-0.523599	24.1265	24.1141	24.1427	24.1268
0.0256584	-0.418879	28.7559	28.7334	28.7755	28.7539
0.0256584	-0.314159	34.3722	34.3529	34.3951	34.3667
0.0256584	-0.20944	41.0357	41.0123	41.0635	41.0276
0.0256584	-0.10472	48.5036	48.4958	48.5131	48.4899
0.0256584	1.11022e-16	56.7721	56.7582	56.7891	56.7749
0.0256584	0.10472	65.4692	65.4535	65.4888	65.4815
0.0256584	0.20944	74.5136	74.5009	74.5297	74.5278
0.0256584	0.314159	84.1549	84.1404	84.1644	84.1694
0.0256584	0.418879	93.8926	93.8864	93.8686	93.909
0.0256584	0.523599	103.881	103.876	103.887	103.9
0.0256584	0.628319	113.906	113.903	113.909	113.925
0.0256584	0.733038	123.683	123.688	123.675	123.684
0.0256584	0.837758	132.644	132.621	132.674	132.695
0.0256584	0.942478	140.831	140.815	140.851	140.953
0.0256584	1.0472	148.057	148.049	148.069	148.173
0.0256584	1.15192	154.104	154.103	154.106	154.209
0.0256584	1.25664	158.782	158.786	158.743	158.872
0.0256584	1.36136	161.946	161.952	161.937	162.016
0.0256584	1.46608	163.293	163.287	163.301	163.49
0.0256584	1.5708	162.952	162.953	162.951	163.127
0.0256584	1.67552	160.978	160.982	160.973	161.129
0.0256584	1.78024	157.454	157.455	157.451	157.578
0.0256584	1.88496	152.312	152.313	152.311	152.546
0.0256584	1.98968	145.889	145.891	145.886	146.092
0.0256584	2.0944	138.441	138.438	138.444	138.613
0.0256584	2.19911	130.199	130.185	130.213	130.341
0.0256584	2.30383	121.304	121.304	121.304	121.515
0.0256584	2.40855	111.999	111.993	112.005	112.194
0.0256584	2.51327	102.247	102.243	102.252	102.423
0.0256584	2.61799	92.6138	92.601	92.6285	92.7622
0.0256584	2.72271	83.2918	83.2685	83.3196	83.4156
0.0256584	2.82743	74.3087	74.2866	74.3356	74.4132
0.0256584	2.93215	65.7195	65.6876	65.7588	65.8046
0.0256584	3.03687	57.5012	57.4677	57.5431	57.5597
0.0256584	3.14159	49.4804	49.4308	49.4128	49.5217
