
# Surface 0 of 1 surfaces

# Curve title: "file u (getx($1)):(gety($2)):(sqrt(column(c)))"

# Contour 0, label:        3
-1.41487  2.554  3 
-1.36136  2.55324  3 
-1.25664  2.55142  3 
-1.15192  2.54934  3 
-1.07548  2.5465  3 
-1.0472  2.54552  3 
-0.942477  2.54066  3 
-0.917025  2.539  3 
-0.837757  2.53314  3 
-0.819729  2.5315  3 
-0.755046  2.524  3 
-0.733038  2.52032  3 
-0.713232  2.5165  3 
-0.689451  2.509  3 
-0.678386  2.5015  3 
-0.677519  2.494  3 
-0.69736  2.4865  3 
-0.733038  2.48214  3 
-0.770993  2.479  3 
-0.837757  2.47579  3 
-0.942477  2.47313  3 
-1.0472  2.47218  3 
-1.15192  2.47224  3 
-1.25664  2.47293  3 
-1.36136  2.47404  3 
-1.46608  2.4754  3 
-1.5708  2.47691  3 
-1.67551  2.47852  3 
-1.70579  2.479  3 
-1.78023  2.48021  3 
-1.88495  2.48204  3 
-1.98967  2.48408  3 
-2.09439  2.48645  3 
-2.09633  2.4865  3 
-2.19911  2.4895  3 
-2.30383  2.49341  3 
-2.31668  2.494  3 
-2.40855  2.49943  3 
-2.43717  2.5015  3 
-2.5022  2.509  3 
-2.51327  2.51197  3 
-2.52868  2.5165  3 
-2.52314  2.524  3 
-2.51327  2.52715  3 
-2.49744  2.5315  3 
-2.44991  2.539  3 
-2.40855  2.5434  3 
-2.36943  2.5465  3 
-2.30383  2.55052  3 
-2.21672  2.554  3 


# Contour 1, label:        2
-0.899331  2.494  2 
-0.942477  2.48944  2 
-0.995776  2.4865  2 
-1.0472  2.48504  2 
-1.15192  2.48386  2 
-1.25664  2.48393  2 
-1.36136  2.48472  2 
-1.46608  2.48595  2 
-1.5052  2.4865  2 
-1.5708  2.48743  2 
-1.67551  2.48909  2 
-1.78023  2.49091  2 
-1.88495  2.49296  2 
-1.93111  2.494  2 
-1.98967  2.49548  2 
-2.09439  2.49875  2 
-2.16294  2.5015  2 
-2.19911  2.50363  2 
-2.27155  2.509  2 
-2.30383  2.51521  2 
-2.30976  2.5165  2 
-2.30383  2.51933  2 
-2.29189  2.524  2 
-2.23293  2.5315  2 
-2.19911  2.53407  2 
-2.0948  2.539  2 
-2.09439  2.53901  2 
-1.98967  2.54118  2 
-1.88495  2.54193  2 
-1.78023  2.54216  2 
-1.67551  2.54162  2 
-1.5708  2.54081  2 
-1.46608  2.53957  2 
-1.43134  2.539  2 
-1.36136  2.53781  2 
-1.25664  2.53546  2 
-1.15192  2.53212  2 
-1.13738  2.5315  2 
-1.0472  2.52684  2 
-1.00679  2.524  2 
-0.942477  2.51747  2 
-0.93479  2.5165  2 
-0.898198  2.509  2 
-0.887024  2.5015  2 
-0.899331  2.494  2 


# Contour 2, label:     1.96
-0.909487  2.494  1.96 
-0.942477  2.49051  1.96 
-1.01527  2.4865  1.96 
-1.0472  2.48559  1.96 
-1.15192  2.48435  1.96 
-1.25664  2.48438  1.96 
-1.36136  2.48515  1.96 
-1.46608  2.48637  1.96 
-1.47521  2.4865  1.96 
-1.5708  2.48786  1.96 
-1.67551  2.48952  1.96 
-1.78023  2.49135  1.96 
-1.88495  2.4934  1.96 
-1.91145  2.494  1.96 
-1.98967  2.49597  1.96 
-2.09439  2.49928  1.96 
-2.14977  2.5015  1.96 
-2.19911  2.5044  1.96 
-2.26111  2.509  1.96 
-2.3001  2.5165  1.96 
-2.28058  2.524  1.96 
-2.2201  2.5315  1.96 
-2.19911  2.5331  1.96 
-2.09439  2.53817  1.96 
-2.06225  2.539  1.96 
-1.98967  2.5405  1.96 
-1.88495  2.54131  1.96 
-1.78023  2.54152  1.96 
-1.67551  2.541  1.96 
-1.5708  2.5402  1.96 
-1.47073  2.539  1.96 
-1.46608  2.53894  1.96 
-1.36136  2.53716  1.96 
-1.25664  2.53481  1.96 
-1.15384  2.5315  1.96 
-1.15192  2.53143  1.96 
-1.0472  2.52601  1.96 
-1.01861  2.524  1.96 
-0.944489  2.5165  1.96 
-0.942477  2.51615  1.96 
-0.90733  2.509  1.96 
-0.896242  2.5015  1.96 
-0.909487  2.494  1.96 


# Contour 3, label:     1.65
-1.00073  2.494  1.645 
-1.0472  2.49121  1.645 
-1.15192  2.48852  1.645 
-1.25664  2.48806  1.645 
-1.36136  2.48863  1.645 
-1.46608  2.48976  1.645 
-1.5708  2.49122  1.645 
-1.67551  2.49289  1.645 
-1.73794  2.494  1.645 
-1.78023  2.49479  1.645 
-1.88495  2.49707  1.645 
-1.98967  2.49987  1.645 
-2.03918  2.5015  1.645 
-2.09439  2.50407  1.645 
-2.17657  2.509  1.645 
-2.19911  2.51281  1.645 
-2.21851  2.5165  1.645 
-2.19911  2.52202  1.645 
-2.1899  2.524  1.645 
-2.09532  2.5315  1.645 
-2.09439  2.53155  1.645 
-1.98967  2.53478  1.645 
-1.88495  2.53619  1.645 
-1.78023  2.53649  1.645 
-1.67551  2.53608  1.645 
-1.5708  2.53529  1.645 
-1.46608  2.53396  1.645 
-1.36136  2.53205  1.645 
-1.33715  2.5315  1.645 
-1.25664  2.52949  1.645 
-1.15192  2.52535  1.645 
-1.12656  2.524  1.645 
-1.0472  2.51827  1.645 
-1.02914  2.5165  1.645 
-0.983644  2.509  1.645 
-0.972369  2.5015  1.645 
-1.00073  2.494  1.645 


# Contour 4, label:        1
-1.1573  2.5015  1 
-1.25664  2.49688  1 
-1.36136  2.49615  1 
-1.46608  2.49681  1 
-1.5708  2.49814  1 
-1.67551  2.49992  1 
-1.75323  2.5015  1 
-1.78023  2.50218  1 
-1.88495  2.50542  1 
-1.97452  2.509  1 
-1.98967  2.51164  1 
-2.01698  2.5165  1 
-1.98967  2.51926  1 
-1.90142  2.524  1 
-1.88495  2.52447  1 
-1.78023  2.52578  1 
-1.67551  2.52586  1 
-1.5708  2.52514  1 
-1.48629  2.524  1 
-1.46608  2.52371  1 
-1.36136  2.52126  1 
-1.25664  2.51726  1 
-1.24252  2.5165  1 
-1.16386  2.509  1 
-1.1573  2.5015  1 

