#x	y	nuenorm5_anti_prefit
0.426	0.002464	510.854
0.426	0.0024715	486.542
0.426	0.002479	465.387
0.426	0.0024865	447.151
0.426	0.002494	432.069
0.426	0.0025015	419.786
0.426	0.002509	410.537
0.426	0.0025165	404.157
0.426	0.002524	400.471
0.426	0.0025315	399.241
0.426	0.002539	399.769
0.426	0.0025465	401.865
0.426	0.002554	406.32
0.4345	0.002464	367.745
0.4345	0.0024715	344.962
0.4345	0.002479	325.159
0.4345	0.0024865	308.481
0.4345	0.002494	294.864
0.4345	0.0025015	284.24
0.4345	0.002509	276.522
0.4345	0.0025165	271.589
0.4345	0.002524	269.024
0.4345	0.0025315	268.618
0.4345	0.002539	269.95
0.4345	0.0025465	273.386
0.4345	0.002554	279.304
0.443	0.002464	258.773
0.443	0.0024715	237.401
0.443	0.002479	219.051
0.443	0.0024865	203.878
0.443	0.002494	191.615
0.443	0.0025015	182.367
0.443	0.002509	176.002
0.443	0.0025165	172.357
0.443	0.002524	171.141
0.443	0.0025315	171.671
0.443	0.002539	174.117
0.443	0.0025465	178.838
0.443	0.002554	186.204
0.4515	0.002464	179.179
0.4515	0.0024715	159.095
0.4515	0.002479	142.25
0.4515	0.0024865	128.328
0.4515	0.002494	117.48
0.4515	0.0025015	109.536
0.4515	0.002509	104.341
0.4515	0.0025165	101.759
0.4515	0.002524	101.326
0.4515	0.0025315	102.806
0.4515	0.002539	106.385
0.4515	0.0025465	112.521
0.4515	0.002554	121.393
0.46	0.002464	123.269
0.46	0.0024715	104.669
0.46	0.002479	89.2784
0.46	0.0024865	76.8165
0.46	0.002494	67.381
0.46	0.0025015	60.6014
0.46	0.002509	56.4302
0.46	0.0025165	54.7062
0.46	0.002524	55.0873
0.46	0.0025315	57.5583
0.46	0.002539	62.4139
0.46	0.0025465	69.889
0.46	0.002554	80.1805
0.4685	0.002464	86.4918
0.4685	0.0024715	69.2027
0.4685	0.002479	54.8858
0.4685	0.0024865	43.6483
0.4685	0.002494	35.3282
0.4685	0.0025015	29.7765
0.4685	0.002509	26.8631
0.4685	0.0025165	26.2025
0.4685	0.002524	27.5147
0.4685	0.0025315	30.9722
0.4685	0.002539	36.9416
0.4685	0.0025465	45.6178
0.4685	0.002554	57.1252
0.477	0.002464	64.6934
0.477	0.0024715	48.4202
0.477	0.002479	35.1964
0.477	0.0024865	24.8618
0.477	0.002494	17.4297
0.477	0.0025015	12.7011
0.477	0.002509	10.4781
0.477	0.0025165	10.4297
0.477	0.002524	12.5286
0.477	0.0025315	16.9838
0.477	0.002539	24.0433
0.477	0.0025465	33.869
0.477	0.002554	46.5324
0.4855	0.002464	52.1567
0.4855	0.0024715	36.8559
0.4855	0.002479	24.6436
0.4855	0.0024865	15.3046
0.4855	0.002494	8.85739
0.4855	0.0025015	5.03312
0.4855	0.002509	3.58158
0.4855	0.0025165	4.12638
0.4855	0.002524	6.94353
0.4855	0.0025315	12.281
0.4855	0.002539	20.2175
0.4855	0.0025465	30.8976
0.4855	0.002554	44.5366
0.494	0.002464	46.6995
0.494	0.0024715	31.9475
0.494	0.002479	20.2525
0.494	0.0024865	11.4748
0.494	0.002494	5.48054
0.494	0.0025015	2.08317
0.494	0.002509	1.02693
0.494	0.0025165	2.14037
0.494	0.002524	5.53945
0.494	0.0025315	11.3853
0.494	0.002539	19.9551
0.494	0.0025465	31.361
0.494	0.002554	45.7255
0.5025	0.002464	44.0352
0.5025	0.0024715	29.8125
0.5025	0.002479	18.6535
0.5025	0.0024865	10.4064
0.5025	0.002494	4.93243
0.5025	0.0025015	2.03955
0.5025	0.002509	1.28595
0.5025	0.0025165	2.68135
0.5025	0.002524	6.46972
0.5025	0.0025315	12.7799
0.5025	0.002539	21.7215
0.5025	0.0025465	33.4858
0.5025	0.002554	48.2148
0.511	0.002464	43.5158
0.511	0.0024715	29.4429
0.511	0.002479	18.3188
0.511	0.0024865	10.0939
0.511	0.002494	4.61656
0.511	0.0025015	1.62894
0.511	0.002509	0.969159
0.511	0.0025165	2.50742
0.511	0.002524	6.3626
0.511	0.0025315	12.7661
0.511	0.002539	21.8941
0.511	0.0025465	33.8568
0.511	0.002554	48.775
0.5195	0.002464	43.4993
0.5195	0.0024715	29.3408
0.5195	0.002479	18.2265
0.5195	0.0024865	10.0079
0.5195	0.002494	4.54979
0.5195	0.0025015	1.6144
0.5195	0.002509	0.90353
0.5195	0.0025165	2.29964
0.5195	0.002524	6.10338
0.5195	0.0025315	12.3234
0.5195	0.002539	21.2478
0.5195	0.0025465	32.9968
0.5195	0.002554	47.6976
0.528	0.002464	45.3678
0.528	0.0024715	30.7979
0.528	0.002479	19.2137
0.528	0.0024865	10.5139
0.528	0.002494	4.5719
0.528	0.0025015	1.10681
0.528	0.002509	0
0.528	0.0025165	1.10025
0.528	0.002524	4.51467
0.528	0.0025315	10.3883
0.528	0.002539	18.9686
0.528	0.0025465	30.363
0.528	0.002554	44.69
0.5365	0.002464	50.236
0.5365	0.0024715	35.1252
0.5365	0.002479	23.0451
0.5365	0.0024865	13.8479
0.5365	0.002494	7.39932
0.5365	0.0025015	3.46338
0.5365	0.002509	1.72235
0.5365	0.0025165	2.27997
0.5365	0.002524	5.14759
0.5365	0.0025315	10.5196
0.5365	0.002539	18.49
0.5365	0.0025465	29.1216
0.5365	0.002554	42.6725
0.545	0.002464	61.1656
0.545	0.0024715	45.1673
0.545	0.002479	32.1819
0.545	0.0024865	22.0695
0.545	0.002494	14.7031
0.545	0.0025015	9.97239
0.545	0.002509	7.60661
0.545	0.0025165	7.47643
0.545	0.002524	9.56524
0.545	0.0025315	14.0701
0.545	0.002539	21.1107
0.545	0.0025465	30.9047
0.545	0.002554	43.5801
0.5535	0.002464	82.3104
0.5535	0.0024715	65.2531
0.5535	0.002479	51.1929
0.5535	0.0024865	39.9971
0.5535	0.002494	31.5452
0.5535	0.0025015	25.7327
0.5535	0.002509	22.3868
0.5535	0.0025165	21.359
0.5535	0.002524	22.5705
0.5535	0.0025315	26.1383
0.5535	0.002539	32.2494
0.5535	0.0025465	41.0409
0.5535	0.002554	52.6124
0.562	0.002464	116.862
0.562	0.0024715	98.7053
0.562	0.002479	83.4682
0.562	0.0024865	71.1971
0.562	0.002494	61.7535
0.562	0.0025015	55.012
0.562	0.002509	50.696
0.562	0.0025165	48.5597
0.562	0.002524	48.7768
0.562	0.0025315	51.3372
0.562	0.002539	56.3096
0.562	0.0025465	63.7559
0.562	0.002554	73.9514
0.5705	0.002464	170.277
0.5705	0.0024715	150.757
0.5705	0.002479	134.218
0.5705	0.0024865	120.631
0.5705	0.002494	109.862
0.5705	0.0025015	101.793
0.5705	0.002509	96.32
0.5705	0.0025165	93.1616
0.5705	0.002524	92.2729
0.5705	0.0025315	93.6383
0.5705	0.002539	97.3365
0.5705	0.0025465	103.596
0.5705	0.002554	112.503
0.579	0.002464	247.55
0.579	0.0024715	226.593
0.579	0.002479	208.691
0.579	0.0024865	193.726
0.579	0.002494	181.573
0.579	0.0025015	172.116
0.579	0.002509	165.258
0.579	0.0025165	160.89
0.579	0.002524	158.79
0.579	0.0025315	158.963
0.579	0.002539	161.512
0.579	0.0025465	166.443
0.579	0.002554	173.988
