#x	y	0	new0
0.426	-3.14159	166.233	166.213
0.426	-3.03687	154.944	154.904
0.426	-2.93215	144.908	144.856
0.426	-2.82743	136.432	136.185
0.426	-2.72271	129.44	128.918
0.426	-2.61799	123.674	123.083
0.426	-2.51327	119.132	118.542
0.426	-2.40855	115.723	115.139
0.426	-2.30383	113.279	112.711
0.426	-2.19911	111.629	111.088
0.426	-2.0944	110.609	109.996
0.426	-1.98968	110.064	109.48
0.426	-1.88496	109.858	109.262
0.426	-1.78024	109.809	109.288
0.426	-1.67552	109.906	109.476
0.426	-1.5708	110.108	109.777
0.426	-1.46608	110.406	110.141
0.426	-1.36136	110.831	110.11
0.426	-1.25664	111.397	110.618
0.426	-1.15192	112.243	111.756
0.426	-1.0472	113.522	111.684
0.426	-0.942478	115.393	114.379
0.426	-0.837758	118.021	116.395
0.426	-0.733038	121.563	119.781
0.426	-0.628319	126.201	124.308
0.426	-0.523599	132.147	130.099
0.426	-0.418879	139.334	137.166
0.426	-0.314159	148.027	145.762
0.426	-0.20944	158.329	155.969
0.426	-0.10472	170.05	167.581
0.426	1.11022e-16	183.132	180.611
0.426	0.10472	197.719	195.142
0.426	0.20944	213.676	211.04
0.426	0.314159	230.8	228.12
0.426	0.418879	248.819	247.066
0.426	0.523599	267.391	265.613
0.426	0.628319	286.111	284.338
0.426	0.733038	304.522	302.793
0.426	0.837758	322.1	319.628
0.426	0.942478	338.305	335.966
0.426	1.0472	352.666	349.822
0.426	1.15192	364.708	362.736
0.426	1.25664	373.969	371.024
0.426	1.36136	380.077	377.122
0.426	1.46608	382.891	380.892
0.426	1.5708	382.272	379.048
0.426	1.67552	378.196	375.966
0.426	1.78024	370.917	369.018
0.426	1.88496	360.705	359.45
0.426	1.98968	347.834	345.664
0.426	2.0944	332.839	332.01
0.426	2.19911	316.211	313.865
0.426	2.30383	298.451	296.293
0.426	2.40855	280.054	279.62
0.426	2.51327	261.489	261.159
0.426	2.61799	243.182	242.938
0.426	2.72271	225.501	225.33
0.426	2.82743	208.755	207.356
0.426	2.93215	193.187	193.118
0.426	3.03687	178.974	178.936
0.426	3.14159	166.233	166.213
0.4345	-3.14159	132.335	132.249
0.4345	-3.03687	121.325	121.233
0.4345	-2.93215	111.828	111.746
0.4345	-2.82743	103.688	103.367
0.4345	-2.72271	96.8166	96.4336
0.4345	-2.61799	91.298	90.8862
0.4345	-2.51327	87.0009	86.4859
0.4345	-2.40855	83.7663	83.095
0.4345	-2.30383	81.4235	80.6598
0.4345	-2.19911	79.8296	79.0127
0.4345	-2.0944	78.8273	77.9916
0.4345	-1.98968	78.2705	77.4452
0.4345	-1.88496	78.0307	77.2403
0.4345	-1.78024	77.9978	77.2641
0.4345	-1.67552	78.1024	77.3767
0.4345	-1.5708	78.2558	77.5942
0.4345	-1.46608	78.4757	77.9089
0.4345	-1.36136	78.8134	78.3512
0.4345	-1.25664	79.335	78.9504
0.4345	-1.15192	80.1396	79.6548
0.4345	-1.0472	81.3285	80.7874
0.4345	-0.942478	83.034	82.8622
0.4345	-0.837758	85.4615	85.2057
0.4345	-0.733038	88.7916	88.4037
0.4345	-0.628319	93.2015	92.7943
0.4345	-0.523599	98.8563	98.3783
0.4345	-0.418879	105.892	105.357
0.4345	-0.314159	114.25	113.798
0.4345	-0.20944	124.003	123.536
0.4345	-0.10472	135.33	134.845
0.4345	1.11022e-16	147.95	147.53
0.4345	0.10472	161.811	161.37
0.4345	0.20944	176.977	176.508
0.4345	0.314159	193.249	192.749
0.4345	0.418879	210.364	209.833
0.4345	0.523599	227.997	227.433
0.4345	0.628319	245.761	245.164
0.4345	0.733038	263.219	262.592
0.4345	0.837758	279.899	279.245
0.4345	0.942478	295.313	294.637
0.4345	1.0472	308.979	308.217
0.4345	1.15192	320.347	319.565
0.4345	1.25664	329.1	328.317
0.4345	1.36136	334.938	334.157
0.4345	1.46608	337.599	336.756
0.4345	1.5708	336.965	336.147
0.4345	1.67552	333.144	332.362
0.4345	1.78024	326.285	325.456
0.4345	1.88496	316.535	315.759
0.4345	1.98968	304.363	303.646
0.4345	2.0944	290.183	289.531
0.4345	2.19911	274.453	273.869
0.4345	2.30383	257.647	257.629
0.4345	2.40855	240.235	240.881
0.4345	2.51327	222.638	222.839
0.4345	2.61799	205.293	205.582
0.4345	2.72271	188.548	188.901
0.4345	2.82743	172.694	173.09
0.4345	2.93215	157.959	157.837
0.4345	3.03687	144.509	144.411
0.4345	3.14159	132.335	132.249
0.443	-3.14159	104.708	104.804
0.443	-3.03687	94.2577	94.3436
0.443	-2.93215	85.07	84.9222
0.443	-2.82743	77.1475	76.9558
0.443	-2.72271	70.6082	70.3728
0.443	-2.61799	65.3502	64.906
0.443	-2.51327	61.2333	60.598
0.443	-2.40855	58.0249	57.3498
0.443	-2.30383	55.7159	55.0057
0.443	-2.19911	54.1468	53.4063
0.443	-2.0944	53.1619	52.3977
0.443	-1.98968	52.5864	51.8356
0.443	-1.88496	52.2993	51.5945
0.443	-1.78024	52.2161	51.62
0.443	-1.67552	52.2623	51.6725
0.443	-1.5708	52.3965	51.8214
0.443	-1.46608	52.6123	52.0602
0.443	-1.36136	52.9122	52.4185
0.443	-1.25664	53.3461	53.0314
0.443	-1.15192	54.0557	53.7924
0.443	-1.0472	55.1652	54.8619
0.443	-0.942478	56.8288	56.443
0.443	-0.837758	59.2134	58.6392
0.443	-0.733038	62.4444	61.9145
0.443	-0.628319	66.6061	66.2095
0.443	-0.523599	71.9425	71.5408
0.443	-0.418879	78.6081	78.201
0.443	-0.314159	86.717	86.3037
0.443	-0.20944	96.25	95.9217
0.443	-0.10472	106.996	106.7
0.443	1.11022e-16	119.231	118.939
0.443	0.10472	132.494	132.257
0.443	0.20944	146.889	146.637
0.443	0.314159	162.336	162.068
0.443	0.418879	178.589	178.304
0.443	0.523599	195.335	195.032
0.443	0.628319	212.207	211.887
0.443	0.733038	228.792	228.456
0.443	0.837758	244.64	244.282
0.443	0.942478	259.265	258.844
0.443	1.0472	272.168	271.737
0.443	1.15192	282.972	282.536
0.443	1.25664	291.305	290.871
0.443	1.36136	296.857	296.364
0.443	1.46608	299.342	298.86
0.443	1.5708	298.777	298.313
0.443	1.67552	295.193	294.731
0.443	1.78024	288.678	288.182
0.443	1.88496	279.458	279.012
0.443	1.98968	267.956	267.551
0.443	2.0944	254.55	254.189
0.443	2.19911	239.673	239.321
0.443	2.30383	223.769	223.421
0.443	2.40855	207.259	206.959
0.443	2.51327	190.605	190.502
0.443	2.61799	174.186	174.733
0.443	2.72271	158.334	158.902
0.443	2.82743	143.321	143.354
0.443	2.93215	129.366	129.421
0.443	3.03687	116.585	116.678
0.443	3.14159	104.708	104.804
0.4515	-3.14159	83.4168	83.5736
0.4515	-3.03687	73.3238	73.3046
0.4515	-2.93215	64.4039	64.3508
0.4515	-2.82743	56.8644	56.776
0.4515	-2.72271	50.6367	50.2876
0.4515	-2.61799	45.4356	45.032
0.4515	-2.51327	41.3612	40.9195
0.4515	-2.40855	38.2887	37.8114
0.4515	-2.30383	36.0689	35.5593
0.4515	-2.19911	34.5498	34.0122
0.4515	-2.0944	33.5836	33.0231
0.4515	-1.98968	33.0186	32.4556
0.4515	-1.88496	32.711	32.1901
0.4515	-1.78024	32.5948	32.1287
0.4515	-1.67552	32.6019	32.2168
0.4515	-1.5708	32.6858	32.3108
0.4515	-1.46608	32.8484	32.4902
0.4515	-1.36136	33.1166	32.783
0.4515	-1.25664	33.5002	33.2517
0.4515	-1.15192	34.1303	33.989
0.4515	-1.0472	35.1428	34.781
0.4515	-0.942478	36.6847	36.3172
0.4515	-0.837758	38.9151	38.5443
0.4515	-0.733038	42.0011	41.6287
0.4515	-0.628319	46.0625	45.7358
0.4515	-0.523599	51.2906	50.9777
0.4515	-0.418879	57.6432	57.4061
0.4515	-0.314159	65.34	65.098
0.4515	-0.20944	74.491	74.2425
0.4515	-0.10472	85.0013	84.8109
0.4515	1.11022e-16	96.6564	96.4636
0.4515	0.10472	109.623	109.463
0.4515	0.20944	123.3	123.157
0.4515	0.314159	137.98	137.821
0.4515	0.418879	153.427	153.25
0.4515	0.523599	169.344	169.149
0.4515	0.628319	185.382	185.168
0.4515	0.733038	201.147	200.915
0.4515	0.837758	216.196	215.914
0.4515	0.942478	230.054	229.754
0.4515	1.0472	242.322	242.01
0.4515	1.15192	252.599	252.278
0.4515	1.25664	260.532	260.206
0.4515	1.36136	265.788	265.42
0.4515	1.46608	268.17	267.807
0.4515	1.5708	267.66	267.308
0.4515	1.67552	264.285	263.938
0.4515	1.78024	258.113	257.742
0.4515	1.88496	249.399	249.062
0.4515	1.98968	238.512	238.207
0.4515	2.0944	225.819	225.55
0.4515	2.19911	211.728	211.494
0.4515	2.30383	196.667	196.425
0.4515	2.40855	181.033	180.821
0.4515	2.51327	165.249	165.077
0.4515	2.61799	149.686	149.553
0.4515	2.72271	134.657	134.56
0.4515	2.82743	120.422	120.491
0.4515	2.93215	107.187	107.277
0.4515	3.03687	94.6958	94.848
0.4515	3.14159	83.4168	83.5736
0.46	-3.14159	67.8646	67.9206
0.46	-3.03687	58.0318	58.0678
0.46	-2.93215	49.5416	49.5546
0.46	-2.82743	42.2888	42.1061
0.46	-2.72271	36.107	35.8938
0.46	-2.61799	31.1281	30.8837
0.46	-2.51327	27.234	26.9588
0.46	-2.40855	24.2916	23.9868
0.46	-2.30383	22.1587	21.8032
0.46	-2.19911	20.6909	20.248
0.46	-2.0944	19.7401	19.2429
0.46	-1.98968	19.1457	18.6522
0.46	-1.88496	18.8262	18.3569
0.46	-1.78024	18.6875	18.2601
0.46	-1.67552	18.6628	18.2919
0.46	-1.5708	18.715	18.3584
0.46	-1.46608	18.8395	18.5929
0.46	-1.36136	19.0645	18.7976
0.46	-1.25664	19.385	19.1717
0.46	-1.15192	19.9547	19.7525
0.46	-1.0472	20.8897	20.6834
0.46	-0.942478	22.3309	22.1227
0.46	-0.837758	24.4301	24.222
0.46	-0.733038	27.3469	27.1403
0.46	-0.628319	31.1998	31.0349
0.46	-0.523599	36.1623	35.9955
0.46	-0.418879	42.388	42.2185
0.46	-0.314159	49.8524	49.7389
0.46	-0.20944	58.5573	58.4386
0.46	-0.10472	68.6831	68.5569
0.46	1.11022e-16	80.0058	79.9154
0.46	0.10472	92.3632	92.2727
0.46	0.20944	105.716	105.634
0.46	0.314159	119.671	119.573
0.46	0.418879	134.354	134.238
0.46	0.523599	149.485	149.35
0.46	0.628319	164.729	164.574
0.46	0.733038	179.713	179.539
0.46	0.837758	194.009	193.806
0.46	0.942478	207.179	206.957
0.46	1.0472	218.839	218.6
0.46	1.15192	228.608	228.355
0.46	1.25664	236.151	235.889
0.46	1.36136	241.171	240.885
0.46	1.46608	243.446	243.157
0.46	1.5708	242.976	242.691
0.46	1.67552	239.788	239.512
0.46	1.78024	233.983	233.694
0.46	1.88496	225.735	225.464
0.46	1.98968	215.42	215.171
0.46	2.0944	203.389	203.168
0.46	2.19911	190.032	189.843
0.46	2.30383	175.752	175.598
0.46	2.40855	160.95	160.829
0.46	2.51327	146.001	145.892
0.46	2.61799	131.25	131.163
0.46	2.72271	116.995	116.936
0.46	2.82743	103.485	103.457
0.46	2.93215	90.6515	90.7712
0.46	3.03687	78.7008	78.8448
0.46	3.14159	67.8646	67.9206
0.4685	-3.14159	57.1867	57.183
0.4685	-3.03687	47.8217	47.8783
0.4685	-2.93215	39.6087	39.5472
0.4685	-2.82743	32.4721	32.392
0.4685	-2.72271	26.5712	26.4705
0.4685	-2.61799	21.8147	21.6918
0.4685	-2.51327	18.0901	17.8567
0.4685	-2.40855	15.2109	14.8927
0.4685	-2.30383	13.0753	12.7339
0.4685	-2.19911	11.5988	11.2371
0.4685	-2.0944	10.6296	10.2633
0.4685	-1.98968	10.0179	9.68336
0.4685	-1.88496	9.67569	9.38357
0.4685	-1.78024	9.51057	9.2143
0.4685	-1.67552	9.4562	9.16153
0.4685	-1.5708	9.47612	9.18875
0.4685	-1.46608	9.56574	9.38282
0.4685	-1.36136	9.75368	9.56454
0.4685	-1.25664	10.041	9.89272
0.4685	-1.15192	10.5665	10.4148
0.4685	-1.0472	11.4583	11.3054
0.4685	-0.942478	12.8535	12.7018
0.4685	-0.837758	14.904	14.7554
0.4685	-0.733038	17.7467	17.6248
0.4685	-0.628319	21.393	21.3305
0.4685	-0.523599	26.1183	26.0559
0.4685	-0.418879	32.0501	31.987
0.4685	-0.314159	39.2922	39.2268
0.4685	-0.20944	47.8065	47.7758
0.4685	-0.10472	57.4551	57.4182
0.4685	1.11022e-16	68.4458	68.3999
0.4685	0.10472	80.3343	80.2855
0.4685	0.20944	93.2095	93.1455
0.4685	0.314159	106.692	106.612
0.4685	0.418879	120.655	120.557
0.4685	0.523599	135.041	134.923
0.4685	0.628319	149.534	149.395
0.4685	0.733038	163.776	163.616
0.4685	0.837758	177.384	177.204
0.4685	0.942478	189.919	189.731
0.4685	1.0472	200.997	200.789
0.4685	1.15192	210.277	210.05
0.4685	1.25664	217.442	217.201
0.4685	1.36136	222.244	221.993
0.4685	1.46608	224.441	224.186
0.4685	1.5708	223.998	223.738
0.4685	1.67552	220.975	220.717
0.4685	1.78024	215.494	215.244
0.4685	1.88496	207.734	207.488
0.4685	1.98968	197.947	197.714
0.4685	2.0944	186.531	186.318
0.4685	2.19911	173.855	173.666
0.4685	2.30383	160.303	160.14
0.4685	2.40855	146.252	146.12
0.4685	2.51327	132.062	131.967
0.4685	2.61799	118.07	118.014
0.4685	2.72271	104.581	104.534
0.4685	2.82743	91.6655	91.6126
0.4685	2.93215	79.2239	79.1958
0.4685	3.03687	67.8207	67.7988
0.4685	3.14159	57.1867	57.183
0.477	-3.14159	50.653	50.646
0.477	-3.03687	41.5797	41.5731
0.477	-2.93215	33.5238	33.5126
0.477	-2.82743	26.7064	26.6871
0.477	-2.72271	21.0659	21.0142
0.477	-2.61799	16.3822	16.2481
0.477	-2.51327	12.6603	12.5087
0.477	-2.40855	9.8299	9.67061
0.477	-2.30383	7.72849	7.59997
0.477	-2.19911	6.27188	6.15338
0.477	-2.0944	5.30621	5.17165
0.477	-1.98968	4.70732	4.56175
0.477	-1.88496	4.36654	4.21387
0.477	-1.78024	4.19512	4.04043
0.477	-1.67552	4.13207	3.97868
0.477	-1.5708	4.14083	4.06152
0.477	-1.46608	4.19704	4.13468
0.477	-1.36136	4.30525	4.24779
0.477	-1.25664	4.56459	4.50438
0.477	-1.15192	5.063	5.00308
0.477	-1.0472	5.91244	5.85543
0.477	-0.942478	7.24452	7.1925
0.477	-0.837758	9.20448	9.15891
0.477	-0.733038	11.892	11.8574
0.477	-0.628319	15.5036	15.4714
0.477	-0.523599	20.1907	20.1616
0.477	-0.418879	25.8586	25.8635
0.477	-0.314159	32.7776	32.7819
0.477	-0.20944	41.016	41.0176
0.477	-0.10472	50.4587	50.4442
0.477	1.11022e-16	60.9117	60.8868
0.477	0.10472	72.5887	72.551
0.477	0.20944	84.8633	84.8356
0.477	0.314159	98.0328	97.9906
0.477	0.418879	111.345	111.298
0.477	0.523599	125.029	124.965
0.477	0.628319	138.811	138.782
0.477	0.733038	152.352	152.267
0.477	0.837758	165.286	165.135
0.477	0.942478	177.236	177.01
0.477	1.0472	187.802	187.528
0.477	1.15192	196.62	196.345
0.477	1.25664	203.427	203.167
0.477	1.36136	207.98	207.729
0.477	1.46608	210.129	209.81
0.477	1.5708	209.72	209.432
0.477	1.67552	206.867	206.621
0.477	1.78024	201.652	201.424
0.477	1.88496	194.298	194.047
0.477	1.98968	185.013	184.818
0.477	2.0944	174.216	174.054
0.477	2.19911	162.209	162.069
0.477	2.30383	149.328	149.204
0.477	2.40855	135.963	135.881
0.477	2.51327	122.487	122.436
0.477	2.61799	109.218	109.175
0.477	2.72271	96.4149	96.3621
0.477	2.82743	83.8176	83.7798
0.477	2.93215	72.0176	71.983
0.477	3.03687	60.7906	60.7653
0.477	3.14159	50.653	50.646
0.4855	-3.14159	47.0361	46.9416
0.4855	-3.03687	38.123	38.0574
0.4855	-2.93215	30.4188	30.3704
0.4855	-2.82743	23.8382	23.8034
0.4855	-2.72271	18.1897	18.1539
0.4855	-2.61799	13.6291	13.581
0.4855	-2.51327	10.0358	9.97634
0.4855	-2.40855	7.26246	7.22204
0.4855	-2.30383	5.21797	5.19102
0.4855	-2.19911	3.7768	3.76245
0.4855	-2.0944	2.83153	2.79758
0.4855	-1.98968	2.24682	2.20434
0.4855	-1.88496	1.91177	1.86411
0.4855	-1.78024	1.74253	1.69228
0.4855	-1.67552	1.67221	1.62912
0.4855	-1.5708	1.61867	1.61708
0.4855	-1.46608	1.63196	1.62605
0.4855	-1.36136	1.73729	1.73007
0.4855	-1.25664	1.99055	1.98479
0.4855	-1.15192	2.47535	2.4738
0.4855	-1.0472	3.29832	3.30332
0.4855	-0.942478	4.55616	4.56245
0.4855	-0.837758	6.38321	6.3932
0.4855	-0.733038	8.95899	8.97336
0.4855	-0.628319	12.4282	12.447
0.4855	-0.523599	16.9277	16.9503
0.4855	-0.418879	22.5786	22.6039
0.4855	-0.314159	29.3523	29.3714
0.4855	-0.20944	37.2077	37.2788
0.4855	-0.10472	46.3432	46.432
0.4855	1.11022e-16	56.5207	56.5909
0.4855	0.10472	67.6732	67.6731
0.4855	0.20944	79.742	79.6557
0.4855	0.314159	92.3	92.14
0.4855	0.418879	105.284	105.113
0.4855	0.523599	118.287	118.067
0.4855	0.628319	131.386	131.109
0.4855	0.733038	144.263	143.918
0.4855	0.837758	156.578	156.151
0.4855	0.942478	167.932	167.453
0.4855	1.0472	177.903	177.476
0.4855	1.15192	186.268	185.876
0.4855	1.25664	192.751	192.309
0.4855	1.36136	197.138	196.623
0.4855	1.46608	199.204	198.672
0.4855	1.5708	198.785	198.388
0.4855	1.67552	196.084	195.671
0.4855	1.78024	191.215	190.756
0.4855	1.88496	184.255	183.829
0.4855	1.98968	175.417	175.126
0.4855	2.0944	165.156	164.866
0.4855	2.19911	153.801	153.484
0.4855	2.30383	141.672	141.32
0.4855	2.40855	128.949	128.713
0.4855	2.51327	116.14	115.984
0.4855	2.61799	103.528	103.398
0.4855	2.72271	91.0377	90.9086
0.4855	2.82743	78.9842	78.8393
0.4855	2.93215	67.4958	67.3662
0.4855	3.03687	56.7786	56.6378
0.4855	3.14159	47.0361	46.9416
0.494	-3.14159	44.9569	44.7179
0.494	-3.03687	36.4666	36.2305
0.494	-2.93215	28.9946	28.7916
0.494	-2.82743	22.4594	22.2742
0.494	-2.72271	17.0273	16.8679
0.494	-2.61799	12.6174	12.4902
0.494	-2.51327	9.13249	9.04021
0.494	-2.40855	6.42585	6.3725
0.494	-2.30383	4.37512	4.34501
0.494	-2.19911	2.93267	2.91449
0.494	-2.0944	1.97441	1.95572
0.494	-1.98968	1.37261	1.35167
0.494	-1.88496	1.02227	0.998128
0.494	-1.78024	0.839516	0.814619
0.494	-1.67552	0.723212	0.709566
0.494	-1.5708	0.663193	0.654873
0.494	-1.46608	0.670395	0.664069
0.494	-1.36136	0.771507	0.768561
0.494	-1.25664	1.02249	1.02463
0.494	-1.15192	1.50631	1.51486
0.494	-1.0472	2.32772	2.3451
0.494	-0.942478	3.55349	3.56495
0.494	-0.837758	5.38499	5.40156
0.494	-0.733038	7.92445	7.96121
0.494	-0.628319	11.2736	11.3165
0.494	-0.523599	15.6092	15.6432
0.494	-0.418879	21.0467	21.049
0.494	-0.314159	27.6475	27.651
0.494	-0.20944	35.3461	35.3134
0.494	-0.10472	44.1034	43.9952
0.494	1.11022e-16	54.0812	53.8925
0.494	0.10472	64.8003	64.5982
0.494	0.20944	76.4275	76.1832
0.494	0.314159	88.5664	88.3161
0.494	0.418879	101.129	100.824
0.494	0.523599	113.715	113.386
0.494	0.628319	126.183	125.781
0.494	0.733038	138.436	137.946
0.494	0.837758	150.151	149.556
0.494	0.942478	160.993	160.273
0.494	1.0472	170.512	169.769
0.494	1.15192	178.452	177.736
0.494	1.25664	184.56	183.91
0.494	1.36136	188.765	188.069
0.494	1.46608	190.8	189.971
0.494	1.5708	190.408	189.661
0.494	1.67552	187.827	187.161
0.494	1.78024	183.19	182.553
0.494	1.88496	176.674	175.928
0.494	1.98968	168.267	167.633
0.494	2.0944	158.502	157.949
0.494	2.19911	147.7	147.191
0.494	2.30383	136.182	135.626
0.494	2.40855	124.182	123.612
0.494	2.51327	111.988	111.483
0.494	2.61799	99.8131	99.414
0.494	2.72271	87.6834	87.3184
0.494	2.82743	76.0422	75.7858
0.494	2.93215	64.8514	64.5894
0.494	3.03687	54.5796	54.3419
0.494	3.14159	44.9569	44.7179
0.5025	-3.14159	43.8981	43.5315
0.5025	-3.03687	35.6158	35.3227
0.5025	-2.93215	28.2247	27.9484
0.5025	-2.82743	21.9448	21.6925
0.5025	-2.72271	16.7194	16.4997
0.5025	-2.61799	12.3481	12.1905
0.5025	-2.51327	8.83546	8.71739
0.5025	-2.40855	6.14229	6.06315
0.5025	-2.30383	4.15098	4.10627
0.5025	-2.19911	2.7423	2.72398
0.5025	-2.0944	1.80056	1.79719
0.5025	-1.98968	1.21502	1.19538
0.5025	-1.88496	0.867848	0.805234
0.5025	-1.78024	0.629188	0.577809
0.5025	-1.67552	0.468403	0.458658
0.5025	-1.5708	0.413635	0.419057
0.5025	-1.46608	0.434725	0.457092
0.5025	-1.36136	0.546184	0.563269
0.5025	-1.25664	0.806887	0.800761
0.5025	-1.15192	1.24568	1.2444
0.5025	-1.0472	2.02388	2.03091
0.5025	-0.942478	3.23261	3.27976
0.5025	-0.837758	5.02518	5.05937
0.5025	-0.733038	7.54013	7.54641
0.5025	-0.628319	10.9155	10.8847
0.5025	-0.523599	15.251	15.1829
0.5025	-0.418879	20.4697	20.3968
0.5025	-0.314159	26.8153	26.6682
0.5025	-0.20944	34.3682	34.1443
0.5025	-0.10472	42.9071	42.6752
0.5025	1.11022e-16	52.4261	52.1677
0.5025	0.10472	63.0448	62.76
0.5025	0.20944	74.172	73.8555
0.5025	0.314159	86.1092	85.6977
0.5025	0.418879	98.1568	97.6777
0.5025	0.523599	110.509	109.945
0.5025	0.628319	122.448	121.818
0.5025	0.733038	134.124	133.412
0.5025	0.837758	145.282	144.486
0.5025	0.942478	155.606	154.721
0.5025	1.0472	164.729	163.763
0.5025	1.15192	172.275	171.316
0.5025	1.25664	178.119	177.158
0.5025	1.36136	182.069	181.09
0.5025	1.46608	184	182.981
0.5025	1.5708	183.685	182.686
0.5025	1.67552	181.216	180.27
0.5025	1.78024	176.794	175.869
0.5025	1.88496	170.589	169.649
0.5025	1.98968	162.658	161.759
0.5025	2.0944	153.353	152.513
0.5025	2.19911	143.063	142.244
0.5025	2.30383	132.094	131.263
0.5025	2.40855	120.743	119.874
0.5025	2.51327	109.1	108.35
0.5025	2.61799	97.1053	96.4324
0.5025	2.72271	85.5137	84.879
0.5025	2.82743	74.0172	73.4775
0.5025	2.93215	63.3189	62.7973
0.5025	3.03687	53.115	52.7235
0.5025	3.14159	43.8981	43.5315
0.511	-3.14159	43.1317	42.7251
0.511	-3.03687	34.9285	34.5585
0.511	-2.93215	27.8123	27.4743
0.511	-2.82743	21.7247	21.4557
0.511	-2.72271	16.4378	16.2126
0.511	-2.61799	12.1364	11.9518
0.511	-2.51327	8.72746	8.58641
0.511	-2.40855	6.10584	6.00814
0.511	-2.30383	4.15909	4.10169
0.511	-2.19911	2.77415	2.73786
0.511	-2.0944	1.84162	1.78757
0.511	-1.98968	1.26019	1.16474
0.511	-1.88496	0.916627	0.777566
0.511	-1.78024	0.619508	0.552572
0.511	-1.67552	0.455185	0.437972
0.511	-1.5708	0.400284	0.406222
0.511	-1.46608	0.439343	0.452006
0.511	-1.36136	0.566039	0.532182
0.511	-1.25664	0.78741	0.756574
0.511	-1.15192	1.22232	1.21768
0.511	-1.0472	2.0154	2.01314
0.511	-0.942478	3.21824	3.24245
0.511	-0.837758	4.98521	4.95811
0.511	-0.733038	7.44547	7.37323
0.511	-0.628319	10.7031	10.6275
0.511	-0.523599	14.9404	14.838
0.511	-0.418879	20.2153	20.0704
0.511	-0.314159	26.4095	26.1741
0.511	-0.20944	33.6455	33.3868
0.511	-0.10472	42.0487	41.7743
0.511	1.11022e-16	51.3405	51.0729
0.511	0.10472	61.5531	61.2393
0.511	0.20944	72.5701	72.1708
0.511	0.314159	84.0106	83.518
0.511	0.418879	95.9137	95.3435
0.511	0.523599	107.727	107.07
0.511	0.628319	119.52	118.784
0.511	0.733038	130.665	129.842
0.511	0.837758	141.312	140.396
0.511	0.942478	151.16	150.144
0.511	1.0472	159.881	158.787
0.511	1.15192	167.065	166.005
0.511	1.25664	172.627	171.55
0.511	1.36136	176.385	175.273
0.511	1.46608	178.221	177.05
0.511	1.5708	177.941	176.825
0.511	1.67552	175.578	174.503
0.511	1.78024	171.359	170.283
0.511	1.88496	165.443	164.331
0.511	1.98968	157.914	156.861
0.511	2.0944	149.037	148.049
0.511	2.19911	139.222	138.238
0.511	2.30383	128.759	127.747
0.511	2.40855	117.932	116.866
0.511	2.51327	106.452	105.576
0.511	2.61799	94.9867	94.1649
0.511	2.72271	83.5154	82.8016
0.511	2.82743	72.5082	71.8129
0.511	2.93215	61.9384	61.3681
0.511	3.03687	52.0985	51.5508
0.511	3.14159	43.1317	42.7251
0.5195	-3.14159	42.2694	41.8576
0.5195	-3.03687	34.3562	33.9715
0.5195	-2.93215	27.4145	27.1274
0.5195	-2.82743	21.2674	21.0059
0.5195	-2.72271	16.138	15.9101
0.5195	-2.61799	11.9534	11.7662
0.5195	-2.51327	8.62561	8.48302
0.5195	-2.40855	6.0556	5.95763
0.5195	-2.30383	4.08943	4.04611
0.5195	-2.19911	2.65988	2.64342
0.5195	-2.0944	1.69174	1.69039
0.5195	-1.98968	1.07877	1.0468
0.5195	-1.88496	0.706335	0.632043
0.5195	-1.78024	0.436304	0.386931
0.5195	-1.67552	0.267716	0.259451
0.5195	-1.5708	0.215766	0.222243
0.5195	-1.46608	0.25008	0.2739
0.5195	-1.36136	0.385302	0.402839
0.5195	-1.25664	0.673547	0.656641
0.5195	-1.15192	1.13879	1.13599
0.5195	-1.0472	1.95341	1.96016
0.5195	-0.942478	3.19345	3.24276
0.5195	-0.837758	4.98658	4.96415
0.5195	-0.733038	7.39424	7.34414
0.5195	-0.628319	10.5769	10.5293
0.5195	-0.523599	14.7036	14.6352
0.5195	-0.418879	19.8307	19.7333
0.5195	-0.314159	26.044	25.874
0.5195	-0.20944	33.1543	32.9315
0.5195	-0.10472	41.2696	41.0369
0.5195	1.11022e-16	50.5086	50.2503
0.5195	0.10472	60.3811	60.1218
0.5195	0.20944	71.1274	70.7761
0.5195	0.314159	82.2998	81.8633
0.5195	0.418879	93.8379	93.3153
0.5195	0.523599	105.394	104.791
0.5195	0.628319	116.78	116.095
0.5195	0.733038	127.716	126.937
0.5195	0.837758	137.895	137.024
0.5195	0.942478	147.307	146.335
0.5195	1.0472	155.615	154.585
0.5195	1.15192	162.471	161.467
0.5195	1.25664	167.776	166.749
0.5195	1.36136	171.36	170.29
0.5195	1.46608	173.111	171.973
0.5195	1.5708	172.822	171.745
0.5195	1.67552	170.562	169.52
0.5195	1.78024	166.532	165.478
0.5195	1.88496	160.886	159.783
0.5195	1.98968	153.683	152.639
0.5195	2.0944	145.204	144.226
0.5195	2.19911	135.829	134.841
0.5195	2.30383	125.835	124.806
0.5195	2.40855	115.221	114.249
0.5195	2.51327	104.109	103.221
0.5195	2.61799	92.9027	92.1625
0.5195	2.72271	81.7675	81.0479
0.5195	2.82743	71.0362	70.4379
0.5195	2.93215	60.7031	60.121
0.5195	3.03687	51.2158	50.6724
0.5195	3.14159	42.2694	41.8576
0.528	-3.14159	41.6587	41.3274
0.528	-3.03687	33.9476	33.6706
0.528	-2.93215	26.9903	26.735
0.528	-2.82743	21.0163	20.7816
0.528	-2.72271	16.0185	15.8125
0.528	-2.61799	11.9285	11.758
0.528	-2.51327	8.54083	8.44591
0.528	-2.40855	5.88893	5.83083
0.528	-2.30383	3.89989	3.8747
0.528	-2.19911	2.4658	2.46578
0.528	-2.0944	1.48224	1.49585
0.528	-1.98968	0.852478	0.865417
0.528	-1.88496	0.475439	0.470199
0.528	-1.78024	0.242085	0.2044
0.528	-1.67552	0.0569623	0.0615279
0.528	-1.5708	0	0.0155386
0.528	-1.46608	0.0459534	0.0626925
0.528	-1.36136	0.20393	0.22432
0.528	-1.25664	0.523051	0.546705
0.528	-1.15192	1.0316	1.0447
0.528	-1.0472	1.85269	1.88112
0.528	-0.942478	3.10556	3.13145
0.528	-0.837758	4.91567	4.94756
0.528	-0.733038	7.40929	7.44763
0.528	-0.628319	10.6983	10.6909
0.528	-0.523599	14.729	14.7095
0.528	-0.418879	19.7144	19.713
0.528	-0.314159	25.7615	25.7474
0.528	-0.20944	32.9236	32.8399
0.528	-0.10472	40.8654	40.7114
0.528	1.11022e-16	49.8019	49.6296
0.528	0.10472	59.6094	59.4343
0.528	0.20944	69.9738	69.764
0.528	0.314159	81.0251	80.7668
0.528	0.418879	92.1256	91.7923
0.528	0.523599	103.532	103.12
0.528	0.628319	114.47	113.978
0.528	0.733038	125.191	124.626
0.528	0.837758	135.04	134.365
0.528	0.942478	144.054	143.288
0.528	1.0472	151.939	151.141
0.528	1.15192	158.497	157.692
0.528	1.25664	163.572	162.745
0.528	1.36136	167	166.132
0.528	1.46608	168.677	167.74
0.528	1.5708	168.333	167.46
0.528	1.67552	166.173	165.316
0.528	1.78024	162.323	161.448
0.528	1.88496	156.929	156
0.528	1.98968	149.977	149.134
0.528	2.0944	141.868	141.042
0.528	2.19911	132.902	132.057
0.528	2.30383	123.236	122.445
0.528	2.40855	112.792	112.003
0.528	2.51327	102.093	101.389
0.528	2.61799	91.0287	90.422
0.528	2.72271	80.3308	79.7345
0.528	2.82743	69.6976	69.2275
0.528	2.93215	59.7459	59.2833
0.528	3.03687	50.3009	49.9793
0.528	3.14159	41.6587	41.3274
0.5365	-3.14159	41.7496	41.4736
0.5365	-3.03687	34.0529	33.8663
0.5365	-2.93215	27.2278	27.0608
0.5365	-2.82743	21.4028	21.2458
0.5365	-2.72271	16.5343	16.3761
0.5365	-2.61799	12.3532	12.2674
0.5365	-2.51327	8.98036	8.92015
0.5365	-2.40855	6.35036	6.31643
0.5365	-2.30383	4.3623	4.35183
0.5365	-2.19911	2.91384	2.92263
0.5365	-2.0944	1.90687	1.93283
0.5365	-1.98968	1.27303	1.29194
0.5365	-1.88496	0.888101	0.904836
0.5365	-1.78024	0.682552	0.657367
0.5365	-1.67552	0.493965	0.495094
0.5365	-1.5708	0.440551	0.456073
0.5365	-1.46608	0.506704	0.521734
0.5365	-1.36136	0.692245	0.708869
0.5365	-1.25664	1.04331	1.06424
0.5365	-1.15192	1.60726	1.62307
0.5365	-1.0472	2.45463	2.47144
0.5365	-0.942478	3.73027	3.75066
0.5365	-0.837758	5.54945	5.57446
0.5365	-0.733038	8.03231	8.06246
0.5365	-0.628319	11.298	11.3333
0.5365	-0.523599	15.4585	15.4934
0.5365	-0.418879	20.349	20.37
0.5365	-0.314159	26.2539	26.2743
0.5365	-0.20944	33.2293	33.2476
0.5365	-0.10472	41.1856	41.1982
0.5365	1.11022e-16	49.9049	49.8569
0.5365	0.10472	59.5741	59.4769
0.5365	0.20944	69.6716	69.5668
0.5365	0.314159	80.3865	80.2493
0.5365	0.418879	91.285	91.1257
0.5365	0.523599	102.275	102.066
0.5365	0.628319	113.054	112.852
0.5365	0.733038	123.363	123.022
0.5365	0.837758	133.098	132.65
0.5365	0.942478	141.691	141.173
0.5365	1.0472	149.207	148.7
0.5365	1.15192	155.497	154.992
0.5365	1.25664	160.363	159.847
0.5365	1.36136	163.653	163.104
0.5365	1.46608	165.193	164.56
0.5365	1.5708	164.83	164.249
0.5365	1.67552	162.766	162.204
0.5365	1.78024	159.085	158.507
0.5365	1.88496	153.863	153.228
0.5365	1.98968	147.162	146.58
0.5365	2.0944	139.397	138.827
0.5365	2.19911	130.808	130.214
0.5365	2.30383	121.249	120.702
0.5365	2.40855	111.115	110.584
0.5365	2.51327	100.561	100.157
0.5365	2.61799	89.9181	89.533
0.5365	2.72271	79.3962	79.14
0.5365	2.82743	69.106	68.8513
0.5365	2.93215	59.3961	59.1658
0.5365	3.03687	50.1209	49.8647
0.5365	3.14159	41.7496	41.4736
0.545	-3.14159	43.1109	43.0182
0.545	-3.03687	35.4723	35.4504
0.545	-2.93215	28.8175	28.7958
0.545	-2.82743	23.1299	23.0918
0.545	-2.72271	18.226	18.2363
0.545	-2.61799	14.1302	14.079
0.545	-2.51327	10.851	10.7746
0.545	-2.40855	8.22815	8.1845
0.545	-2.30383	6.22764	6.21436
0.545	-2.19911	4.75486	4.78683
0.545	-2.0944	3.77531	3.84437
0.545	-1.98968	3.13173	3.19322
0.545	-1.88496	2.73952	2.78761
0.545	-1.78024	2.53245	2.51706
0.545	-1.67552	2.35045	2.37131
0.545	-1.5708	2.33446	2.3509
0.545	-1.46608	2.42528	2.4385
0.545	-1.36136	2.64402	2.65566
0.545	-1.25664	3.03479	3.04692
0.545	-1.15192	3.66071	3.6735
0.545	-1.0472	4.54901	4.56031
0.545	-0.942478	5.85781	5.87048
0.545	-0.837758	7.6982	7.71323
0.545	-0.733038	10.1847	10.2025
0.545	-0.628319	13.4303	13.4509
0.545	-0.523599	17.5411	17.5641
0.545	-0.418879	22.5017	22.5167
0.545	-0.314159	28.2869	28.3007
0.545	-0.20944	35.1009	35.1122
0.545	-0.10472	42.96	42.9669
0.545	1.11022e-16	51.4661	51.4766
0.545	0.10472	60.8618	60.8648
0.545	0.20944	70.8871	70.8723
0.545	0.314159	81.2761	81.2293
0.545	0.418879	91.9809	91.9168
0.545	0.523599	102.595	102.499
0.545	0.628319	113.181	113.038
0.545	0.733038	123.115	122.914
0.545	0.837758	132.538	132.306
0.545	0.942478	140.831	140.616
0.545	1.0472	148.057	147.872
0.545	1.15192	154.104	153.937
0.545	1.25664	158.782	158.531
0.545	1.36136	161.946	161.578
0.545	1.46608	163.293	162.982
0.545	1.5708	162.952	162.702
0.545	1.67552	160.978	160.714
0.545	1.78024	157.454	157.07
0.545	1.88496	152.312	151.973
0.545	1.98968	145.889	145.603
0.545	2.0944	138.441	138.167
0.545	2.19911	130.041	129.724
0.545	2.30383	120.679	120.35
0.545	2.40855	110.897	110.615
0.545	2.51327	100.524	100.376
0.545	2.61799	90.2647	90.0995
0.545	2.72271	79.9148	79.7546
0.545	2.82743	69.9691	69.7608
0.545	2.93215	60.3923	60.2116
0.545	3.03687	51.3284	51.1813
0.545	3.14159	43.1109	43.0182
0.5535	-3.14159	46.7834	46.7505
0.5535	-3.03687	39.333	39.3175
0.5535	-2.93215	32.83	32.8108
0.5535	-2.82743	27.2599	27.2353
0.5535	-2.72271	22.3711	22.3849
0.5535	-2.61799	18.3369	18.304
0.5535	-2.51327	15.0579	15.0231
0.5535	-2.40855	12.4318	12.4488
0.5535	-2.30383	10.4504	10.5004
0.5535	-2.19911	9.04301	9.07978
0.5535	-2.0944	8.05753	8.20758
0.5535	-1.98968	7.40514	7.54613
0.5535	-1.88496	7.00798	7.01817
0.5535	-1.78024	6.75886	6.79973
0.5535	-1.67552	6.64349	6.66897
0.5535	-1.5708	6.64774	6.66591
0.5535	-1.46608	6.76934	6.78097
0.5535	-1.36136	7.02847	7.03459
0.5535	-1.25664	7.46713	7.46911
0.5535	-1.15192	8.14617	8.14709
0.5535	-1.0472	9.09224	9.09803
0.5535	-0.942478	10.4459	10.4499
0.5535	-0.837758	12.32	12.324
0.5535	-0.733038	14.8237	14.8283
0.5535	-0.628319	18.0644	18.0697
0.5535	-0.523599	22.1427	22.1485
0.5535	-0.418879	27.1107	27.1194
0.5535	-0.314159	32.797	32.8043
0.5535	-0.20944	39.4725	39.477
0.5535	-0.10472	47.1513	47.1513
0.5535	1.11022e-16	55.5021	55.5043
0.5535	0.10472	64.6392	64.6347
0.5535	0.20944	74.4481	74.4444
0.5535	0.314159	84.518	84.5051
0.5535	0.418879	95.0314	95
0.5535	0.523599	105.281	105.255
0.5535	0.628319	115.541	115.502
0.5535	0.733038	125.154	125.112
0.5535	0.837758	134.201	134.145
0.5535	0.942478	142.346	142.287
0.5535	1.0472	149.309	149.234
0.5535	1.15192	155.134	155.023
0.5535	1.25664	159.639	159.469
0.5535	1.36136	162.564	162.426
0.5535	1.46608	163.837	163.743
0.5535	1.5708	163.517	163.389
0.5535	1.67552	161.628	161.432
0.5535	1.78024	158.138	157.949
0.5535	1.88496	153.157	153.044
0.5535	1.98968	146.988	146.829
0.5535	2.0944	139.83	139.593
0.5535	2.19911	131.53	131.321
0.5535	2.30383	122.421	122.294
0.5535	2.40855	112.865	112.751
0.5535	2.51327	102.842	102.717
0.5535	2.61799	92.9142	92.7137
0.5535	2.72271	82.7956	82.5866
0.5535	2.82743	73.1593	72.8845
0.5535	2.93215	63.6775	63.5137
0.5535	3.03687	54.8563	54.7318
0.5535	3.14159	46.7834	46.7522
0.562	-3.14159	53.9081	53.8318
0.562	-3.03687	46.6222	46.5502
0.562	-2.93215	40.25	40.1882
0.562	-2.82743	34.779	34.6886
0.562	-2.72271	29.9353	29.9522
0.562	-2.61799	25.8596	25.9334
0.562	-2.51327	22.6127	22.6927
0.562	-2.40855	20.0863	20.1521
0.562	-2.30383	18.1637	18.2173
0.562	-2.19911	16.7518	16.7935
0.562	-2.0944	15.7593	15.7883
0.562	-1.98968	15.1016	15.1178
0.562	-1.88496	14.7022	14.7081
0.562	-1.78024	14.4486	14.4895
0.562	-1.67552	14.3492	14.3797
0.562	-1.5708	14.381	14.4009
0.562	-1.46608	14.5417	14.551
0.562	-1.36136	14.8501	14.8495
0.562	-1.25664	15.3461	15.3365
0.562	-1.15192	16.0735	16.0713
0.562	-1.0472	17.0767	17.0767
0.562	-0.942478	18.4902	18.482
0.562	-0.837758	20.4108	20.4001
0.562	-0.733038	22.946	22.9337
0.562	-0.628319	26.1976	26.184
0.562	-0.523599	30.2607	30.2457
0.562	-0.418879	35.1435	35.1056
0.562	-0.314159	40.7535	40.7097
0.562	-0.20944	47.3145	47.2638
0.562	-0.10472	54.8376	54.7788
0.562	1.11022e-16	62.9849	62.979
0.562	0.10472	71.8896	71.8784
0.562	0.20944	81.4311	81.419
0.562	0.314159	91.2058	91.1866
0.562	0.418879	101.402	101.375
0.562	0.523599	111.33	111.3
0.562	0.628319	121.242	121.203
0.562	0.733038	130.555	130.489
0.562	0.837758	139.27	139.219
0.562	0.942478	147.166	147.115
0.562	1.0472	153.837	153.732
0.562	1.15192	159.452	159.336
0.562	1.25664	163.797	163.623
0.562	1.36136	166.534	166.459
0.562	1.46608	167.714	167.639
0.562	1.5708	167.399	167.205
0.562	1.67552	165.584	165.317
0.562	1.78024	162.141	161.95
0.562	1.88496	157.284	157.215
0.562	1.98968	151.345	151.125
0.562	2.0944	144.45	144.137
0.562	2.19911	136.318	136.072
0.562	2.30383	127.453	127.349
0.562	2.40855	118.12	118.029
0.562	2.51327	108.425	108.359
0.562	2.61799	98.763	98.6048
0.562	2.72271	88.9486	88.7344
0.562	2.82743	79.5896	79.3248
0.562	2.93215	70.3875	70.2698
0.562	3.03687	61.7927	61.7161
0.562	3.14159	53.9081	53.8389
0.5705	-3.14159	65.1601	65.1724
0.5705	-3.03687	58.0225	58.1042
0.5705	-2.93215	51.7481	51.8489
0.5705	-2.82743	46.3535	46.4484
0.5705	-2.72271	41.7884	41.8875
0.5705	-2.61799	37.8325	37.9257
0.5705	-2.51327	34.6376	34.7216
0.5705	-2.40855	32.1236	32.1956
0.5705	-2.30383	30.2039	30.2617
0.5705	-2.19911	28.7899	28.8318
0.5705	-2.0944	27.7945	27.8197
0.5705	-1.98968	27.137	27.1453
0.5705	-1.88496	26.691	26.738
0.5705	-1.78024	26.4503	26.4975
0.5705	-1.67552	26.3754	26.4091
0.5705	-1.5708	26.444	26.4634
0.5705	-1.46608	26.6533	26.6583
0.5705	-1.36136	27.0214	27.0117
0.5705	-1.25664	27.5741	27.5617
0.5705	-1.15192	28.3275	28.3369
0.5705	-1.0472	29.4055	29.3974
0.5705	-0.942478	30.8929	30.8685
0.5705	-0.837758	32.875	32.844
0.5705	-0.733038	35.4559	35.4211
0.5705	-0.628319	38.7337	38.6956
0.5705	-0.523599	42.7956	42.7567
0.5705	-0.418879	47.4799	47.4369
0.5705	-0.314159	53.0296	52.9801
0.5705	-0.20944	59.4938	59.4371
0.5705	-0.10472	66.8808	66.7961
0.5705	1.11022e-16	74.7948	74.6875
0.5705	0.10472	83.4929	83.3757
0.5705	0.20944	92.7267	92.7093
0.5705	0.314159	102.23	102.208
0.5705	0.418879	112.04	112.025
0.5705	0.523599	121.661	121.642
0.5705	0.628319	131.275	131.244
0.5705	0.733038	140.209	140.185
0.5705	0.837758	148.644	148.602
0.5705	0.942478	156.239	156.147
0.5705	1.0472	162.65	162.606
0.5705	1.15192	167.97	167.925
0.5705	1.25664	172.058	171.87
0.5705	1.36136	174.817	174.693
0.5705	1.46608	175.916	175.863
0.5705	1.5708	175.498	175.452
0.5705	1.67552	173.654	173.572
0.5705	1.78024	170.452	170.273
0.5705	1.88496	165.715	165.682
0.5705	1.98968	159.827	159.835
0.5705	2.0944	153.122	152.867
0.5705	2.19911	145.346	145.024
0.5705	2.30383	136.81	136.555
0.5705	2.40855	127.769	127.681
0.5705	2.51327	118.25	118.148
0.5705	2.61799	108.804	108.802
0.5705	2.72271	99.217	99.1657
0.5705	2.82743	90.0909	90.1452
0.5705	2.93215	81.1759	81.2862
0.5705	3.03687	72.8475	72.7776
0.5705	3.14159	65.1601	65.1774
0.579	-3.14159	81.4473	81.503
0.579	-3.03687	74.6161	74.7087
0.579	-2.93215	68.4554	68.5525
0.579	-2.82743	63.1403	63.2375
0.579	-2.72271	58.6409	58.7344
0.579	-2.61799	54.8728	54.9737
0.579	-2.51327	51.7023	51.7903
0.579	-2.40855	49.2009	49.2731
0.579	-2.30383	47.2865	47.3404
0.579	-2.19911	45.8746	45.9085
0.579	-2.0944	44.8398	44.8951
0.579	-1.98968	44.132	44.21
0.579	-1.88496	43.696	43.7607
0.579	-1.78024	43.4774	43.527
0.579	-1.67552	43.4367	43.4698
0.579	-1.5708	43.5523	43.5676
0.579	-1.46608	43.8213	43.8179
0.579	-1.36136	44.206	44.2375
0.579	-1.25664	44.7862	44.8122
0.579	-1.15192	45.6245	45.6272
0.579	-1.0472	46.7893	46.7691
0.579	-0.942478	48.3611	48.3188
0.579	-0.837758	50.4249	50.3649
0.579	-0.733038	53.0536	52.9994
0.579	-0.628319	56.3189	56.2846
0.579	-0.523599	60.1922	60.1446
0.579	-0.418879	64.8507	64.7964
0.579	-0.314159	70.3568	70.2958
0.579	-0.20944	76.7417	76.6737
0.579	-0.10472	83.8592	83.758
0.579	1.11022e-16	91.6086	91.4996
0.579	0.10472	100.112	99.9998
0.579	0.20944	108.961	108.792
0.579	0.314159	118.215	118.098
0.579	0.418879	127.639	127.637
0.579	0.523599	136.972	136.969
0.579	0.628319	146.215	146.21
0.579	0.733038	154.827	154.822
0.579	0.837758	162.98	162.977
0.579	0.942478	170.22	170.009
0.579	1.0472	176.443	176.418
0.579	1.15192	181.543	181.523
0.579	1.25664	185.421	185.408
0.579	1.36136	187.951	187.947
0.579	1.46608	189.127	188.768
0.579	1.5708	188.695	188.435
0.579	1.67552	186.797	186.798
0.579	1.78024	183.518	183.25
0.579	1.88496	179.169	178.743
0.579	1.98968	173.436	173.14
0.579	2.0944	166.771	166.642
0.579	2.19911	159.17	159.193
0.579	2.30383	150.933	150.741
0.579	2.40855	142.421	142.13
0.579	2.51327	133.184	133.25
0.579	2.61799	123.984	123.903
0.579	2.72271	114.718	114.806
0.579	2.82743	105.719	105.871
0.579	2.93215	97.1273	97.1431
0.579	3.03687	88.9125	89.2448
0.579	3.14159	81.4473	81.503
