#x	y	0	new0
0.0178175	-3.14159	79.8167	79.0646
0.0178175	-3.03687	68.6171	67.9519
0.0178175	-2.93215	58.7923	58.1221
0.0178175	-2.82743	50.4081	49.7293
0.0178175	-2.72271	43.4026	42.712
0.0178175	-2.61799	37.6828	36.9781
0.0178175	-2.51327	33.1317	32.4113
0.0178175	-2.40855	29.5826	28.8783
0.0178175	-2.30383	26.9173	26.237
0.0178175	-2.19911	24.9892	24.3106
0.0178175	-2.0944	23.6537	22.9607
0.0178175	-1.98968	22.7766	22.0773
0.0178175	-1.88496	22.2403	21.5484
0.0178175	-1.78024	21.9495	21.2591
0.0178175	-1.67552	21.8359	21.1454
0.0178175	-1.5708	21.8081	21.1698
0.0178175	-1.46608	21.8887	21.2586
0.0178175	-1.36136	22.1299	21.517
0.0178175	-1.25664	22.5946	21.9976
0.0178175	-1.15192	23.3762	22.7978
0.0178175	-1.0472	24.5689	24.0367
0.0178175	-0.942478	26.2825	25.7969
0.0178175	-0.837758	28.7298	28.2716
0.0178175	-0.733038	32.0735	31.8279
0.0178175	-0.628319	36.4751	36.1701
0.0178175	-0.523599	42.0867	42.0619
0.0178175	-0.418879	49.0003	49.0979
0.0178175	-0.314159	57.3421	57.8665
0.0178175	-0.20944	67.2119	67.6177
0.0178175	-0.10472	78.6383	78.8274
0.0178175	1.11022e-16	91.5994	91.4979
0.0178175	0.10472	105.792	106.173
0.0178175	0.20944	121.091	121.388
0.0178175	0.314159	137.449	137.669
0.0178175	0.418879	154.6	154.752
0.0178175	0.523599	172.219	172.316
0.0178175	0.628319	189.924	189.929
0.0178175	0.733038	207.292	206.729
0.0178175	0.837758	223.382	222.747
0.0178175	0.942478	238.257	237.533
0.0178175	1.0472	251.457	250.5
0.0178175	1.15192	262.466	261.415
0.0178175	1.25664	271.006	269.96
0.0178175	1.36136	276.793	275.558
0.0178175	1.46608	279.586	278.425
0.0178175	1.5708	279.255	278.228
0.0178175	1.67552	275.908	274.57
0.0178175	1.78024	269.675	268.386
0.0178175	1.88496	260.688	259.32
0.0178175	1.98968	249.33	248.059
0.0178175	2.0944	236.003	234.847
0.0178175	2.19911	221.121	220.048
0.0178175	2.30383	205.122	204.122
0.0178175	2.40855	188.428	187.409
0.0178175	2.51327	170.974	170.045
0.0178175	2.61799	153.636	152.823
0.0178175	2.72271	136.854	136.089
0.0178175	2.82743	120.91	120.138
0.0178175	2.93215	105.968	105.207
0.0178175	3.03687	92.2297	91.475
0.0178175	3.14159	79.8167	79.0646
0.0184709	-3.14159	69.9168	69.4485
0.0184709	-3.03687	59.2103	58.7559
0.0184709	-2.93215	49.8915	49.451
0.0184709	-2.82743	41.9381	41.5105
0.0184709	-2.72271	35.2909	34.8756
0.0184709	-2.61799	29.8608	29.4439
0.0184709	-2.51327	25.5361	25.1053
0.0184709	-2.40855	22.1886	21.7427
0.0184709	-2.30383	19.6804	19.2193
0.0184709	-2.19911	17.8709	17.3954
0.0184709	-2.0944	16.6227	16.1355
0.0184709	-1.98968	15.8085	15.3113
0.0184709	-1.88496	15.3166	14.8131
0.0184709	-1.78024	15.0448	14.5513
0.0184709	-1.67552	14.8829	14.4535
0.0184709	-1.5708	14.8472	14.4177
0.0184709	-1.46608	14.9339	14.5152
0.0184709	-1.36136	15.1714	14.7468
0.0184709	-1.25664	15.6194	15.2264
0.0184709	-1.15192	16.3366	15.9902
0.0184709	-1.0472	17.4172	17.0933
0.0184709	-0.942478	19.0451	18.723
0.0184709	-0.837758	21.3687	21.0693
0.0184709	-0.733038	24.5427	24.2587
0.0184709	-0.628319	28.7191	28.4466
0.0184709	-0.523599	34.0004	33.7492
0.0184709	-0.418879	40.5404	40.3782
0.0184709	-0.314159	48.4633	48.3584
0.0184709	-0.20944	57.8376	57.7832
0.0184709	-0.10472	68.6905	68.6777
0.0184709	1.11022e-16	81.0009	81.0201
0.0184709	0.10472	94.682	94.5447
0.0184709	0.20944	109.204	109.032
0.0184709	0.314159	124.73	124.53
0.0184709	0.418879	141.007	141.016
0.0184709	0.523599	157.724	157.687
0.0184709	0.628319	174.521	174.434
0.0184709	0.733038	190.994	190.856
0.0184709	0.837758	206.466	206.103
0.0184709	0.942478	220.489	219.988
0.0184709	1.0472	232.974	232.4
0.0184709	1.15192	243.436	242.831
0.0184709	1.25664	251.5	250.944
0.0184709	1.36136	256.949	256.049
0.0184709	1.46608	259.602	258.674
0.0184709	1.5708	259.287	258.443
0.0184709	1.67552	256.071	255.024
0.0184709	1.78024	250.118	249.116
0.0184709	1.88496	241.644	240.592
0.0184709	1.98968	230.857	229.873
0.0184709	2.0944	218.189	217.31
0.0184709	2.19911	204.053	203.294
0.0184709	2.30383	188.865	188.234
0.0184709	2.40855	172.818	172.237
0.0184709	2.51327	156.263	155.738
0.0184709	2.61799	139.932	139.401
0.0184709	2.72271	124.061	123.533
0.0184709	2.82743	108.943	108.412
0.0184709	2.93215	94.7996	94.263
0.0184709	3.03687	81.8015	81.2545
0.0184709	3.14159	69.9168	69.4485
0.0191243	-3.14159	61.5422	61.2758
0.0191243	-3.03687	51.3929	51.1385
0.0191243	-2.93215	42.5629	42.3179
0.0191243	-2.82743	35.0296	34.7902
0.0191243	-2.72271	28.7362	28.482
0.0191243	-2.61799	23.5981	23.3348
0.0191243	-2.51327	19.5088	19.2344
0.0191243	-2.40855	16.3469	16.0602
0.0191243	-2.30383	13.9813	13.682
0.0191243	-2.19911	12.2785	11.9673
0.0191243	-2.0944	11.1083	10.7866
0.0191243	-1.98968	10.3497	10.02
0.0191243	-1.88496	9.843	9.56376
0.0191243	-1.78024	9.54899	9.26545
0.0191243	-1.67552	9.40776	9.12203
0.0191243	-1.5708	9.38575	9.10242
0.0191243	-1.46608	9.47927	9.21103
0.0191243	-1.36136	9.71523	9.45777
0.0191243	-1.25664	10.1111	9.89732
0.0191243	-1.15192	10.7529	10.549
0.0191243	-1.0472	11.786	11.5932
0.0191243	-0.942478	13.3382	13.1573
0.0191243	-0.837758	15.548	15.3826
0.0191243	-0.733038	18.5651	18.4085
0.0191243	-0.628319	22.4905	22.3499
0.0191243	-0.523599	27.4933	27.3533
0.0191243	-0.418879	33.7129	33.5732
0.0191243	-0.314159	41.2462	41.1052
0.0191243	-0.20944	50.1583	50.2939
0.0191243	-0.10472	60.4748	60.6046
0.0191243	1.11022e-16	72.1756	72.3613
0.0191243	0.10472	85.1885	85.1908
0.0191243	0.20944	99.1732	99.0463
0.0191243	0.314159	113.916	113.763
0.0191243	0.418879	129.37	129.402
0.0191243	0.523599	145.239	145.228
0.0191243	0.628319	161.18	161.123
0.0191243	0.733038	176.807	176.703
0.0191243	0.837758	191.699	191.339
0.0191243	0.942478	204.985	204.605
0.0191243	1.0472	216.754	216.356
0.0191243	1.15192	226.666	226.222
0.0191243	1.25664	234.301	233.686
0.0191243	1.36136	239.432	238.768
0.0191243	1.46608	241.909	241.217
0.0191243	1.5708	241.653	240.843
0.0191243	1.67552	238.565	237.766
0.0191243	1.78024	232.879	232.119
0.0191243	1.88496	224.803	224.105
0.0191243	1.98968	214.617	213.904
0.0191243	2.0944	202.599	201.954
0.0191243	2.19911	189.167	188.63
0.0191243	2.30383	174.744	174.273
0.0191243	2.40855	159.273	158.906
0.0191243	2.51327	143.636	143.339
0.0191243	2.61799	128.143	127.863
0.0191243	2.72271	113.095	112.828
0.0191243	2.82743	98.7558	98.4975
0.0191243	2.93215	85.3402	85.0855
0.0191243	3.03687	72.9936	72.7144
0.0191243	3.14159	61.5422	61.2758
0.0197777	-3.14159	54.7902	54.6275
0.0197777	-3.03687	45.163	45.0137
0.0197777	-2.93215	36.7892	36.6497
0.0197777	-2.82743	29.6468	29.5126
0.0197777	-2.72271	23.6816	23.5405
0.0197777	-2.61799	18.8133	18.6659
0.0197777	-2.51327	14.9407	14.7851
0.0197777	-2.40855	11.9485	11.7835
0.0197777	-2.30383	9.71251	9.53762
0.0197777	-2.19911	8.09125	7.92174
0.0197777	-2.0944	6.94873	6.80605
0.0197777	-1.98968	6.19208	6.0398
0.0197777	-1.88496	5.72056	5.56104
0.0197777	-1.78024	5.45269	5.28886
0.0197777	-1.67552	5.33022	5.16541
0.0197777	-1.5708	5.32124	5.15916
0.0197777	-1.46608	5.42222	5.26752
0.0197777	-1.36136	5.605	5.48379
0.0197777	-1.25664	5.95757	5.8427
0.0197777	-1.15192	6.57634	6.47178
0.0197777	-1.0472	7.56548	7.47528
0.0197777	-0.942478	9.04898	8.97117
0.0197777	-0.837758	11.1611	11.0908
0.0197777	-0.733038	13.9886	13.9262
0.0197777	-0.628319	17.7141	17.6546
0.0197777	-0.523599	22.4806	22.4234
0.0197777	-0.418879	28.4032	28.3472
0.0197777	-0.314159	35.574	35.5173
0.0197777	-0.20944	44.0546	43.9948
0.0197777	-0.10472	53.8691	53.9942
0.0197777	1.11022e-16	64.9981	65.089
0.0197777	0.10472	77.3727	77.4141
0.0197777	0.20944	90.8554	90.748
0.0197777	0.314159	104.873	104.736
0.0197777	0.418879	119.552	119.395
0.0197777	0.523599	134.621	134.442
0.0197777	0.628319	149.754	149.551
0.0197777	0.733038	164.585	164.358
0.0197777	0.837758	178.724	178.472
0.0197777	0.942478	191.522	191.233
0.0197777	1.0472	202.667	202.36
0.0197777	1.15192	212.017	211.694
0.0197777	1.25664	219.248	218.825
0.0197777	1.36136	224.08	223.61
0.0197777	1.46608	226.391	225.894
0.0197777	1.5708	226.109	225.599
0.0197777	1.67552	223.229	222.636
0.0197777	1.78024	217.794	217.235
0.0197777	1.88496	210.096	209.592
0.0197777	1.98968	200.399	199.968
0.0197777	2.0944	189.025	188.623
0.0197777	2.19911	176.309	175.953
0.0197777	2.30383	162.4	162.083
0.0197777	2.40855	147.744	147.477
0.0197777	2.51327	132.902	132.665
0.0197777	2.61799	118.188	117.982
0.0197777	2.72271	103.901	103.724
0.0197777	2.82743	90.2906	90.1549
0.0197777	2.93215	77.5598	77.433
0.0197777	3.03687	65.6489	65.477
0.0197777	3.14159	54.7902	54.6275
0.0204311	-3.14159	49.5387	49.4579
0.0204311	-3.03687	40.4051	40.3341
0.0204311	-2.93215	32.4626	32.3966
0.0204311	-2.82743	25.6852	25.6233
0.0204311	-2.72271	20.0249	19.9617
0.0204311	-2.61799	15.4063	15.3396
0.0204311	-2.51327	11.7333	11.6614
0.0204311	-2.40855	8.84774	8.77441
0.0204311	-2.30383	6.67735	6.61615
0.0204311	-2.19911	5.12363	5.06314
0.0204311	-2.0944	4.05518	3.99451
0.0204311	-1.98968	3.3481	3.27966
0.0204311	-1.88496	2.90899	2.83503
0.0204311	-1.78024	2.6644	2.58744
0.0204311	-1.67552	2.55902	2.48199
0.0204311	-1.5708	2.52853	2.48857
0.0204311	-1.46608	2.55041	2.51131
0.0204311	-1.36136	2.6921	2.65655
0.0204311	-1.25664	3.00783	2.98031
0.0204311	-1.15192	3.57779	3.55454
0.0204311	-1.0472	4.5049	4.48899
0.0204311	-0.942478	5.89334	5.87793
0.0204311	-0.837758	7.84523	7.83412
0.0204311	-0.733038	10.5508	10.5446
0.0204311	-0.628319	14.1491	14.1478
0.0204311	-0.523599	18.7707	18.7735
0.0204311	-0.418879	24.5092	24.5101
0.0204311	-0.314159	31.3424	31.3432
0.0204311	-0.20944	39.4199	39.4182
0.0204311	-0.10472	48.7643	48.7572
0.0204311	1.11022e-16	59.3279	59.3411
0.0204311	0.10472	71.0754	71.1096
0.0204311	0.20944	83.8965	83.8494
0.0204311	0.314159	97.4272	97.3313
0.0204311	0.418879	111.379	111.263
0.0204311	0.523599	125.71	125.701
0.0204311	0.628319	140.11	140.033
0.0204311	0.733038	154.195	154.073
0.0204311	0.837758	167.612	167.451
0.0204311	0.942478	179.962	179.735
0.0204311	1.0472	190.519	190.274
0.0204311	1.15192	199.367	199.106
0.0204311	1.25664	206.206	205.928
0.0204311	1.36136	210.746	210.433
0.0204311	1.46608	212.902	212.561
0.0204311	1.5708	212.595	212.246
0.0204311	1.67552	209.844	209.489
0.0204311	1.78024	204.719	204.322
0.0204311	1.88496	197.377	197.028
0.0204311	1.98968	188.143	187.859
0.0204311	2.0944	177.364	177.115
0.0204311	2.19911	165.28	165.053
0.0204311	2.30383	151.947	151.714
0.0204311	2.40855	138.035	137.826
0.0204311	2.51327	123.929	123.747
0.0204311	2.61799	109.95	109.795
0.0204311	2.72271	96.3786	96.2516
0.0204311	2.82743	83.4537	83.3528
0.0204311	2.93215	71.2814	71.1566
0.0204311	3.03687	59.8491	59.7552
0.0204311	3.14159	49.5387	49.4579
0.0210845	-3.14159	45.7056	45.6328
0.0210845	-3.03687	37.0265	36.9718
0.0210845	-2.93215	29.4793	29.4449
0.0210845	-2.82743	23.0436	22.98
0.0210845	-2.72271	17.6351	17.4934
0.0210845	-2.61799	13.1303	13.0204
0.0210845	-2.51327	9.54223	9.46547
0.0210845	-2.40855	6.76602	6.71978
0.0210845	-2.30383	4.68928	4.66733
0.0210845	-2.19911	3.19772	3.19012
0.0210845	-2.0944	2.18084	2.17364
0.0210845	-1.98968	1.51871	1.51032
0.0210845	-1.88496	1.11565	1.10489
0.0210845	-1.78024	0.89488	0.883914
0.0210845	-1.67552	0.739553	0.736858
0.0210845	-1.5708	0.683661	0.685658
0.0210845	-1.46608	0.717304	0.720217
0.0210845	-1.36136	0.866133	0.871857
0.0210845	-1.25664	1.18158	1.19161
0.0210845	-1.15192	1.7398	1.75668
0.0210845	-1.0472	2.61429	2.63872
0.0210845	-0.942478	3.90661	3.92285
0.0210845	-0.837758	5.78359	5.80502
0.0210845	-0.733038	8.37809	8.40524
0.0210845	-0.628319	11.822	11.8552
0.0210845	-0.523599	16.2397	16.2777
0.0210845	-0.418879	21.7403	21.7737
0.0210845	-0.314159	28.4117	28.4164
0.0210845	-0.20944	36.1404	36.1901
0.0210845	-0.10472	45.0058	45.0891
0.0210845	1.11022e-16	55.0616	55.1393
0.0210845	0.10472	66.2457	66.2506
0.0210845	0.20944	78.4479	78.3747
0.0210845	0.314159	91.5073	91.3604
0.0210845	0.418879	104.779	104.686
0.0210845	0.523599	118.399	118.395
0.0210845	0.628319	132.079	132.013
0.0210845	0.733038	145.491	145.347
0.0210845	0.837758	158.253	158.047
0.0210845	0.942478	169.991	169.754
0.0210845	1.0472	180.182	179.972
0.0210845	1.15192	188.558	188.331
0.0210845	1.25664	195.033	194.793
0.0210845	1.36136	199.352	199.105
0.0210845	1.46608	201.343	201.087
0.0210845	1.5708	201.007	200.748
0.0210845	1.67552	198.365	198.108
0.0210845	1.78024	193.517	193.249
0.0210845	1.88496	186.535	186.286
0.0210845	1.98968	177.781	177.545
0.0210845	2.0944	167.531	167.314
0.0210845	2.19911	155.816	155.606
0.0210845	2.30383	143.144	142.932
0.0210845	2.40855	129.95	129.755
0.0210845	2.51327	116.55	116.402
0.0210845	2.61799	103.273	103.176
0.0210845	2.72271	90.4067	90.3129
0.0210845	2.82743	78.1092	77.9658
0.0210845	2.93215	66.3171	66.2072
0.0210845	3.03687	55.498	55.3908
0.0210845	3.14159	45.7056	45.6328
0.0217379	-3.14159	43.1926	43.0481
0.0217379	-3.03687	34.9402	34.8372
0.0217379	-2.93215	27.764	27.5589
0.0217379	-2.82743	21.496	21.3044
0.0217379	-2.72271	16.2507	16.0858
0.0217379	-2.61799	11.9619	11.8299
0.0217379	-2.51327	8.54083	8.44591
0.0217379	-2.40855	5.88893	5.83083
0.0217379	-2.30383	3.89989	3.8747
0.0217379	-2.19911	2.4658	2.46578
0.0217379	-2.0944	1.48224	1.49585
0.0217379	-1.98968	0.852478	0.865417
0.0217379	-1.88496	0.475439	0.470199
0.0217379	-1.78024	0.242085	0.2044
0.0217379	-1.67552	0.0569623	0.0615279
0.0217379	-1.5708	0	0.0155386
0.0217379	-1.46608	0.0459534	0.0626925
0.0217379	-1.36136	0.20393	0.22432
0.0217379	-1.25664	0.523051	0.546705
0.0217379	-1.15192	1.0316	1.0447
0.0217379	-1.0472	1.85269	1.88112
0.0217379	-0.942478	3.10556	3.13145
0.0217379	-0.837758	4.91567	4.94756
0.0217379	-0.733038	7.40929	7.44763
0.0217379	-0.628319	10.7116	10.7431
0.0217379	-0.523599	14.9406	14.9383
0.0217379	-0.418879	20.1771	20.1677
0.0217379	-0.314159	26.5026	26.5116
0.0217379	-0.20944	34.0006	33.9512
0.0217379	-0.10472	42.5448	42.5706
0.0217379	1.11022e-16	52.1274	52.1679
0.0217379	0.10472	62.7807	62.7527
0.0217379	0.20944	74.3993	74.2984
0.0217379	0.314159	86.8296	86.6508
0.0217379	0.418879	99.6514	99.5894
0.0217379	0.523599	112.599	112.599
0.0217379	0.628319	125.599	125.552
0.0217379	0.733038	138.339	138.231
0.0217379	0.837758	150.483	150.294
0.0217379	0.942478	161.668	161.407
0.0217379	1.0472	171.516	171.239
0.0217379	1.15192	179.471	179.254
0.0217379	1.25664	185.59	185.36
0.0217379	1.36136	189.697	189.457
0.0217379	1.46608	191.595	191.354
0.0217379	1.5708	191.239	190.993
0.0217379	1.67552	188.692	188.447
0.0217379	1.78024	184.052	183.812
0.0217379	1.88496	177.483	177.249
0.0217379	1.98968	169.137	168.914
0.0217379	2.0944	159.244	159.053
0.0217379	2.19911	148.002	147.837
0.0217379	2.30383	135.939	135.777
0.0217379	2.40855	123.376	123.242
0.0217379	2.51327	110.628	110.546
0.0217379	2.61799	98.0267	97.9721
0.0217379	2.72271	85.8165	85.7714
0.0217379	2.82743	73.9285	73.7918
0.0217379	2.93215	62.7326	62.5947
0.0217379	3.03687	52.46	52.318
0.0217379	3.14159	43.1926	43.0481
0.0223914	-3.14159	41.8872	41.6825
0.0223914	-3.03687	33.9476	33.7206
0.0223914	-2.93215	26.9903	26.735
0.0223914	-2.82743	21.0163	20.7816
0.0223914	-2.72271	16.0185	15.8125
0.0223914	-2.61799	11.9285	11.758
0.0223914	-2.51327	8.62561	8.48302
0.0223914	-2.40855	6.0556	5.95763
0.0223914	-2.30383	4.13651	4.08039
0.0223914	-2.19911	2.7423	2.72398
0.0223914	-2.0944	1.80056	1.77705
0.0223914	-1.98968	1.21502	1.14644
0.0223914	-1.88496	0.867848	0.749078
0.0223914	-1.78024	0.584634	0.514968
0.0223914	-1.67552	0.411764	0.394861
0.0223914	-1.5708	0.353522	0.363064
0.0223914	-1.46608	0.401158	0.418375
0.0223914	-1.36136	0.546184	0.508977
0.0223914	-1.25664	0.78217	0.753418
0.0223914	-1.15192	1.22232	1.21768
0.0223914	-1.0472	2.0154	2.01314
0.0223914	-0.942478	3.21824	3.24245
0.0223914	-0.837758	4.98521	4.95811
0.0223914	-0.733038	7.39424	7.34414
0.0223914	-0.628319	10.5769	10.5293
0.0223914	-0.523599	14.7036	14.6352
0.0223914	-0.418879	19.7144	19.713
0.0223914	-0.314159	25.7615	25.7474
0.0223914	-0.20944	32.9236	32.8399
0.0223914	-0.10472	41.2222	41.0664
0.0223914	1.11022e-16	50.432	50.4091
0.0223914	0.10472	60.5856	60.5166
0.0223914	0.20944	71.6541	71.5159
0.0223914	0.314159	83.477	83.2791
0.0223914	0.418879	95.8574	95.6134
0.0223914	0.523599	108.203	108.162
0.0223914	0.628319	120.561	120.478
0.0223914	0.733038	132.666	132.545
0.0223914	0.837758	144.199	144.026
0.0223914	0.942478	154.832	154.577
0.0223914	1.0472	164.197	163.904
0.0223914	1.15192	171.977	171.714
0.0223914	1.25664	177.76	177.605
0.0223914	1.36136	181.628	181.466
0.0223914	1.46608	183.451	183.286
0.0223914	1.5708	183.109	182.942
0.0223914	1.67552	180.651	180.485
0.0223914	1.78024	176.206	176.046
0.0223914	1.88496	169.932	169.784
0.0223914	1.98968	161.918	161.701
0.0223914	2.0944	152.349	152.158
0.0223914	2.19911	141.715	141.535
0.0223914	2.30383	130.226	130.079
0.0223914	2.40855	118.253	118.153
0.0223914	2.51327	106.147	106.077
0.0223914	2.61799	94.1818	94.12
0.0223914	2.72271	82.4783	82.3252
0.0223914	2.82743	71.0858	70.9227
0.0223914	2.93215	60.4513	60.2733
0.0223914	3.03687	50.6925	50.4993
0.0223914	3.14159	41.8872	41.6825
0.0230448	-3.14159	41.6587	41.3274
0.0230448	-3.03687	34.0027	33.6706
0.0230448	-2.93215	27.3393	27.0171
0.0230448	-2.82743	21.6223	21.303
0.0230448	-2.72271	16.7107	16.4472
0.0230448	-2.61799	12.4722	12.2917
0.0230448	-2.51327	9.10968	8.97228
0.0230448	-2.40855	6.4617	6.4041
0.0230448	-2.30383	4.48739	4.46087
0.0230448	-2.19911	3.09038	3.08779
0.0230448	-2.0944	2.15618	2.16582
0.0230448	-1.98968	1.57956	1.58654
0.0230448	-1.88496	1.24949	1.25481
0.0230448	-1.78024	1.0808	1.04134
0.0230448	-1.67552	0.913836	0.913646
0.0230448	-1.5708	0.849266	0.862223
0.0230448	-1.46608	0.869462	0.883227
0.0230448	-1.36136	0.981506	0.998346
0.0230448	-1.25664	1.23886	1.26085
0.0230448	-1.15192	1.71181	1.7248
0.0230448	-1.0472	2.46259	2.49054
0.0230448	-0.942478	3.65726	3.68238
0.0230448	-0.837758	5.42816	5.43241
0.0230448	-0.733038	7.85544	7.81281
0.0230448	-0.628319	11.0696	11.0223
0.0230448	-0.523599	15.1973	15.1363
0.0230448	-0.418879	20.1974	20.0743
0.0230448	-0.314159	26.126	25.9507
0.0230448	-0.20944	32.9732	32.8542
0.0230448	-0.10472	40.8654	40.7114
0.0230448	1.11022e-16	49.8019	49.6296
0.0230448	0.10472	59.5741	59.4769
0.0230448	0.20944	70.0872	69.9611
0.0230448	0.314159	81.331	81.1684
0.0230448	0.418879	93.1208	92.9149
0.0230448	0.523599	105.129	104.975
0.0230448	0.628319	116.88	116.762
0.0230448	0.733038	128.386	128.234
0.0230448	0.837758	139.341	139.162
0.0230448	0.942478	149.435	149.205
0.0230448	1.0472	158.288	158.055
0.0230448	1.15192	165.703	165.458
0.0230448	1.25664	171.443	171.175
0.0230448	1.36136	175.085	174.939
0.0230448	1.46608	176.783	176.63
0.0230448	1.5708	176.468	176.325
0.0230448	1.67552	174.139	173.988
0.0230448	1.78024	169.878	169.732
0.0230448	1.88496	163.835	163.619
0.0230448	1.98968	156.011	155.83
0.0230448	2.0944	146.913	146.734
0.0230448	2.19911	136.822	136.616
0.0230448	2.30383	125.904	125.773
0.0230448	2.40855	114.519	114.437
0.0230448	2.51327	103.019	102.946
0.0230448	2.61799	91.6551	91.5491
0.0230448	2.72271	80.3274	80.1496
0.0230448	2.82743	69.502	69.2991
0.0230448	2.93215	59.3961	59.1658
0.0230448	3.03687	50.1209	49.8647
0.0230448	3.14159	41.6587	41.3274
0.0236982	-3.14159	42.3965	41.9474
0.0236982	-3.03687	35.1058	34.6526
0.0236982	-2.93215	28.6278	28.1285
0.0236982	-2.82743	22.7073	22.4094
0.0236982	-2.72271	17.6706	17.4479
0.0236982	-2.61799	13.4499	13.2954
0.0236982	-2.51327	10.1094	9.99061
0.0236982	-2.40855	7.54328	7.46252
0.0236982	-2.30383	5.63995	5.59604
0.0236982	-2.19911	4.28799	4.27452
0.0236982	-2.0944	3.37813	3.38485
0.0236982	-1.98968	2.81219	2.82778
0.0236982	-1.88496	2.5016	2.4697
0.0236982	-1.78024	2.30474	2.24255
0.0236982	-1.67552	2.13119	2.11772
0.0236982	-1.5708	2.05919	2.07146
0.0236982	-1.46608	2.08917	2.10578
0.0236982	-1.36136	2.21567	2.23571
0.0236982	-1.25664	2.48431	2.47725
0.0236982	-1.15192	2.88847	2.90252
0.0236982	-1.0472	3.62872	3.65464
0.0236982	-0.942478	4.79613	4.8245
0.0236982	-0.837758	6.51946	6.55387
0.0236982	-0.733038	8.93002	8.97136
0.0236982	-0.628319	12.1592	12.1744
0.0236982	-0.523599	16.2247	16.1922
0.0236982	-0.418879	21.2522	21.1649
0.0236982	-0.314159	27.2655	27.0123
0.0236982	-0.20944	33.9729	33.7624
0.0236982	-0.10472	41.5856	41.4438
0.0236982	1.11022e-16	50.1141	49.9621
0.0236982	0.10472	59.6094	59.4343
0.0236982	0.20944	69.6716	69.5668
0.0236982	0.314159	80.3865	80.2493
0.0236982	0.418879	91.6186	91.4408
0.0236982	0.523599	103.153	102.926
0.0236982	0.628319	114.47	114.328
0.0236982	0.733038	125.42	125.238
0.0236982	0.837758	135.829	135.625
0.0236982	0.942478	145.382	145.198
0.0236982	1.0472	153.792	153.607
0.0236982	1.15192	160.838	160.627
0.0236982	1.25664	166.295	166.039
0.0236982	1.36136	169.983	169.665
0.0236982	1.46608	171.561	171.388
0.0236982	1.5708	171.226	171.047
0.0236982	1.67552	169.003	168.758
0.0236982	1.78024	164.925	164.621
0.0236982	1.88496	158.975	158.79
0.0236982	1.98968	151.53	151.369
0.0236982	2.0944	142.878	142.696
0.0236982	2.19911	133.288	133.056
0.0236982	2.30383	122.916	122.73
0.0236982	2.40855	112.095	111.999
0.0236982	2.51327	101.167	101.079
0.0236982	2.61799	90.2275	89.9535
0.0236982	2.72271	79.3962	79.14
0.0236982	2.82743	69.106	68.8513
0.0236982	2.93215	59.499	59.2044
0.0236982	3.03687	50.622	50.1644
0.0236982	3.14159	42.3965	41.9474
0.0243516	-3.14159	44.1873	43.5428
0.0243516	-3.03687	36.9719	36.345
0.0243516	-2.93215	30.2331	29.7944
0.0243516	-2.82743	24.3141	24.0549
0.0243516	-2.72271	19.3387	19.1058
0.0243516	-2.61799	15.2908	15.0921
0.0243516	-2.51327	12.0813	11.9224
0.0243516	-2.40855	9.61083	9.49402
0.0243516	-2.30383	7.77327	7.69766
0.0243516	-2.19911	6.46193	6.42095
0.0243516	-2.0944	5.55148	5.56017
0.0243516	-1.98968	5.00787	4.99139
0.0243516	-1.88496	4.70468	4.61655
0.0243516	-1.78024	4.49244	4.39472
0.0243516	-1.67552	4.31454	4.27642
0.0243516	-1.5708	4.23833	4.23993
0.0243516	-1.46608	4.27067	4.28782
0.0243516	-1.36136	4.41312	4.41593
0.0243516	-1.25664	4.65415	4.619
0.0243516	-1.15192	5.03696	5.04478
0.0243516	-1.0472	5.76177	5.78493
0.0243516	-0.942478	6.90843	6.93834
0.0243516	-0.837758	8.58559	8.62361
0.0243516	-0.733038	10.9212	10.9289
0.0243516	-0.628319	13.9926	14.0002
0.0243516	-0.523599	17.9779	17.9812
0.0243516	-0.418879	22.9632	22.9393
0.0243516	-0.314159	28.8852	28.7094
0.0243516	-0.20944	35.7073	35.4792
0.0243516	-0.10472	43.2276	43.0304
0.0243516	1.11022e-16	51.4893	51.3498
0.0243516	0.10472	60.553	60.3969
0.0243516	0.20944	70.3642	70.2572
0.0243516	0.314159	80.5798	80.4596
0.0243516	0.418879	91.285	91.1257
0.0243516	0.523599	102.275	102.066
0.0243516	0.628319	113.245	113.043
0.0243516	0.733038	123.679	123.485
0.0243516	0.837758	133.59	133.362
0.0243516	0.942478	142.641	142.464
0.0243516	1.0472	150.635	150.485
0.0243516	1.15192	157.328	157.142
0.0243516	1.25664	162.511	162.266
0.0243516	1.36136	166.019	165.689
0.0243516	1.46608	167.546	167.299
0.0243516	1.5708	167.196	167.001
0.0243516	1.67552	165.034	164.794
0.0243516	1.78024	161.15	160.83
0.0243516	1.88496	155.482	155.257
0.0243516	1.98968	148.396	148.242
0.0243516	2.0944	140.167	139.97
0.0243516	2.19911	131.05	130.781
0.0243516	2.30383	121.197	120.944
0.0243516	2.40855	110.909	110.725
0.0243516	2.51327	100.524	100.157
0.0243516	2.61799	89.9181	89.533
0.0243516	2.72271	79.6195	79.2354
0.0243516	2.82743	69.8344	69.4408
0.0243516	2.93215	60.6968	60.1055
0.0243516	3.03687	52.0212	51.4165
0.0243516	3.14159	44.1873	43.5428
0.025005	-3.14159	46.6177	45.8641
0.025005	-3.03687	39.1968	38.5975
0.025005	-2.93215	32.4767	32.1346
0.025005	-2.82743	26.7538	26.4279
0.025005	-2.72271	21.9836	21.685
0.025005	-2.61799	18.0967	17.8346
0.025005	-2.51327	14.9162	14.7622
0.025005	-2.40855	12.4363	12.3116
0.025005	-2.30383	10.5891	10.5004
0.025005	-2.19911	9.26733	9.22599
0.025005	-2.0944	8.36786	8.36025
0.025005	-1.98968	7.8174	7.83695
0.025005	-1.88496	7.52918	7.50317
0.025005	-1.78024	7.37596	7.28266
0.025005	-1.67552	7.18724	7.14805
0.025005	-1.5708	7.09954	7.11813
0.025005	-1.46608	7.15701	7.17439
0.025005	-1.36136	7.30608	7.32436
0.025005	-1.25664	7.59439	7.57391
0.025005	-1.15192	7.98787	7.99578
0.025005	-1.0472	8.72221	8.74091
0.025005	-0.942478	9.87765	9.89989
0.025005	-0.837758	11.5638	11.5915
0.025005	-0.733038	13.8236	13.807
0.025005	-0.628319	16.7603	16.7742
0.025005	-0.523599	20.5901	20.6115
0.025005	-0.418879	25.396	25.416
0.025005	-0.314159	31.2311	31.2144
0.025005	-0.20944	38.0024	37.8039
0.025005	-0.10472	45.5945	45.3826
0.025005	1.11022e-16	53.7861	53.5833
0.025005	0.10472	62.5315	62.3861
0.025005	0.20944	71.9727	71.7703
0.025005	0.314159	81.854	81.7416
0.025005	0.418879	92.0606	91.9119
0.025005	0.523599	102.536	102.338
0.025005	0.628319	113.054	112.852
0.025005	0.733038	123.115	122.914
0.025005	0.837758	132.538	132.306
0.025005	0.942478	141.145	140.951
0.025005	1.0472	148.744	148.589
0.025005	1.15192	155.106	154.933
0.025005	1.25664	160.029	159.784
0.025005	1.36136	163.36	163.014
0.025005	1.46608	164.793	164.519
0.025005	1.5708	164.447	164.254
0.025005	1.67552	162.381	162.134
0.025005	1.78024	158.682	158.336
0.025005	1.88496	153.283	153.006
0.025005	1.98968	146.537	146.335
0.025005	2.0944	138.708	138.485
0.025005	2.19911	130.041	129.724
0.025005	2.30383	120.679	120.35
0.025005	2.40855	110.897	110.584
0.025005	2.51327	100.857	100.35
0.025005	2.61799	90.7329	90.2273
0.025005	2.72271	80.9364	80.4171
0.025005	2.82743	71.6275	71.0019
0.025005	2.93215	62.7151	61.9697
0.025005	3.03687	54.4425	53.6585
0.025005	3.14159	46.6177	45.8641
0.0256584	-3.14159	49.4804	48.7325
0.0256584	-3.03687	42.0627	41.6265
0.0256584	-2.93215	35.6234	35.2044
0.0256584	-2.82743	30.1384	29.7387
0.0256584	-2.72271	25.4206	25.1823
0.0256584	-2.61799	21.5551	21.3034
0.0256584	-2.51327	18.4539	18.231
0.0256584	-2.40855	16.056	15.8674
0.0256584	-2.30383	14.2629	14.1208
0.0256584	-2.19911	12.9732	12.8912
0.0256584	-2.0944	12.0872	12.052
0.0256584	-1.98968	11.5174	11.537
0.0256584	-1.88496	11.2431	11.147
0.0256584	-1.78024	11.0772	10.9274
0.0256584	-1.67552	10.8827	10.813
0.0256584	-1.5708	10.7902	10.7882
0.0256584	-1.46608	10.8416	10.8594
0.0256584	-1.36136	11.0068	11.0098
0.0256584	-1.25664	11.2879	11.2219
0.0256584	-1.15192	11.6544	11.6639
0.0256584	-1.0472	12.3709	12.3905
0.0256584	-0.942478	13.5113	13.5348
0.0256584	-0.837758	15.1618	15.1909
0.0256584	-0.733038	17.4414	17.4772
0.0256584	-0.628319	20.4362	20.4513
0.0256584	-0.523599	24.1265	24.1578
0.0256584	-0.418879	28.7559	28.7866
0.0256584	-0.314159	34.3722	34.3554
0.0256584	-0.20944	41.0357	40.9507
0.0256584	-0.10472	48.5036	48.3221
0.0256584	1.11022e-16	56.7721	56.5256
0.0256584	0.10472	65.4692	65.1699
0.0256584	0.20944	74.5136	74.2809
0.0256584	0.314159	84.1549	83.8552
0.0256584	0.418879	93.8926	93.7449
0.0256584	0.523599	103.881	103.685
0.0256584	0.628319	113.906	113.645
0.0256584	0.733038	123.683	123.386
0.0256584	0.837758	132.644	132.398
0.0256584	0.942478	140.831	140.616
0.0256584	1.0472	148.057	147.872
0.0256584	1.15192	154.104	153.937
0.0256584	1.25664	158.782	158.531
0.0256584	1.36136	161.946	161.578
0.0256584	1.46608	163.293	162.982
0.0256584	1.5708	162.952	162.702
0.0256584	1.67552	160.978	160.714
0.0256584	1.78024	157.454	157.07
0.0256584	1.88496	152.312	151.973
0.0256584	1.98968	145.889	145.603
0.0256584	2.0944	138.441	138.167
0.0256584	2.19911	130.199	129.823
0.0256584	2.30383	121.304	120.887
0.0256584	2.40855	111.999	111.385
0.0256584	2.51327	102.247	101.629
0.0256584	2.61799	92.6138	91.9805
0.0256584	2.72271	83.2918	82.6304
0.0256584	2.82743	74.3087	73.4379
0.0256584	2.93215	65.7195	64.8234
0.0256584	3.03687	57.5012	56.5943
0.0256584	3.14159	49.4804	48.7325
