#x	y	new0	0_E	0_M
0.0178175	0.426	163.279	40.0778	82.6519
0.0178175	0.4345	127.762	37.44	59.5786
0.0178175	0.443	98.857	34.9146	41.4448
0.0178175	0.4515	76.4464	32.8045	28.1745
0.0178175	0.46	59.8667	30.7385	19.3103
0.0178175	0.4685	48.1999	29.006	13.9265
0.0178175	0.477	40.4281	27.6101	11.1282
0.0178175	0.4855	35.2801	26.1528	10.0467
0.0178175	0.494	31.758	25.4754	9.87966
0.0178175	0.5025	29.0985	23.8918	9.97302
0.0178175	0.511	26.5589	22.3848	10.006
0.0178175	0.5195	24.1579	20.5949	9.9185
0.0178175	0.528	22.1476	18.992	9.87647
0.0178175	0.5365	21.1454	17.5766	10.3671
0.0178175	0.545	21.9995	16.3168	12.1117
0.0178175	0.5535	25.8301	15.1706	15.9581
0.0178175	0.562	34.0855	14.1685	22.7849
0.0178175	0.5705	46.3954	13.2975	33.57
0.0178175	0.579	64.7251	12.5394	49.0001
0.0184709	0.426	151.66	32.4445	80.6301
0.0184709	0.4345	117.187	30.1636	57.4019
0.0184709	0.443	87.9934	28.4463	39.1076
0.0184709	0.4515	65.99	26.2283	25.6719
0.0184709	0.46	49.7947	24.8572	16.6671
0.0184709	0.4685	38.5615	23.3254	11.1748
0.0184709	0.477	31.17	21.878	8.29432
0.0184709	0.4855	26.3861	21.2049	7.16341
0.0184709	0.494	23.3021	19.201	6.97401
0.0184709	0.5025	20.9704	17.373	7.06474
0.0184709	0.511	18.8427	15.737	7.10241
0.0184709	0.5195	16.868	14.2909	7.01825
0.0184709	0.528	15.1318	13.0114	6.96816
0.0184709	0.5365	14.4177	11.8895	7.42183
0.0184709	0.545	15.5171	10.8812	9.09436
0.0184709	0.5535	19.739	10.0161	12.8282
0.0184709	0.562	27.2965	9.28078	19.499
0.0184709	0.5705	39.9839	8.66064	30.0803
0.0184709	0.579	58.1328	8.16646	45.2722
0.0191243	0.426	142.312	26.1347	79.1193
0.0191243	0.4345	109.278	24.4247	55.7363
0.0191243	0.443	78.8066	22.4113	37.2819
0.0191243	0.4515	57.1197	20.8964	23.6831
0.0191243	0.46	41.3076	19.7387	14.5346
0.0191243	0.4685	30.4538	18.5909	8.93255
0.0191243	0.477	23.3988	16.772	5.96878
0.0191243	0.4855	19.0191	14.9066	4.78712
0.0191243	0.494	16.3245	13.2405	4.5742
0.0191243	0.5025	14.347	11.7413	4.66167
0.0191243	0.511	12.6167	10.4196	4.70384
0.0191243	0.5195	10.952	9.26524	4.62356
0.0191243	0.528	9.58105	8.26996	4.56538
0.0191243	0.5365	9.10242	7.39255	4.9841
0.0191243	0.545	10.3883	6.65578	6.58622
0.0191243	0.5535	14.5609	6.04783	10.2093
0.0191243	0.562	22.3071	5.5567	16.7302
0.0191243	0.5705	34.9114	5.19003	27.1056
0.0191243	0.579	52.9618	4.93162	42.0605
0.0197777	0.426	133.158	21.0026	78.1194
0.0197777	0.4345	100.238	19.3762	54.5822
0.0197777	0.443	72.0385	17.9445	35.9682
0.0197777	0.4515	49.7503	16.7234	22.2054
0.0197777	0.46	34.3035	15.1625	12.9122
0.0197777	0.4685	23.7472	13.1889	7.1993
0.0197777	0.477	17.0322	11.4537	4.15156
0.0197777	0.4855	13.0841	9.92034	2.91791
0.0197777	0.494	10.7044	8.53362	2.68027
0.0197777	0.5025	9.1275	7.32571	2.76382
0.0197777	0.511	7.78185	6.2873	2.81038
0.0197777	0.5195	6.46901	5.40989	2.73436
0.0197777	0.528	5.40016	4.65496	2.66873
0.0197777	0.5365	5.15916	4.0394	3.05382
0.0197777	0.545	6.68986	3.54958	4.58722
0.0197777	0.5535	10.7381	3.17985	8.10153
0.0197777	0.562	18.6187	2.92833	14.4744
0.0197777	0.5705	31.1705	2.79184	24.645
0.0197777	0.579	48.9383	2.76871	39.3651
0.0204311	0.426	125.724	17.0361	77.6305
0.0204311	0.4345	92.26	15.8945	53.9396
0.0204311	0.443	65.877	14.3705	35.1607
0.0204311	0.4515	43.8516	12.2602	21.2392
0.0204311	0.46	28.6691	10.4015	11.8004
0.0204311	0.4685	18.407	8.7728	5.9749
0.0204311	0.477	12.0609	7.34596	2.8425
0.0204311	0.4855	8.41825	6.06859	1.55536
0.0204311	0.494	6.41266	4.97221	1.29166
0.0204311	0.5025	5.22257	4.03445	1.37112
0.0204311	0.511	4.22151	3.26624	1.422
0.0204311	0.5195	3.23837	2.62577	1.35016
0.0204311	0.528	2.48881	2.12351	1.27824
0.0204311	0.5365	2.48199	1.74421	1.63088
0.0204311	0.545	4.07355	1.48766	3.09727
0.0204311	0.5535	8.29344	1.34523	6.50466
0.0204311	0.562	16.1808	1.32234	12.7219
0.0204311	0.5705	28.4568	1.41194	22.6992
0.0204311	0.579	46.0495	1.6082	37.1859
0.0210845	0.426	119.958	14.4342	77.6527
0.0210845	0.4345	86.5961	12.1403	53.8085
0.0210845	0.443	60.0014	10.1239	34.8662
0.0210845	0.4515	40.0437	8.35815	20.7844
0.0210845	0.46	24.2822	6.81604	11.1986
0.0210845	0.4685	14.3601	5.47906	5.26001
0.0210845	0.477	8.35279	4.3089	2.04167
0.0210845	0.4855	5.01155	3.30175	0.699128
0.0210845	0.494	3.36906	2.46939	0.408592
0.0210845	0.5025	2.54349	1.80225	0.483389
0.0210845	0.511	1.81874	1.26864	0.538697
0.0210845	0.5195	1.15864	0.867868	0.470788
0.0210845	0.528	0.685658	0.596084	0.39386
0.0210845	0.5365	0.924402	0.442068	0.715303
0.0210845	0.545	2.71693	0.405364	2.11631
0.0210845	0.5535	6.96345	0.488023	5.41864
0.0210845	0.562	14.7019	0.683883	11.4879
0.0210845	0.5705	26.814	0.986684	21.2665
0.0210845	0.579	44.023	1.39039	35.5227
0.021738	0.426	115.499	10.6446	78.186
0.021738	0.4345	82.4935	8.70689	54.1889
0.021738	0.443	55.9317	7.0176	35.0903
0.021738	0.4515	35.7768	5.55116	20.84
0.021738	0.46	21.6579	4.29454	11.1074
0.021738	0.4685	11.5334	3.2232	5.05467
0.021738	0.477	5.77918	2.30258	1.74876
0.021738	0.4855	2.77532	1.56059	0.349695
0.021738	0.494	1.50009	0.986486	0.0312632
0.021738	0.5025	0.915483	0.552452	0.100993
0.021738	0.511	0.56834	0.248438	0.160476
0.021738	0.5195	0.222243	0.074694	0.0968211
0.021738	0.528	0.0155386	0.0155386	0.0155386
0.021738	0.5365	0.456073	0.0779816	0.307014
0.021738	0.545	2.3509	0.260655	1.64425
0.021738	0.5535	6.66591	0.556378	4.84341
0.021738	0.562	14.3797	0.959158	10.7676
0.021738	0.5705	26.4091	1.46223	20.3478
0.021738	0.579	43.4698	2.05848	34.3756
0.0223914	0.426	112.28	7.98344	79.2302
0.0223914	0.4345	79.6045	6.36322	55.0807
0.0223914	0.443	53.3531	4.95034	35.8139
0.0223914	0.4515	33.3671	3.76448	21.4082
0.0223914	0.46	19.1356	2.78119	11.5264
0.0223914	0.4685	9.9831	1.94088	5.3586
0.0223914	0.477	4.34098	1.28104	1.96429
0.0223914	0.4855	1.6733	0.79218	0.507469
0.0223914	0.494	0.654873	0.450731	0.159614
0.0223914	0.5025	0.419057	0.236234	0.22396
0.0223914	0.511	0.406222	0.153748	0.287327
0.0223914	0.5195	0.363064	0.183625	0.228227
0.0223914	0.528	0.418956	0.338221	0.143214
0.0223914	0.5365	1.06159	0.61342	0.405955
0.0223914	0.545	3.0918	1.00249	1.68104
0.0223914	0.5535	7.4494	1.49895	4.77888
0.0223914	0.562	15.1232	2.09476	10.5599
0.0223914	0.5705	27.0579	2.7828	19.9443
0.0223914	0.579	43.9654	3.56114	33.7447
0.0230448	0.426	110.262	6.33621	80.7854
0.0230448	0.4345	77.8691	4.99051	56.484
0.0230448	0.443	51.9177	3.866	37.0547
0.0230448	0.4515	32.2112	2.9628	22.487
0.0230448	0.46	18.2601	2.19698	12.4558
0.0230448	0.4685	9.16153	1.60777	6.17137
0.0230448	0.477	3.97868	1.19642	2.68779
0.0230448	0.4855	1.61708	0.940828	1.1725
0.0230448	0.494	0.862223	0.808789	0.794368
0.0230448	0.5025	0.963056	0.808914	0.852311
0.0230448	0.511	1.27331	0.919528	0.91925
0.0230448	0.5195	1.53141	1.15989	0.864976
0.0230448	0.528	1.84226	1.5226	0.776825
0.0230448	0.5365	2.67456	1.99976	1.01207
0.0230448	0.545	4.82741	2.58406	2.22659
0.0230448	0.5535	9.2345	3.269	5.22497
0.0230448	0.562	16.9188	4.047	10.8645
0.0230448	0.5705	28.7037	4.91533	20.055
0.0230448	0.579	45.4536	5.86864	33.6334
0.0236982	0.426	109.262	5.65217	82.8516
0.0236982	0.4345	77.2403	4.58094	58.3987
0.0236982	0.443	51.5945	3.72003	38.8088
0.0236982	0.4515	32.1287	3.0411	24.0776
0.0236982	0.46	18.4111	2.52124	13.8997
0.0236982	0.4685	9.55194	2.17978	7.49378
0.0236982	0.477	4.64969	2.00347	3.91995
0.0236982	0.4855	2.49213	1.94646	2.34482
0.0236982	0.494	2.07146	2.01454	1.93523
0.0236982	0.5025	2.49996	2.20835	1.98607
0.0236982	0.511	3.09034	2.52925	2.05624
0.0236982	0.5195	3.63607	2.97322	2.00704
0.0236982	0.528	4.23253	3.5325	1.91633
0.0236982	0.5365	5.25006	4.20093	2.12484
0.0236982	0.545	7.51487	4.9705	3.28082
0.0236982	0.5535	11.9588	5.83366	6.1816
0.0236982	0.562	19.6136	6.78735	11.6815
0.0236982	0.5705	31.3904	7.82606	20.6806
0.0236982	0.579	47.8824	8.94459	34.0416
0.0243516	0.426	109.332	5.89685	85.4288
0.0243516	0.4345	77.6189	5.07729	60.8249
0.0243516	0.443	52.231	4.46751	41.0744
0.0243516	0.4515	33.0251	4.00498	26.181
0.0243516	0.46	19.5028	3.72575	15.8509
0.0243516	0.4685	10.9143	3.61433	9.32589
0.0243516	0.477	6.25854	3.63115	5.66
0.0243516	0.4855	4.33846	3.76114	4.02415
0.0243516	0.494	4.23993	4.03337	3.58169
0.0243516	0.5025	4.97373	4.43003	3.62526
0.0243516	0.511	5.8357	4.94976	3.6983
0.0243516	0.5195	6.65362	5.5871	3.6544
0.0243516	0.528	7.50636	6.3347	3.56103
0.0243516	0.5365	8.74242	7.18417	3.74463
0.0243516	0.545	11.0997	8.1279	4.84368
0.0243516	0.5535	15.5971	9.16257	7.6487
0.0243516	0.562	23.208	10.2825	13.0108
0.0243516	0.5705	34.8104	11.4822	21.822
0.0243516	0.579	51.1862	12.7568	34.9708
0.025005	0.426	110.184	7.0065	88.5169
0.025005	0.4345	78.9824	6.44662	63.7625
0.025005	0.443	53.8364	6.04517	43.8516
0.025005	0.4515	34.864	5.82052	28.7934
0.025005	0.46	21.5834	5.76449	18.3115
0.025005	0.4685	13.1822	5.84459	11.6677
0.025005	0.477	8.71107	6.03879	7.90866
0.025005	0.4855	7.11813	6.37808	6.21012
0.025005	0.494	7.32614	6.84919	5.73431
0.025005	0.5025	8.32446	7.44016	5.76991
0.025005	0.511	9.47231	8.15042	5.84543
0.025005	0.5195	10.5549	8.97234	5.80641
0.025005	0.528	11.6336	9.89714	5.71097
0.025005	0.5365	13.0963	10.917	5.8714
0.025005	0.545	15.5608	12.0285	6.91507
0.025005	0.5535	20.0867	13.2256	9.62618
0.025005	0.562	27.6497	14.5027	14.8523
0.025005	0.5705	39.2314	15.8547	23.4764
0.025005	0.579	55.255	17.2766	36.3853
0.0256584	0.426	111.954	8.97376	92.116
0.0256584	0.4345	81.1005	8.63036	67.2116
0.0256584	0.443	56.1973	8.45119	47.1402
0.0256584	0.4515	37.468	8.44501	31.9184
0.0256584	0.46	24.4788	8.57471	21.2824
0.0256584	0.4685	16.2836	8.83595	14.5193
0.0256584	0.477	12.1132	9.23629	10.6661
0.0256584	0.4855	10.7882	9.77517	8.90352
0.0256584	0.494	11.2918	10.4331	8.39285
0.0256584	0.5025	12.5424	11.2113	8.41921
0.0256584	0.511	13.9648	12.1028	8.49763
0.0256584	0.5195	15.3062	13.0985	8.46335
0.0256584	0.528	16.6038	14.1903	8.36669
0.0256584	0.5365	18.232	15.3745	8.50508
0.0256584	0.545	20.8564	16.6449	9.49494
0.0256584	0.5535	25.4178	17.9958	12.114
0.0256584	0.562	32.9047	19.4217	17.2059
0.0256584	0.5705	44.2177	20.9176	25.6464
0.0256584	0.579	60.3544	22.4787	38.3347
