#x	y	new0	0_E	0_M
0.0178175	-3.14159	79.0646	53.4693	9.8844
0.0178175	-3.03687	67.9519	45.5308	9.88394
0.0178175	-2.93215	58.1221	38.6228	9.88319
0.0178175	-2.82743	49.7293	32.7239	9.88246
0.0178175	-2.72271	42.712	27.791	9.88221
0.0178175	-2.61799	36.9781	23.8413	9.88307
0.0178175	-2.51327	32.4113	20.5477	9.88121
0.0178175	-2.40855	28.8783	18.0608	9.87782
0.0178175	-2.30383	26.237	16.1968	9.87725
0.0178175	-2.19911	24.3106	14.851	9.88057
0.0178175	-2.0944	22.9607	13.9207	9.88881
0.0178175	-1.98968	22.0773	13.3104	9.90288
0.0178175	-1.88496	21.5484	12.941	9.89045
0.0178175	-1.78024	21.2591	12.7292	9.88223
0.0178175	-1.67552	21.1454	12.6247	9.87966
0.0178175	-1.5708	21.1698	12.5634	9.87733
0.0178175	-1.46608	21.2586	12.5394	9.87647
0.0178175	-1.36136	21.517	12.5734	9.88236
0.0178175	-1.25664	21.9976	12.7134	9.89465
0.0178175	-1.15192	22.7978	13.0785	9.90989
0.0178175	-1.0472	24.0367	13.7596	9.89704
0.0178175	-0.942478	25.7969	14.862	9.88936
0.0178175	-0.837758	28.2716	16.5005	9.88608
0.0178175	-0.733038	31.8279	18.7939	9.88426
0.0178175	-0.628319	36.1701	21.8591	9.88216
0.0178175	-0.523599	42.0619	25.8094	9.88283
0.0178175	-0.418879	49.0979	30.7266	9.88504
0.0178175	-0.314159	57.8665	36.6978	9.88788
0.0178175	-0.20944	67.6177	43.7663	9.8906
0.0178175	-0.10472	78.8274	51.949	9.89263
0.0178175	-2.66454e-15	91.4979	61.2236	9.8936
0.0178175	0.10472	106.173	71.5286	9.89338
0.0178175	0.20944	121.388	82.7593	9.89207
0.0178175	0.314159	137.669	94.7647	9.89001
0.0178175	0.418879	154.752	107.345	9.88775
0.0178175	0.523599	172.316	120.262	9.88603
0.0178175	0.628319	189.929	133.235	9.8857
0.0178175	0.733038	206.729	145.955	9.88792
0.0178175	0.837758	222.747	158.1	9.89134
0.0178175	0.942478	237.533	169.342	9.8947
0.0178175	1.0472	250.5	179.337	9.90232
0.0178175	1.15192	261.415	187.779	9.91499
0.0178175	1.25664	269.96	194.395	9.90132
0.0178175	1.36136	275.558	198.977	9.8886
0.0178175	1.46608	278.425	201.201	9.88216
0.0178175	1.5708	278.228	200.799	9.8824
0.0178175	1.67552	274.57	197.974	9.88624
0.0178175	1.78024	268.386	193.022	9.88811
0.0178175	1.88496	259.32	186.126	9.89561
0.0178175	1.98968	248.059	177.511	9.90818
0.0178175	2.0944	234.847	167.482	9.89398
0.0178175	2.19911	220.048	156.313	9.88494
0.0178175	2.30383	204.122	144.356	9.88088
0.0178175	2.40855	187.409	132.431	9.88077
0.0178175	2.51327	170.045	119.318	9.8836
0.0178175	2.61799	152.823	106.828	9.88612
0.0178175	2.72271	136.089	94.7076	9.88458
0.0178175	2.82743	120.138	83.1625	9.88419
0.0178175	2.93215	105.207	72.3526	9.88432
0.0178175	3.03687	91.475	62.4298	9.8845
0.0178175	3.14159	79.0646	53.4696	9.8844
0.0184709	-3.14159	69.4485	47.0517	6.97962
0.0184709	-3.03687	58.7559	39.5133	6.97908
0.0184709	-2.93215	49.451	32.9509	6.97808
0.0184709	-2.82743	41.5105	27.338	6.9769
0.0184709	-2.72271	34.8756	22.6457	6.97604
0.0184709	-2.61799	29.4439	18.8093	6.97615
0.0184709	-2.51327	25.1053	15.7512	6.97327
0.0184709	-2.40855	21.7427	13.3823	6.96955
0.0184709	-2.30383	19.2193	11.606	6.96895
0.0184709	-2.19911	17.3954	10.3235	6.97235
0.0184709	-2.0944	16.1355	9.43767	6.98085
0.0184709	-1.98968	15.3113	8.85819	6.99538
0.0184709	-1.88496	14.8131	8.50548	6.98698
0.0184709	-1.78024	14.5513	8.3148	6.97759
0.0184709	-1.67552	14.4535	8.21631	6.97401
0.0184709	-1.5708	14.4177	8.17062	6.96823
0.0184709	-1.46608	14.5152	8.16646	6.96816
0.0184709	-1.36136	14.7468	8.22177	6.97508
0.0184709	-1.25664	15.2264	8.39319	6.98861
0.0184709	-1.15192	15.9902	8.77843	7.00567
0.0184709	-1.0472	17.0933	9.46444	6.99227
0.0184709	-0.942478	18.723	10.5506	6.98423
0.0184709	-0.837758	21.0693	12.1455	6.98018
0.0184709	-0.733038	24.2587	14.3614	6.97394
0.0184709	-0.628319	28.4466	17.1825	6.97298
0.0184709	-0.523599	33.7492	21.0916	6.9746
0.0184709	-0.418879	40.3782	25.5841	6.97765
0.0184709	-0.314159	48.3584	31.4997	6.9812
0.0184709	-0.20944	57.7832	37.9361	6.98445
0.0184709	-0.10472	68.6777	45.6296	6.9868
0.0184709	-2.66454e-15	81.0201	54.8623	6.98789
0.0184709	0.10472	94.5447	64.6653	6.98755
0.0184709	0.20944	109.032	75.3419	6.98592
0.0184709	0.314159	124.53	86.7477	6.98333
0.0184709	0.418879	141.016	98.6948	6.98037
0.0184709	0.523599	157.687	110.954	6.97779
0.0184709	0.628319	174.434	123.517	6.97651
0.0184709	0.733038	190.856	135.321	6.9776
0.0184709	0.837758	206.103	146.819	6.98381
0.0184709	0.942478	219.988	157.633	6.9892
0.0184709	1.0472	232.4	166.854	6.99713
0.0184709	1.15192	242.831	174.91	7.0103
0.0184709	1.25664	250.944	181.063	6.99523
0.0184709	1.36136	256.049	185.261	6.98125
0.0184709	1.46608	258.674	187.366	6.97377
0.0184709	1.5708	258.443	187.002	6.97319
0.0184709	1.67552	255.024	184.288	6.98005
0.0184709	1.78024	249.116	179.547	6.98293
0.0184709	1.88496	240.592	172.962	6.99159
0.0184709	1.98968	229.873	164.763	7.00127
0.0184709	2.0944	217.31	155.216	6.9859
0.0184709	2.19911	203.294	144.6	6.97661
0.0184709	2.30383	188.234	133.902	6.97246
0.0184709	2.40855	172.237	121.438	6.97238
0.0184709	2.51327	155.738	109.474	6.97544
0.0184709	2.61799	139.401	97.825	6.9789
0.0184709	2.72271	123.533	86.1441	6.97816
0.0184709	2.82743	108.412	75.1904	6.97843
0.0184709	2.93215	94.263	64.9599	6.97908
0.0184709	3.03687	81.2545	55.548	6.97958
0.0184709	3.14159	69.4485	47.0517	6.97962
0.0191243	-3.14159	61.2758	41.9528	4.58105
0.0191243	-3.03687	51.1385	34.7818	4.58045
0.0191243	-2.93215	42.3179	28.5335	4.57917
0.0191243	-2.82743	34.7902	23.1938	4.57754
0.0191243	-2.72271	28.482	18.7245	4.57605
0.0191243	-2.61799	23.3348	15.0681	4.5754
0.0191243	-2.51327	19.2344	12.1515	4.5715
0.0191243	-2.40855	16.0602	9.89037	4.56746
0.0191243	-2.30383	13.682	8.19375	4.56681
0.0191243	-2.19911	11.9673	6.96814	4.57031
0.0191243	-2.0944	10.7866	6.12177	4.57906
0.0191243	-1.98968	10.02	5.56937	4.59411
0.0191243	-1.88496	9.56376	5.23555	4.58944
0.0191243	-1.78024	9.26545	5.05519	4.57882
0.0191243	-1.67552	9.12203	4.96512	4.57371
0.0191243	-1.5708	9.10242	4.93162	4.56538
0.0191243	-1.46608	9.21103	4.94604	4.56612
0.0191243	-1.36136	9.45777	5.02515	4.57408
0.0191243	-1.25664	9.89732	5.22438	4.58891
0.0191243	-1.15192	10.549	5.62973	4.60726
0.0191243	-1.0472	11.5932	6.30659	4.59328
0.0191243	-0.942478	13.1573	7.3224	4.58486
0.0191243	-0.837758	15.3826	8.83138	4.57497
0.0191243	-0.733038	18.4085	10.8873	4.57024
0.0191243	-0.628319	22.3499	13.7819	4.57037
0.0191243	-0.523599	27.3533	17.5655	4.57296
0.0191243	-0.418879	33.5732	21.9991	4.57687
0.0191243	-0.314159	41.1052	27.1413	4.58113
0.0191243	-0.20944	50.2939	33.9552	4.58492
0.0191243	-0.10472	60.6046	40.6729	4.58761
0.0191243	-2.66454e-15	72.3613	49.797	4.58881
0.0191243	0.10472	85.1908	59.0107	4.58836
0.0191243	0.20944	99.0463	69.0659	4.58639
0.0191243	0.314159	113.763	80.1299	4.58327
0.0191243	0.418879	129.402	91.4825	4.57958
0.0191243	0.523599	145.228	103.126	4.57614
0.0191243	0.628319	161.123	114.807	4.57389
0.0191243	0.733038	176.703	126.246	4.57391
0.0191243	0.837758	191.339	137.145	4.5786
0.0191243	0.942478	204.605	147.199	4.58852
0.0191243	1.0472	216.356	156.111	4.59769
0.0191243	1.15192	226.222	163.604	4.6114
0.0191243	1.25664	233.686	169.439	4.59552
0.0191243	1.36136	238.768	173.424	4.58019
0.0191243	1.46608	241.217	175.403	4.57164
0.0191243	1.5708	240.843	175.081	4.57023
0.0191243	1.67552	237.766	172.49	4.57761
0.0191243	1.78024	232.119	167.946	4.58361
0.0191243	1.88496	224.105	161.658	4.59349
0.0191243	1.98968	213.904	153.841	4.59989
0.0191243	2.0944	201.954	144.748	4.58399
0.0191243	2.19911	188.63	134.655	4.57443
0.0191243	2.30383	174.273	123.858	4.57019
0.0191243	2.40855	158.906	112.645	4.57017
0.0191243	2.51327	143.339	101.285	4.57354
0.0191243	2.61799	127.863	90.0327	4.57784
0.0191243	2.72271	112.828	79.1109	4.57791
0.0191243	2.82743	98.4975	68.7089	4.57888
0.0191243	2.93215	85.0855	58.978	4.58004
0.0191243	3.03687	72.7144	50.033	4.58088
0.0191243	3.14159	61.2758	41.9528	4.58105
0.0197777	-3.14159	54.6275	38.0727	2.68875
0.0197777	-3.03687	45.0137	31.2449	2.68808
0.0197777	-2.93215	36.6497	25.293	2.68652
0.0197777	-2.82743	29.5126	20.2037	2.68441
0.0197777	-2.72271	23.5405	15.9414	2.68227
0.0197777	-2.61799	18.6659	12.4515	2.68083
0.0197777	-2.51327	14.7851	9.66525	2.67561
0.0197777	-2.40855	11.7835	7.50302	2.67149
0.0197777	-2.30383	9.53762	5.86885	2.6708
0.0197777	-2.19911	7.92174	4.69111	2.67438
0.0197777	-2.0944	6.80605	3.88455	2.68341
0.0197777	-1.98968	6.0398	3.36445	2.6989
0.0197777	-1.88496	5.56104	3.04757	2.69786
0.0197777	-1.78024	5.28886	2.87275	2.68597
0.0197777	-1.67552	5.16541	2.79029	2.67609
0.0197777	-1.5708	5.15916	2.76871	2.66873
0.0197777	-1.46608	5.26752	2.80108	2.6703
0.0197777	-1.36136	5.48379	2.8914	2.67933
0.0197777	-1.25664	5.8427	3.08914	2.69551
0.0197777	-1.15192	6.47178	3.48477	2.71468
0.0197777	-1.0472	7.47528	4.15228	2.69938
0.0197777	-0.942478	8.97117	5.10907	2.68494
0.0197777	-0.837758	11.0908	6.52039	2.67631
0.0197777	-0.733038	13.9262	8.51148	2.67333
0.0197777	-0.628319	17.6546	11.1303	2.67427
0.0197777	-0.523599	22.4234	14.482	2.67784
0.0197777	-0.418879	28.3472	18.6644	2.68263
0.0197777	-0.314159	35.5173	23.7488	2.68761
0.0197777	-0.20944	43.9948	29.7853	2.69216
0.0197777	-0.10472	53.9942	36.9419	2.69508
0.0197777	-2.66454e-15	65.089	45.0353	2.69638
0.0197777	0.10472	77.4141	54.1948	2.69583
0.0197777	0.20944	90.748	64.4883	2.69348
0.0197777	0.314159	104.736	74.8058	2.68975
0.0197777	0.418879	119.395	85.6007	2.68533
0.0197777	0.523599	134.442	96.6656	2.68101
0.0197777	0.628319	149.551	107.76	2.67777
0.0197777	0.733038	164.358	118.618	2.67673
0.0197777	0.837758	178.472	128.957	2.67993
0.0197777	0.942478	191.233	138.483	2.68844
0.0197777	1.0472	202.36	146.92	2.70263
0.0197777	1.15192	211.694	154.003	2.71832
0.0197777	1.25664	218.825	159.505	2.70197
0.0197777	1.36136	223.61	163.247	2.68539
0.0197777	1.46608	225.894	165.098	2.67572
0.0197777	1.5708	225.599	164.813	2.67346
0.0197777	1.67552	222.636	162.358	2.67997
0.0197777	1.78024	217.235	158.012	2.69017
0.0197777	1.88496	209.592	152.009	2.70133
0.0197777	1.98968	199.968	144.556	2.70456
0.0197777	2.0944	188.623	135.892	2.68821
0.0197777	2.19911	175.953	126.284	2.67837
0.0197777	2.30383	162.083	116.006	2.67403
0.0197777	2.40855	147.477	105.333	2.67406
0.0197777	2.51327	132.665	94.5243	2.67755
0.0197777	2.61799	117.982	83.8197	2.68295
0.0197777	2.72271	103.724	73.43	2.68387
0.0197777	2.82743	90.1549	63.5341	2.68554
0.0197777	2.93215	77.433	54.2757	2.68725
0.0197777	3.03687	65.477	45.7638	2.68843
0.0197777	3.14159	54.6275	38.0727	2.68875
0.0204311	-3.14159	49.4579	35.3203	1.30273
0.0204311	-3.03687	40.3341	28.8126	1.30199
0.0204311	-2.93215	32.3966	23.1376	1.30014
0.0204311	-2.82743	25.6233	18.282	1.29754
0.0204311	-2.72271	19.9617	14.157	1.29474
0.0204311	-2.61799	15.3396	10.7204	1.29155
0.0204311	-2.51327	11.6614	7.95085	1.28558
0.0204311	-2.40855	8.77441	5.81708	1.28158
0.0204311	-2.30383	6.61615	4.21525	1.28084
0.0204311	-2.19911	5.06314	3.07902	1.28453
0.0204311	-2.0944	3.99451	2.31467	1.29382
0.0204311	-1.98968	3.27966	1.83395	1.30979
0.0204311	-1.88496	2.83503	1.55052	1.31228
0.0204311	-1.78024	2.58744	1.40334	1.29849
0.0204311	-1.67552	2.48199	1.33809	1.28457
0.0204311	-1.5708	2.48857	1.32234	1.27824
0.0204311	-1.46608	2.51131	1.34726	1.28066
0.0204311	-1.36136	2.65655	1.41653	1.29081
0.0204311	-1.25664	2.98031	1.58153	1.30822
0.0204311	-1.15192	3.55454	1.93702	1.3243
0.0204311	-1.0472	4.48899	2.53151	1.30441
0.0204311	-0.942478	5.87793	3.42166	1.29134
0.0204311	-0.837758	7.83412	4.80316	1.28414
0.0204311	-0.733038	10.5446	6.75156	1.28253
0.0204311	-0.628319	14.1478	9.37999	1.28462
0.0204311	-0.523599	18.7735	12.7281	1.28918
0.0204311	-0.418879	24.5101	16.8568	1.29485
0.0204311	-0.314159	31.3432	21.7372	1.30057
0.0204311	-0.20944	39.4182	27.4772	1.30557
0.0204311	-0.10472	48.7572	34.1405	1.30898
0.0204311	-2.66454e-15	59.3411	41.7191	1.31041
0.0204311	0.10472	71.1096	50.1709	1.30973
0.0204311	0.20944	83.8494	59.4175	1.30705
0.0204311	0.314159	97.3313	69.4374	1.3027
0.0204311	0.418879	111.263	80.3545	1.29755
0.0204311	0.523599	125.701	91.4698	1.29233
0.0204311	0.628319	140.033	101.739	1.28809
0.0204311	0.733038	154.073	112.288	1.28598
0.0204311	0.837758	167.451	122.136	1.28775
0.0204311	0.942478	179.735	131.17	1.29481
0.0204311	1.0472	190.274	139.162	1.30761
0.0204311	1.15192	199.106	145.861	1.32709
0.0204311	1.25664	205.928	151.054	1.31471
0.0204311	1.36136	210.433	154.569	1.29674
0.0204311	1.46608	212.561	156.291	1.28597
0.0204311	1.5708	212.246	156.042	1.28285
0.0204311	1.67552	209.489	153.73	1.28834
0.0204311	1.78024	204.322	149.571	1.30149
0.0204311	1.88496	197.028	143.838	1.31515
0.0204311	1.98968	187.859	136.728	1.31532
0.0204311	2.0944	177.115	128.469	1.29848
0.0204311	2.19911	165.053	119.314	1.28838
0.0204311	2.30383	151.714	109.525	1.28394
0.0204311	2.40855	137.826	99.3617	1.28401
0.0204311	2.51327	123.747	89.0711	1.28742
0.0204311	2.61799	109.795	78.8803	1.2929
0.0204311	2.72271	96.2516	68.9896	1.29606
0.0204311	2.82743	83.3528	59.5683	1.29847
0.0204311	2.93215	71.1566	50.7529	1.30073
0.0204311	3.03687	59.7552	42.6465	1.30227
0.0204311	3.14159	49.4579	35.3203	1.30273
0.0210845	-3.14159	45.6328	33.6163	0.423027
0.0210845	-3.03687	36.9718	27.4097	0.422206
0.0210845	-2.93215	29.4449	21.9575	0.420067
0.0210845	-2.82743	22.98	17.1278	0.416965
0.0210845	-2.72271	17.4934	12.9767	0.413477
0.0210845	-2.61799	13.0204	9.53733	0.407282
0.0210845	-2.51327	9.46547	6.77869	0.401398
0.0210845	-2.40855	6.71978	4.66911	0.397609
0.0210845	-2.30383	4.66733	3.11029	0.396917
0.0210845	-2.19911	3.19012	2.01364	0.400711
0.0210845	-2.0944	2.17364	1.28945	0.410262
0.0210845	-1.98968	1.51032	0.836798	0.426695
0.0210845	-1.88496	1.10489	0.584217	0.432361
0.0210845	-1.78024	0.883914	0.46479	0.412131
0.0210845	-1.67552	0.736858	0.416154	0.399106
0.0210845	-1.5708	0.685658	0.405364	0.39386
0.0210845	-1.46608	0.720217	0.421972	0.397143
0.0210845	-1.36136	0.871857	0.481746	0.408396
0.0210845	-1.25664	1.19161	0.612178	0.427118
0.0210845	-1.15192	1.75668	0.925513	0.434403
0.0210845	-1.0472	2.63872	1.45365	0.415812
0.0210845	-0.942478	3.92285	2.31625	0.404142
0.0210845	-0.837758	5.80502	3.65459	0.398394
0.0210845	-0.733038	8.40524	5.56859	0.398102
0.0210845	-0.628319	11.8552	8.17646	0.401345
0.0210845	-0.523599	16.2777	11.5195	0.406912
0.0210845	-0.418879	21.7737	15.6693	0.413478
0.0210845	-0.314159	28.4164	20.5985	0.419946
0.0210845	-0.20944	36.1901	26.2036	0.425389
0.0210845	-0.10472	45.0891	32.5413	0.429321
0.0210845	-2.66454e-15	55.1393	39.7455	0.430869
0.0210845	0.10472	66.2506	47.776	0.430072
0.0210845	0.20944	78.3747	56.5571	0.427061
0.0210845	0.314159	91.3604	65.9763	0.422072
0.0210845	0.418879	104.686	75.8829	0.416169
0.0210845	0.523599	118.395	86.0903	0.410051
0.0210845	0.628319	132.013	96.3789	0.404795
0.0210845	0.733038	145.347	106.803	0.40176
0.0210845	0.837758	158.047	116.595	0.401978
0.0210845	0.942478	169.754	125.167	0.407584
0.0210845	1.0472	179.972	132.74	0.418964
0.0210845	1.15192	188.331	139.079	0.437127
0.0210845	1.25664	194.793	143.981	0.433511
0.0210845	1.36136	199.105	147.284	0.414252
0.0210845	1.46608	201.087	148.88	0.402379
0.0210845	1.5708	200.748	148.659	0.398332
0.0210845	1.67552	198.108	146.484	0.402763
0.0210845	1.78024	193.249	142.514	0.415007
0.0210845	1.88496	186.286	137.036	0.434468
0.0210845	1.98968	177.545	130.25	0.432095
0.0210845	2.0944	167.314	122.375	0.414787
0.0210845	2.19911	155.606	113.646	0.404403
0.0210845	2.30383	142.932	104.318	0.399873
0.0210845	2.40855	129.755	94.6336	0.399927
0.0210845	2.51327	116.402	84.8306	0.403131
0.0210845	2.61799	103.176	75.1234	0.408535
0.0210845	2.72271	90.3129	65.7347	0.414515
0.0210845	2.82743	77.9658	56.7266	0.417674
0.0210845	2.93215	66.2072	48.3273	0.420506
0.0210845	3.03687	55.3908	40.6015	0.422415
0.0210845	3.14159	45.6328	33.6163	0.423027
0.021738	-3.14159	43.0481	32.9085	0.0496669
0.021738	-3.03687	34.8372	26.8902	0.04877
0.021738	-2.93215	27.5589	21.3841	0.0463289
0.021738	-2.82743	21.3044	16.5067	0.0419542
0.021738	-2.72271	16.0858	12.3339	0.0355051
0.021738	-2.61799	11.8299	8.8983	0.0288353
0.021738	-2.51327	8.44591	6.14479	0.0230482
0.021738	-2.40855	5.83083	4.05531	0.0194471
0.021738	-2.30383	3.8747	2.53161	0.0189763
0.021738	-2.19911	2.46578	1.47339	0.022856
0.021738	-2.0944	1.49585	0.7824	0.0326838
0.021738	-1.98968	0.865417	0.366997	0.0495874
0.021738	-1.88496	0.470199	0.146372	0.051328
0.021738	-1.78024	0.2044	0.0527574	0.031761
0.021738	-1.67552	0.0615279	0.0220111	0.0196445
0.021738	-1.5708	0.0155386	0.0155386	0.0155386
0.021738	-1.46608	0.0626925	0.0227301	0.0197035
0.021738	-1.36136	0.22432	0.0600103	0.0320506
0.021738	-1.25664	0.546705	0.177133	0.0520904
0.021738	-1.15192	1.0447	0.447342	0.0507913
0.021738	-1.0472	1.88112	0.932898	0.0335291
0.021738	-0.942478	3.13145	1.74766	0.023285
0.021738	-0.837758	4.94756	3.04437	0.0190126
0.021738	-0.733038	7.44763	4.92724	0.0199994
0.021738	-0.628319	10.7431	7.50687	0.024392
0.021738	-0.523599	14.9383	10.8507	0.0309791
0.021738	-0.418879	20.1677	15.0174	0.0384526
0.021738	-0.314159	26.5116	19.9937	0.0456729
0.021738	-0.20944	33.9512	25.6754	0.0516795
0.021738	-0.10472	42.5706	31.9356	0.0557432
0.021738	-2.66454e-15	52.1679	38.7894	0.0574281
0.021738	0.10472	62.7527	46.4251	0.0565169
0.021738	0.20944	74.2984	54.7708	0.0531466
0.021738	0.314159	86.6508	63.7191	0.0477921
0.021738	0.418879	99.5894	73.1267	0.0411311
0.021738	0.523599	112.599	82.816	0.0340985
0.021738	0.628319	125.552	92.5782	0.0278145
0.021738	0.733038	138.231	102.179	0.0236124
0.021738	0.837758	150.294	111.367	0.0225744
0.021738	0.942478	161.407	119.881	0.0266909
0.021738	1.0472	171.239	127.571	0.0366284
0.021738	1.15192	179.254	133.573	0.0534445
0.021738	1.25664	185.36	138.202	0.0584097
0.021738	1.36136	189.457	141.308	0.0378146
0.021738	1.46608	191.354	142.786	0.0247762
0.021738	1.5708	190.993	142.574	0.0198737
0.021738	1.67552	188.447	140.532	0.0231936
0.021738	1.78024	183.812	136.756	0.0345118
0.021738	1.88496	177.249	131.519	0.0532948
0.021738	1.98968	168.914	125.039	0.0548528
0.021738	2.0944	159.053	117.522	0.0370643
0.021738	2.19911	147.837	109.198	0.026409
0.021738	2.30383	135.777	100.304	0.0217851
0.021738	2.40855	123.242	91.1539	0.0216478
0.021738	2.51327	110.546	81.7293	0.0246697
0.021738	2.61799	97.9721	72.4772	0.0299939
0.021738	2.72271	85.7714	63.4972	0.0363041
0.021738	2.82743	73.7918	54.9416	0.0424749
0.021738	2.93215	62.5947	46.9332	0.0466165
0.021738	3.03687	52.318	39.5676	0.0489025
0.021738	3.14159	43.0481	32.9085	0.0496669
0.0223914	-3.14159	41.6825	33.0289	0.179336
0.0223914	-3.03687	33.7206	26.9149	0.178082
0.0223914	-2.93215	26.735	21.3405	0.174576
0.0223914	-2.82743	20.7816	16.4183	0.16925
0.0223914	-2.72271	15.8125	12.229	0.162805
0.0223914	-2.61799	11.758	8.78023	0.156179
0.0223914	-2.51327	8.48302	6.05109	0.150502
0.0223914	-2.40855	5.95763	3.97777	0.147087
0.0223914	-2.30383	4.08039	2.48242	0.146996
0.0223914	-2.19911	2.72398	1.45991	0.150947
0.0223914	-2.0944	1.77705	0.807479	0.161042
0.0223914	-1.98968	1.14644	0.429218	0.178415
0.0223914	-1.88496	0.749078	0.240605	0.176226
0.0223914	-1.78024	0.514968	0.172417	0.15734
0.0223914	-1.67552	0.394861	0.159387	0.146148
0.0223914	-1.5708	0.363064	0.157161	0.143214
0.0223914	-1.46608	0.418375	0.153748	0.148271
0.0223914	-1.36136	0.508977	0.166086	0.161681
0.0223914	-1.25664	0.753418	0.247781	0.182972
0.0223914	-1.15192	1.21768	0.475235	0.173415
0.0223914	-1.0472	2.01314	0.937368	0.157506
0.0223914	-0.942478	3.24245	1.73862	0.148711
0.0223914	-0.837758	4.95811	2.97498	0.145928
0.0223914	-0.733038	7.34414	4.82971	0.148166
0.0223914	-0.628319	10.5293	7.36608	0.153718
0.0223914	-0.523599	14.6352	10.7221	0.16132
0.0223914	-0.418879	19.713	14.9004	0.16971
0.0223914	-0.314159	25.7474	19.9212	0.17769
0.0223914	-0.20944	32.8399	25.6659	0.184266
0.0223914	-0.10472	41.0664	32.0292	0.188681
0.0223914	-2.66454e-15	50.4091	38.7928	0.19046
0.0223914	0.10472	60.5166	46.0585	0.189429
0.0223914	0.20944	71.5159	53.9957	0.185727
0.0223914	0.314159	83.2791	62.5021	0.179801
0.0223914	0.418879	95.6134	71.4413	0.172374
0.0223914	0.523599	108.162	80.6442	0.164419
0.0223914	0.628319	120.478	89.9124	0.157092
0.0223914	0.733038	132.545	99.0231	0.151725
0.0223914	0.837758	144.026	107.737	0.149466
0.0223914	0.942478	154.577	115.807	0.152076
0.0223914	1.0472	163.904	122.992	0.160549
0.0223914	1.15192	171.714	129.064	0.175994
0.0223914	1.25664	177.605	133.822	0.18934
0.0223914	1.36136	181.466	136.607	0.167343
0.0223914	1.46608	183.286	137.931	0.15323
0.0223914	1.5708	182.942	137.706	0.147455
0.0223914	1.67552	180.485	135.794	0.149584
0.0223914	1.78024	176.046	132.219	0.15996
0.0223914	1.88496	169.784	127.211	0.178048
0.0223914	1.98968	161.701	121.02	0.183539
0.0223914	2.0944	152.158	113.844	0.165273
0.0223914	2.19911	141.535	105.9	0.154345
0.0223914	2.30383	130.079	97.4157	0.149693
0.0223914	2.40855	118.153	88.6733	0.149166
0.0223914	2.51327	106.077	79.8175	0.152078
0.0223914	2.61799	94.12	70.8858	0.15724
0.0223914	2.72271	82.3252	62.3268	0.163521
0.0223914	2.82743	70.9227	54.1771	0.169705
0.0223914	2.93215	60.2733	46.5558	0.17484
0.0223914	3.03687	50.4993	39.5277	0.178201
0.0223914	3.14159	41.6825	33.0222	0.179336
0.0230448	-3.14159	41.3274	33.6525	0.812399
0.0230448	-3.03687	33.6706	27.438	0.811149
0.0230448	-2.93215	27.0171	21.8172	0.807634
0.0230448	-2.82743	21.303	16.8675	0.802297
0.0230448	-2.72271	16.4472	12.6488	0.795858
0.0230448	-2.61799	12.2917	9.19166	0.78928
0.0230448	-2.51327	8.97228	6.48651	0.783717
0.0230448	-2.40855	6.4041	4.44503	0.78057
0.0230448	-2.30383	4.46087	2.97578	0.7809
0.0230448	-2.19911	3.08779	1.98796	0.784921
0.0230448	-2.0944	2.16582	1.37384	0.795286
0.0230448	-1.98968	1.58654	1.03295	0.813107
0.0230448	-1.88496	1.25481	0.865529	0.807019
0.0230448	-1.78024	1.04134	0.812745	0.788828
0.0230448	-1.67552	0.913646	0.808914	0.778572
0.0230448	-1.5708	0.862223	0.812167	0.776825
0.0230448	-1.46608	0.883227	0.810502	0.78281
0.0230448	-1.36136	0.998346	0.808789	0.797385
0.0230448	-1.25664	1.26085	0.855994	0.819973
0.0230448	-1.15192	1.7248	1.03581	0.802224
0.0230448	-1.0472	2.49054	1.45021	0.787689
0.0230448	-0.942478	3.68238	2.20568	0.780353
0.0230448	-0.837758	5.43241	3.42395	0.779088
0.0230448	-0.733038	7.81281	5.23364	0.782544
0.0230448	-0.628319	11.0223	7.76438	0.789215
0.0230448	-0.523599	15.1363	11.1051	0.797875
0.0230448	-0.418879	20.0743	15.3102	0.80719
0.0230448	-0.314159	25.9507	20.3532	0.815937
0.0230448	-0.20944	32.8542	26.177	0.823086
0.0230448	-0.10472	40.7114	32.6316	0.827856
0.0230448	-2.66454e-15	49.6296	39.5226	0.829753
0.0230448	0.10472	59.4769	46.6231	0.828601
0.0230448	0.20944	69.9611	54.1768	0.824542
0.0230448	0.314159	81.1684	62.2682	0.818037
0.0230448	0.418879	92.9149	70.7674	0.809838
0.0230448	0.523599	104.975	79.5135	0.800949
0.0230448	0.628319	116.762	88.3175	0.792571
0.0230448	0.733038	128.234	96.9677	0.786049
0.0230448	0.837758	139.162	105.237	0.782598
0.0230448	0.942478	149.205	112.89	0.783678
0.0230448	1.0472	158.055	119.699	0.790671
0.0230448	1.15192	165.458	125.447	0.804723
0.0230448	1.25664	171.175	129.945	0.826125
0.0230448	1.36136	174.939	132.915	0.802943
0.0230448	1.46608	176.63	134.216	0.787669
0.0230448	1.5708	176.325	133.956	0.780967
0.0230448	1.67552	173.988	132.161	0.781892
0.0230448	1.78024	169.732	128.906	0.791313
0.0230448	1.88496	163.619	124.275	0.808692
0.0230448	1.98968	155.83	118.429	0.818112
0.0230448	2.0944	146.734	111.524	0.799363
0.0230448	2.19911	136.616	103.975	0.788163
0.0230448	2.30383	125.773	95.8215	0.783384
0.0230448	2.40855	114.437	87.417	0.782455
0.0230448	2.51327	102.946	78.9428	0.78511
0.0230448	2.61799	91.5491	70.4875	0.790242
0.0230448	2.72271	80.1496	62.305	0.79649
0.0230448	2.82743	69.2991	54.4804	0.802686
0.0230448	2.93215	59.1658	47.1326	0.807852
0.0230448	3.03687	49.8647	40.2675	0.811245
0.0230448	3.14159	41.3274	33.6526	0.812399
0.0236982	-3.14159	41.9474	34.7709	1.95118
0.0236982	-3.03687	34.6526	28.4959	1.94993
0.0236982	-2.93215	28.1285	22.8029	1.94641
0.0236982	-2.82743	22.4094	17.8125	1.94107
0.0236982	-2.72271	17.4479	13.5842	1.93463
0.0236982	-2.61799	13.2954	10.1514	1.9281
0.0236982	-2.51327	9.99061	7.43531	1.92266
0.0236982	-2.40855	7.46252	5.41472	1.91992
0.0236982	-2.30383	5.59604	3.98165	1.9208
0.0236982	-2.19911	4.27452	3.02575	1.92475
0.0236982	-2.0944	3.38485	2.43921	1.93538
0.0236982	-1.98968	2.82778	2.12151	1.95369
0.0236982	-1.88496	2.4697	1.98392	1.94367
0.0236982	-1.78024	2.24255	1.95521	1.92619
0.0236982	-1.67552	2.11772	1.96992	1.91688
0.0236982	-1.5708	2.07146	1.97692	1.91633
0.0236982	-1.46608	2.10578	1.96332	1.92329
0.0236982	-1.36136	2.23571	1.94646	1.93898
0.0236982	-1.25664	2.47725	1.97947	1.95857
0.0236982	-1.15192	2.90252	2.1452	1.93717
0.0236982	-1.0472	3.65464	2.50809	1.92402
0.0236982	-0.942478	4.8245	3.21665	1.91817
0.0236982	-0.837758	6.55387	4.39713	1.91843
0.0236982	-0.733038	8.97136	6.18444	1.92307
0.0236982	-0.628319	12.1744	8.69696	1.93088
0.0236982	-0.523599	16.1922	12.0207	1.94059
0.0236982	-0.418879	21.1649	16.2291	1.95083
0.0236982	-0.314159	27.0123	21.3136	1.96035
0.0236982	-0.20944	33.7624	27.213	1.96703
0.0236982	-0.10472	41.4438	33.7484	1.96301
0.0236982	-2.66454e-15	49.9621	40.7567	1.9618
0.0236982	0.10472	59.4343	47.984	1.96328
0.0236982	0.20944	69.5668	55.2651	1.96754
0.0236982	0.314159	80.2493	62.9666	1.96244
0.0236982	0.418879	91.4408	71.0523	1.95346
0.0236982	0.523599	102.926	79.3688	1.94363
0.0236982	0.628319	114.328	87.7365	1.93419
0.0236982	0.733038	125.238	95.954	1.92652
0.0236982	0.837758	135.625	103.805	1.92191
0.0236982	0.942478	145.198	111.067	1.92145
0.0236982	1.0472	153.607	117.522	1.92694
0.0236982	1.15192	160.627	122.966	1.93958
0.0236982	1.25664	166.039	127.22	1.96035
0.0236982	1.36136	169.665	130.026	1.94441
0.0236982	1.46608	171.388	131.251	1.928
0.0236982	1.5708	171.047	130.996	1.92037
0.0236982	1.67552	168.758	129.282	1.92008
0.0236982	1.78024	164.621	126.18	1.92853
0.0236982	1.88496	158.79	121.806	1.94519
0.0236982	1.98968	151.369	116.315	1.95851
0.0236982	2.0944	142.696	109.889	1.9393
0.0236982	2.19911	133.056	102.73	1.92783
0.0236982	2.30383	122.73	95.0478	1.9231
0.0236982	2.40855	111.999	87.0511	1.92155
0.0236982	2.51327	101.079	78.9383	1.92394
0.0236982	2.61799	89.9535	70.8915	1.92896
0.0236982	2.72271	79.14	63.071	1.93518
0.0236982	2.82743	68.8513	55.6125	1.94139
0.0236982	2.93215	59.2044	48.4645	1.94658
0.0236982	3.03687	50.1644	41.4983	1.95001
0.0236982	3.14159	41.9474	34.7762	1.95118
0.0243516	-3.14159	43.5428	36.4086	3.59565
0.0243516	-3.03687	36.345	30.076	3.59441
0.0243516	-2.93215	29.7944	24.327	3.59088
0.0243516	-2.82743	24.0549	19.3014	3.58552
0.0243516	-2.72271	19.1058	15.0661	3.57909
0.0243516	-2.61799	15.0921	11.6036	3.57261
0.0243516	-2.51327	11.9224	8.92741	3.56729
0.0243516	-2.40855	9.49402	6.93012	3.56459
0.0243516	-2.30383	7.69766	5.51891	3.5667
0.0243516	-2.19911	6.42095	4.5955	3.57041
0.0243516	-2.0944	5.56017	4.0465	3.58128
0.0243516	-1.98968	4.99139	3.76277	3.60006
0.0243516	-1.88496	4.61655	3.64539	3.58614
0.0243516	-1.78024	4.39472	3.63115	3.56936
0.0243516	-1.67552	4.27642	3.65392	3.56103
0.0243516	-1.5708	4.23993	3.66575	3.56169
0.0243516	-1.46608	4.28782	3.65272	3.56965
0.0243516	-1.36136	4.41593	3.62215	3.58678
0.0243516	-1.25664	4.619	3.61433	3.59832
0.0243516	-1.15192	5.04478	3.73273	3.57819
0.0243516	-1.0472	5.78493	4.07422	3.56644
0.0243516	-0.942478	6.93834	4.75416	3.5621
0.0243516	-0.837758	8.62361	5.90062	3.56391
0.0243516	-0.733038	10.9289	7.64908	3.5697
0.0243516	-0.628319	14.0002	10.1363	3.57863
0.0243516	-0.523599	17.9812	13.469	3.5894
0.0243516	-0.418879	22.9393	17.6959	3.60059
0.0243516	-0.314159	28.7094	22.8123	3.61088
0.0243516	-0.20944	35.4792	28.7376	3.60433
0.0243516	-0.10472	43.0304	35.3734	3.60062
0.0243516	-2.66454e-15	51.3498	42.4867	3.59952
0.0243516	0.10472	60.3969	49.8412	3.60088
0.0243516	0.20944	70.2572	57.2093	3.60483
0.0243516	0.314159	80.4596	64.552	3.61173
0.0243516	0.418879	91.1257	72.2487	3.60319
0.0243516	0.523599	102.066	80.1613	3.59241
0.0243516	0.628319	113.043	88.1186	3.5819
0.0243516	0.733038	123.485	95.929	3.57309
0.0243516	0.837758	133.362	103.387	3.56735
0.0243516	0.942478	142.464	110.281	3.56532
0.0243516	1.0472	150.485	116.404	3.56929
0.0243516	1.15192	157.142	121.562	3.58052
0.0243516	1.25664	162.266	125.586	3.6
0.0243516	1.36136	165.689	128.237	3.59184
0.0243516	1.46608	167.299	129.393	3.57423
0.0243516	1.5708	167.001	129.143	3.56561
0.0243516	1.67552	164.794	127.506	3.5641
0.0243516	1.78024	160.83	124.549	3.57157
0.0243516	1.88496	155.257	120.384	3.5875
0.0243516	1.98968	148.242	115.157	3.60472
0.0243516	2.0944	139.97	109.042	3.58504
0.0243516	2.19911	130.781	102.232	3.5733
0.0243516	2.30383	120.944	94.9251	3.5687
0.0243516	2.40855	110.725	87.3194	3.56649
0.0243516	2.51327	100.157	79.6034	3.56846
0.0243516	2.61799	89.533	71.9497	3.57337
0.0243516	2.72271	79.2354	64.5103	3.57955
0.0243516	2.82743	69.4408	57.4137	3.58578
0.0243516	2.93215	60.1055	50.3513	3.591
0.0243516	3.03687	51.4165	43.2296	3.59445
0.0243516	3.14159	43.5428	36.4296	3.59565
0.025005	-3.14159	45.8641	38.5699	5.74578
0.025005	-3.03687	38.5975	32.1384	5.74454
0.025005	-2.93215	32.1346	26.3477	5.741
0.025005	-2.82743	26.4279	21.2948	5.73562
0.025005	-2.72271	21.685	17.0404	5.72921
0.025005	-2.61799	17.8346	13.6077	5.72279
0.025005	-2.51327	14.7622	10.922	5.71759
0.025005	-2.40855	12.3116	8.9406	5.71502
0.025005	-2.30383	10.5004	7.56083	5.71669
0.025005	-2.19911	9.22599	6.66608	5.7219
0.025005	-2.0944	8.36025	6.14251	5.73295
0.025005	-1.98968	7.83695	5.88392	5.75219
0.025005	-1.88496	7.50317	5.79702	5.73439
0.025005	-1.78024	7.28266	5.80605	5.71834
0.025005	-1.67552	7.14805	5.84742	5.71097
0.025005	-1.5708	7.11813	5.86264	5.71286
0.025005	-1.46608	7.17439	5.83506	5.72187
0.025005	-1.36136	7.32436	5.7836	5.7398
0.025005	-1.25664	7.57391	5.76449	5.74408
0.025005	-1.15192	7.99578	5.86534	5.72525
0.025005	-1.0472	8.74091	6.18013	5.71492
0.025005	-0.942478	9.89989	6.8119	5.71209
0.025005	-0.837758	11.5915	7.92196	5.71546
0.025005	-0.733038	13.807	9.65289	5.72238
0.025005	-0.628319	16.7742	12.1116	5.73242
0.025005	-0.523599	20.6115	15.4277	5.74426
0.025005	-0.418879	25.416	19.6532	5.75639
0.025005	-0.314159	31.2144	24.7976	5.75421
0.025005	-0.20944	37.8039	30.801	5.748
0.025005	-0.10472	45.3826	37.4928	5.74461
0.025005	-2.66454e-15	53.5833	44.7078	5.74362
0.025005	0.10472	62.3861	52.1986	5.74487
0.025005	0.20944	71.7703	59.7047	5.74848
0.025005	0.314159	81.7416	66.984	5.75487
0.025005	0.418879	91.9119	74.3146	5.75897
0.025005	0.523599	102.338	81.847	5.74724
0.025005	0.628319	112.852	89.4181	5.73565
0.025005	0.733038	122.914	96.8454	5.7257
0.025005	0.837758	132.306	103.933	5.71886
0.025005	0.942478	140.951	110.481	5.71526
0.025005	1.0472	148.589	116.291	5.7177
0.025005	1.15192	154.933	121.181	5.72746
0.025005	1.25664	159.784	124.99	5.74565
0.025005	1.36136	163.014	127.493	5.74501
0.025005	1.46608	164.519	128.587	5.72629
0.025005	1.5708	164.254	128.342	5.71666
0.025005	1.67552	162.134	126.777	5.71391
0.025005	1.78024	158.336	123.958	5.7204
0.025005	1.88496	153.006	119.989	5.73559
0.025005	1.98968	146.335	115.012	5.75669
0.025005	2.0944	138.485	109.191	5.73653
0.025005	2.19911	129.724	102.71	5.72461
0.025005	2.30383	120.35	95.7562	5.71885
0.025005	2.40855	110.584	88.5189	5.71668
0.025005	2.51327	100.35	81.1765	5.71864
0.025005	2.61799	90.2273	73.8928	5.72344
0.025005	2.72271	80.4171	66.812	5.72958
0.025005	2.82743	71.0019	59.9159	5.7358
0.025005	2.93215	61.9697	52.6834	5.74108
0.025005	3.03687	53.6585	45.4729	5.74456
0.025005	3.14159	45.8641	38.5699	5.74578
0.0256584	-3.14159	48.7325	41.2115	8.4015
0.0256584	-3.03687	41.6265	34.7327	8.40027
0.0256584	-2.93215	35.2044	28.9128	8.39673
0.0256584	-2.82743	29.7387	23.832	8.39136
0.0256584	-2.72271	25.1823	19.5567	8.38496
0.0256584	-2.61799	21.3034	16.1068	8.37859
0.0256584	-2.51327	18.231	13.441	8.37352
0.0256584	-2.40855	15.8674	11.4904	8.37118
0.0256584	-2.30383	14.1208	10.1399	8.37339
0.0256584	-2.19911	12.8912	9.27221	8.37921
0.0256584	-2.0944	12.052	8.77294	8.39033
0.0256584	-1.98968	11.537	8.53539	8.41005
0.0256584	-1.88496	11.147	8.46795	8.3884
0.0256584	-1.78024	10.9274	8.4907	8.37307
0.0256584	-1.67552	10.813	8.54028	8.36669
0.0256584	-1.5708	10.7882	8.55999	8.36979
0.0256584	-1.46608	10.8594	8.53229	8.37992
0.0256584	-1.36136	11.0098	8.47559	8.39895
0.0256584	-1.25664	11.2219	8.44501	8.39583
0.0256584	-1.15192	11.6639	8.50153	8.37826
0.0256584	-1.0472	12.3905	8.76718	8.36939
0.0256584	-0.942478	13.5348	9.37172	8.36809
0.0256584	-0.837758	15.1909	10.4508	8.37331
0.0256584	-0.733038	17.4772	12.1481	8.38104
0.0256584	-0.628319	20.4513	14.6088	8.39219
0.0256584	-0.523599	24.1578	17.9076	8.40511
0.0256584	-0.418879	28.7866	22.156	8.41269
0.0256584	-0.314159	34.3554	27.3255	8.40367
0.0256584	-0.20944	40.9507	33.3553	8.39798
0.0256584	-0.10472	48.3221	40.1421	8.39492
0.0256584	-2.66454e-15	56.5256	47.4543	8.39403
0.0256584	0.10472	65.1699	55.0498	8.39517
0.0256584	0.20944	74.2809	62.6832	8.39846
0.0256584	0.314159	83.8552	70.125	8.40431
0.0256584	0.418879	93.7449	77.2124	8.41341
0.0256584	0.523599	103.685	84.3867	8.40806
0.0256584	0.628319	113.645	91.594	8.39538
0.0256584	0.733038	123.386	98.6606	8.38436
0.0256584	0.837758	132.398	105.4	8.3764
0.0256584	0.942478	140.616	111.622	8.37121
0.0256584	1.0472	147.872	117.139	8.3721
0.0256584	1.15192	153.937	121.776	8.38041
0.0256584	1.25664	158.531	125.382	8.39728
0.0256584	1.36136	161.578	127.747	8.40404
0.0256584	1.46608	162.982	128.782	8.38418
0.0256584	1.5708	162.702	128.542	8.37348
0.0256584	1.67552	160.714	127.046	8.36949
0.0256584	1.78024	157.07	124.357	8.37498
0.0256584	1.88496	151.973	120.574	8.38943
0.0256584	1.98968	145.603	115.833	8.41189
0.0256584	2.0944	138.167	110.289	8.39374
0.0256584	2.19911	129.823	104.118	8.38169
0.0256584	2.30383	120.887	97.4973	8.3753
0.0256584	2.40855	111.385	90.6072	8.37263
0.0256584	2.51327	101.629	83.6169	8.37444
0.0256584	2.61799	91.9805	76.6818	8.37913
0.0256584	2.72271	82.6304	69.893	8.38524
0.0256584	2.82743	73.4379	62.8896	8.39147
0.0256584	2.93215	64.8234	55.5282	8.39675
0.0256584	3.03687	56.5943	48.2119	8.40027
0.0256584	3.14159	48.7325	41.2116	8.4015
