#x	y	new0	0_E	0_M
-3.14159	0.002464	51.0094	33.2482	8.75137
-3.14159	0.0024715	48.3174	33.211	6.41417
-3.14159	0.002479	46.051	33.1617	4.44833
-3.14159	0.0024865	44.2157	33.1169	2.85276
-3.14159	0.002494	42.8075	33.0764	1.62719
-3.14159	0.0025015	41.8539	33.0402	0.772208
-3.14159	0.002509	41.3569	33.0082	0.262292
-3.14159	0.0025165	41.3274	32.9803	0.0496669
-3.14159	0.002524	41.7719	33.0284	0.0859407
-3.14159	0.0025315	42.5945	32.9388	0.492821
-3.14159	0.002539	43.8144	32.9238	1.18678
-3.14159	0.0025465	45.5026	32.9142	2.21535
-3.14159	0.002554	47.7248	32.9085	3.64891
-3.03687	0.002464	43.2715	27.2185	8.73394
-3.03687	0.0024715	40.6387	27.1764	6.39923
-3.03687	0.002479	38.4315	27.1385	4.43587
-3.03687	0.0024865	36.6237	27.1047	2.84279
-3.03687	0.002494	35.2023	27.068	1.61972
-3.03687	0.0025015	34.2348	27.0312	0.767249
-3.03687	0.002509	33.72	26.9987	0.259676
-3.03687	0.0025165	33.6706	26.9704	0.04877
-3.03687	0.002524	34.0606	26.9463	0.0872821
-3.03687	0.0025315	34.7789	26.9261	0.49691
-3.03687	0.002539	35.9835	26.9099	1.1929
-3.03687	0.0025465	37.6729	26.9149	2.22447
-3.03687	0.002554	39.8938	26.8902	3.66119
-2.93215	0.002464	36.4701	21.7763	8.67924
-2.93215	0.0024715	33.8356	21.7169	6.35249
-2.93215	0.002479	31.6243	21.6622	4.39708
-2.93215	0.0024865	29.8421	21.6121	2.81195
-2.93215	0.002494	28.4956	21.5667	1.59684
-2.93215	0.0025015	27.4753	21.5257	0.752373
-2.93215	0.002509	26.8747	21.4892	0.252122
-2.93215	0.0025165	26.735	21.4569	0.0463289
-2.93215	0.002524	27.0642	21.429	0.0920188
-2.93215	0.0025315	27.8473	21.4052	0.510324
-2.93215	0.002539	29.0973	21.3855	1.21216
-2.93215	0.0025465	30.8414	21.3617	2.25274
-2.93215	0.002554	33.0936	21.3405	3.69968
-2.82743	0.002464	30.6634	16.9163	8.58821
-2.82743	0.0024715	28.0306	16.8526	6.27481
-2.82743	0.002479	25.819	16.7938	4.33273
-2.82743	0.0024865	23.9962	16.7398	2.76092
-2.82743	0.002494	22.5802	16.6905	1.55916
-2.82743	0.0025015	21.5362	16.6462	0.728101
-2.82743	0.002509	20.9288	16.6056	0.240061
-2.82743	0.0025165	20.7816	16.5698	0.0419542
-2.82743	0.002524	21.1016	16.5383	0.100496
-2.82743	0.0025315	21.886	16.5038	0.532469
-2.82743	0.002539	23.1443	16.4708	1.24478
-2.82743	0.0025465	24.8958	16.4423	2.30104
-2.82743	0.002554	27.0598	16.4183	3.76425
-2.72271	0.002464	25.7081	12.7739	8.46243
-2.72271	0.0024715	23.02	12.7046	6.16763
-2.72271	0.002479	20.7501	12.6403	4.24409
-2.72271	0.0024865	18.9044	12.5807	2.69083
-2.72271	0.002494	17.4896	12.5261	1.50766
-2.72271	0.0025015	16.5136	12.4761	0.695282
-2.72271	0.002509	15.9619	12.4342	0.224199
-2.72271	0.0025165	15.8125	12.3896	0.0355051
-2.72271	0.002524	16.1292	12.3532	0.113273
-2.72271	0.0025315	16.9218	12.3213	0.566341
-2.72271	0.002539	18.152	12.2902	1.29111
-2.72271	0.0025465	19.797	12.2575	2.36916
-2.72271	0.002554	21.9622	12.229	3.85089
-2.61799	0.002464	21.5204	9.35297	8.30404
-2.61799	0.0024715	18.8428	9.28939	6.03287
-2.61799	0.002479	16.5817	9.23051	4.13292
-2.61799	0.0024865	14.7433	9.16491	2.60323
-2.61799	0.002494	13.3344	9.1035	1.4437
-2.61799	0.0025015	12.3631	9.04691	0.655064
-2.61799	0.002509	11.8385	8.99506	0.205483
-2.61799	0.0025165	11.758	8.94788	0.0288353
-2.61799	0.002524	12.076	8.90533	0.131092
-2.61799	0.0025315	12.7634	8.86742	0.609347
-2.61799	0.002539	13.9273	8.83395	1.35161
-2.61799	0.0025465	15.5879	8.80484	2.45748
-2.61799	0.002554	17.7685	8.78023	3.96757
-2.51327	0.002464	18.1559	6.63682	8.11573
-2.51327	0.0024715	15.4933	6.56526	5.87297
-2.51327	0.002479	13.2459	6.49875	4.00137
-2.51327	0.0024865	11.4198	6.43672	2.50003
-2.51327	0.002494	10.0222	6.37932	1.36892
-2.51327	0.0025015	9.06134	6.32651	0.608846
-2.51327	0.002509	8.5462	6.27821	0.185058
-2.51327	0.0025165	8.44591	6.23447	0.0230482
-2.51327	0.002524	8.70039	6.19501	0.154827
-2.51327	0.0025315	9.40794	6.15735	0.664684
-2.51327	0.002539	10.5923	6.11729	1.42672
-2.51327	0.0025465	12.2733	6.08189	2.55794
-2.51327	0.002554	14.4746	6.05109	4.10202
-2.40855	0.002464	15.5075	4.56363	7.90061
-2.40855	0.0024715	12.865	4.4958	5.69073
-2.40855	0.002479	10.6366	4.43277	3.85194
-2.40855	0.0024865	8.82856	4.374	2.38343
-2.40855	0.002494	7.44826	4.31965	1.28522
-2.40855	0.0025015	6.50392	4.26966	0.558222
-2.40855	0.002509	6.0048	4.21657	0.164213
-2.40855	0.0025165	5.83083	4.16538	0.0194471
-2.40855	0.002524	6.10299	4.1188	0.185215
-2.40855	0.0025315	6.83577	4.0768	0.731307
-2.40855	0.002539	8.0453	4.03932	1.51698
-2.40855	0.0025465	9.75203	4.00632	2.69602
-2.40855	0.002554	11.9019	3.97777	4.27925
-2.30383	0.002464	13.4617	3.05374	7.66219
-2.30383	0.0024715	10.8451	2.98922	5.4893
-2.30383	0.002479	8.64148	2.92926	3.68743
-2.30383	0.0024865	6.85768	2.87337	2.25585
-2.30383	0.002494	5.50104	2.81628	1.19468
-2.30383	0.0025015	4.57998	2.75898	0.504915
-2.30383	0.002509	4.04163	2.7062	0.144296
-2.30383	0.0025165	3.8747	2.65791	0.0189763
-2.30383	0.002524	4.17409	2.61407	0.223918
-2.30383	0.0025315	4.93712	2.57463	0.809423
-2.30383	0.002539	6.17733	2.53956	1.62395
-2.30383	0.0025465	7.88665	2.50884	2.84583
-2.30383	0.002554	10.0144	2.48242	4.47378
-2.19911	0.002464	11.9021	1.99797	7.40425
-2.19911	0.0024715	9.31845	1.93044	5.27205
-2.19911	0.002479	7.14672	1.86736	3.51081
-2.19911	0.0024865	5.39369	1.8087	2.11988
-2.19911	0.002494	4.06769	1.75441	1.09948
-2.19911	0.0025015	3.17721	1.70446	0.44918
-2.19911	0.002509	2.6002	1.6588	0.126727
-2.19911	0.0025165	2.46578	1.61741	0.022856
-2.19911	0.002524	2.80077	1.58024	0.271184
-2.19911	0.0025315	3.60015	1.54395	0.884997
-2.19911	0.002539	4.87686	1.51173	1.74757
-2.19911	0.0025465	6.59065	1.48372	3.0161
-2.19911	0.002554	8.75993	1.45991	4.69342
-2.0944	0.002464	10.7185	1.25788	7.13077
-2.0944	0.0024715	8.17427	1.19522	5.04252
-2.0944	0.002479	6.04151	1.13685	3.32516
-2.0944	0.0024865	4.32713	1.08273	1.97816
-2.0944	0.002494	3.03912	1.03282	1.00183
-2.0944	0.0025015	2.13561	0.98711	0.391418
-2.0944	0.002509	1.58928	0.945558	0.107921
-2.0944	0.0025165	1.49585	0.908142	0.0326838
-2.0944	0.002524	1.87482	0.874839	0.327422
-2.0944	0.0025315	2.71557	0.845634	0.972651
-2.0944	0.002539	4.03516	0.820495	1.88214
-2.0944	0.0025465	5.7936	0.799423	3.19442
-2.0944	0.002554	8.17854	0.7824	4.9373
-1.98968	0.002464	9.81059	0.77971	6.84582
-1.98968	0.0024715	7.3122	0.722909	4.8043
-1.98968	0.002479	5.22516	0.670257	3.13362
-1.98968	0.0024865	3.5567	0.621727	1.83334
-1.98968	0.002494	2.31489	0.577291	0.903901
-1.98968	0.0025015	1.40658	0.536926	0.335759
-1.98968	0.002509	0.908417	0.500613	0.0774634
-1.98968	0.0025165	0.865417	0.468333	0.0495874
-1.98968	0.002524	1.29361	0.440073	0.395205
-1.98968	0.0025315	2.18183	0.415827	1.07276
-1.98968	0.002539	3.55124	0.395561	2.03566
-1.98968	0.0025465	5.37981	0.379289	3.41631
-1.98968	0.002554	7.65104	0.366997	5.18958
-1.88496	0.002464	9.09189	0.480058	6.55348
-1.88496	0.0024715	6.64585	0.430332	4.56096
-1.88496	0.002479	4.61127	0.384637	2.93923
-1.88496	0.0024865	2.99577	0.342963	1.68797
-1.88496	0.002494	1.79731	0.305272	0.807738
-1.88496	0.0025015	0.912145	0.271574	0.283711
-1.88496	0.002509	0.470199	0.241844	0.051328
-1.88496	0.0025165	0.48767	0.216071	0.0744795
-1.88496	0.002524	0.967753	0.194249	0.473003
-1.88496	0.0025315	1.91021	0.176372	1.1854
-1.88496	0.002539	3.33731	0.162435	2.20656
-1.88496	0.0025465	5.24739	0.152435	3.64388
-1.88496	0.002554	7.585	0.146372	5.4928
-1.78024	0.002464	8.49442	0.292061	6.25776
-1.78024	0.0024715	6.10686	0.250678	4.31596
-1.78024	0.002479	4.13132	0.213242	2.74493
-1.78024	0.0024865	2.57559	0.17974	1.54446
-1.78024	0.002494	1.40435	0.150165	0.715215
-1.78024	0.0025015	0.582199	0.124511	0.236521
-1.78024	0.002509	0.2044	0.102769	0.031761
-1.78024	0.0025165	0.287259	0.0849408	0.108012
-1.78024	0.002524	0.825028	0.0710211	0.561563
-1.78024	0.0025315	1.83039	0.0610107	1.31031
-1.78024	0.002539	3.32553	0.0549105	2.39639
-1.78024	0.0025465	5.31318	0.0527574	3.8854
-1.78024	0.002554	7.74776	0.0538052	5.80063
-1.67552	0.002464	7.97192	0.168769	5.96249
-1.67552	0.0024715	5.6486	0.136903	4.0726
-1.67552	0.002479	3.73815	0.108931	2.55346
-1.67552	0.0024865	2.2485	0.0848509	1.40499
-1.67552	0.002494	1.12014	0.0646584	0.627963
-1.67552	0.0025015	0.367788	0.0483533	0.195741
-1.67552	0.002509	0.0615279	0.0359371	0.0196445
-1.67552	0.0025165	0.212233	0.0274133	0.150529
-1.67552	0.002524	0.814067	0.0227863	0.660651
-1.67552	0.0025315	1.88507	0.0220111	1.44692
-1.67552	0.002539	3.44975	0.0238051	2.59388
-1.67552	0.0025465	5.51699	0.0277068	4.14541
-1.67552	0.002554	8.04096	0.0337412	6.11582
-1.5708	0.002464	7.50238	0.0855566	5.67129
-1.5708	0.0024715	5.24845	0.0641824	3.83393
-1.5708	0.002479	3.40849	0.0466859	2.3673
-1.5708	0.0024865	1.9906	0.0330688	1.27147
-1.5708	0.002494	0.920108	0.0233347	0.54733
-1.5708	0.0025015	0.243725	0.017489	0.160113
-1.5708	0.002509	0.0155386	0.0155386	0.0155386
-1.5708	0.0025165	0.234354	0.0165797	0.202028
-1.5708	0.002524	0.903959	0.0197166	0.769659
-1.5708	0.0025315	2.04613	0.0249713	1.59422
-1.5708	0.002539	3.68664	0.032368	2.80083
-1.5708	0.0025465	5.8673	0.0419338	4.41821
-1.5708	0.002554	8.5461	0.0536978	6.45611
-1.46608	0.002464	7.0895	0.0415788	5.38749
-1.46608	0.0024715	4.90935	0.0314049	3.60269
-1.46608	0.002479	3.14449	0.0251174	2.18864
-1.46608	0.0024865	1.80326	0.0227301	1.14551
-1.46608	0.002494	0.804954	0.0234287	0.474349
-1.46608	0.0025015	0.209913	0.0260931	0.13227
-1.46608	0.002509	0.0626925	0.0308728	0.0197035
-1.46608	0.0025165	0.350274	0.0377947	0.262135
-1.46608	0.002524	1.09274	0.0468831	0.887555
-1.46608	0.0025315	2.31244	0.0581701	1.75216
-1.46608	0.002539	4.03763	0.0716864	3.02371
-1.46608	0.0025465	6.27883	0.0874664	4.68974
-1.46608	0.002554	10.8465	0.105546	6.80464
-1.36136	0.002464	6.76289	0.0600103	5.1141
-1.36136	0.0024715	4.66005	0.0607909	3.38132
-1.36136	0.002479	2.97406	0.062841	2.01932
-1.36136	0.0024865	1.7106	0.0670213	1.0284
-1.36136	0.002494	0.80107	0.0733548	0.40928
-1.36136	0.0025015	0.293114	0.0818683	0.1094
-1.36136	0.002509	0.22432	0.0925926	0.0320506
-1.36136	0.0025165	0.582241	0.105558	0.330108
-1.36136	0.002524	1.40203	0.1208	0.996224
-1.36136	0.0025315	2.70379	0.138354	1.91877
-1.36136	0.002539	4.52019	0.15826	3.23668
-1.36136	0.0025465	7.38603	0.180558	4.97553
-1.36136	0.002554	15.3941	0.205291	7.15963
-1.25664	0.002464	6.57178	0.177133	4.85376
-1.25664	0.0024715	4.55061	0.182362	3.1719
-1.25664	0.002479	2.94993	0.189794	1.86087
-1.25664	0.0024865	1.77036	0.199461	0.921063
-1.25664	0.002494	0.961013	0.211393	0.345967
-1.25664	0.0025015	0.546705	0.225626	0.0758969
-1.25664	0.002509	0.549452	0.242196	0.0520904
-1.25664	0.0025165	0.978573	0.261143	0.404836
-1.25664	0.002524	1.87716	0.282508	1.10745
-1.25664	0.0025315	3.26847	0.306333	2.08547
-1.25664	0.002539	5.13384	0.332664	3.48087
-1.25664	0.0025465	9.75759	0.361549	5.28364
-1.25664	0.002554	23.5383	0.393037	7.51675
-1.15192	0.002464	6.58787	0.447342	4.60875
-1.15192	0.0024715	4.64928	0.457439	2.97615
-1.15192	0.002479	3.13338	0.469869	1.71443
-1.15192	0.0024865	2.04767	0.475537	0.82411
-1.15192	0.002494	1.36249	0.496861	0.291115
-1.15192	0.0025015	1.0447	0.520956	0.0507913
-1.15192	0.002509	1.11054	0.543699	0.0789927
-1.15192	0.0025165	1.613	0.568398	0.484871
-1.15192	0.002524	2.59037	0.595687	1.22305
-1.15192	0.0025315	4.06726	0.625615	2.25899
-1.15192	0.002539	7.91059	0.658234	3.71231
-1.15192	0.0025465	14.7749	0.693598	5.57583
-1.15192	0.002554	20.0962	0.731763	7.86739
-1.0472	0.002464	6.9242	0.937368	4.38099
-1.0472	0.0024715	5.069	0.932898	2.79544
-1.0472	0.002479	3.63935	0.954353	1.58084
-1.0472	0.0024865	2.64466	0.978668	0.737818
-1.0472	0.002494	2.09898	1.00589	0.244959
-1.0472	0.0025015	1.88112	1.03607	0.0335291
-1.0472	0.002509	2.0002	1.06925	0.111622
-1.0472	0.0025165	2.57871	1.10255	0.568464
-1.0472	0.002524	3.63094	1.13711	1.34088
-1.0472	0.0025315	5.20199	1.17459	2.43268
-1.0472	0.002539	10.6626	1.21502	3.93711
-1.0472	0.0025465	17.2807	1.25848	5.84536
-1.0472	0.002554	32.3242	1.30496	8.21121
-0.942478	0.002464	7.69785	1.73862	4.17202
-0.942478	0.0024715	5.92903	1.74415	2.63081
-0.942478	0.002479	4.58638	1.77255	1.46061
-0.942478	0.0024865	3.68834	1.80407	0.662182
-0.942478	0.002494	3.24245	1.83517	0.207611
-0.942478	0.0025015	3.13145	1.86641	0.023285
-0.942478	0.002509	3.32727	1.90059	0.148583
-0.942478	0.0025165	3.9792	1.93778	0.65363
-0.942478	0.002524	5.11317	1.97804	1.45852
-0.942478	0.0025315	8.59221	2.02144	2.60748
-0.942478	0.002539	15.6162	2.06804	4.15066
-0.942478	0.0025465	22.2805	2.1179	6.11765
-0.942478	0.002554	19.091	2.1711	8.51624
-0.837758	0.002464	9.03709	2.97498	3.98307
-0.837758	0.0024715	7.35299	3.00521	2.48298
-0.837758	0.002479	6.11104	3.03872	1.354
-0.837758	0.0024865	5.30203	3.07557	0.596947
-0.837758	0.002494	4.95811	3.10921	0.178012
-0.837758	0.0025015	4.94756	3.14534	0.0190126
-0.837758	0.002509	5.21155	3.18464	0.188285
-0.837758	0.0025165	5.93707	3.22719	0.737267
-0.837758	0.002524	7.15475	3.27304	1.57343
-0.837758	0.0025315	11.8641	3.32228	2.76029
-0.837758	0.002539	17.1355	3.37496	4.33625
-0.837758	0.0025465	18.3533	3.43117	6.349
-0.837758	0.002554	19.8813	3.49098	8.80476
-0.733038	0.002464	11.0719	4.82971	3.81506
-0.733038	0.0024715	9.47668	4.85808	2.35244
-0.733038	0.002479	8.31787	4.88942	1.261
-0.733038	0.0024865	7.59814	4.92399	0.541665
-0.733038	0.002494	7.34414	4.96183	0.155322
-0.733038	0.0025015	7.44763	5.00301	0.0199994
-0.733038	0.002509	7.77822	5.04761	0.228115
-0.733038	0.0025165	8.70609	5.09569	0.813505
-0.733038	0.002524	10.8835	5.14732	1.68111
-0.733038	0.0025315	16.7025	5.20259	2.90069
-0.733038	0.002539	18.0605	5.26157	4.5249
-0.733038	0.0025465	19.3632	5.32433	6.57375
-0.733038	0.002554	21.9804	5.39096	9.05632
-0.628319	0.002464	13.8918	7.36608	3.66865
-0.628319	0.0024715	12.3835	7.39895	2.23942
-0.628319	0.002479	11.3061	7.43525	1.18145
-0.628319	0.0024865	10.6867	7.47498	0.495746
-0.628319	0.002494	10.5293	7.51825	0.13856
-0.628319	0.0025015	10.6914	7.56511	0.024392
-0.628319	0.002509	11.1515	7.61549	0.268977
-0.628319	0.0025165	12.0212	7.66967	0.884757
-0.628319	0.002524	15.8519	7.72759	1.77334
-0.628319	0.0025315	19.879	7.78945	3.02847
-0.628319	0.002539	19.7342	7.85112	4.68939
-0.628319	0.0025465	21.8383	7.9102	6.77622
-0.628319	0.002554	27.1733	7.97307	9.31421
-0.523599	0.002464	17.6395	10.7221	3.54428
-0.523599	0.0024715	16.2163	10.7608	2.14401
-0.523599	0.002479	15.2261	10.7948	1.11507
-0.523599	0.0024865	14.6978	10.832	0.456541
-0.523599	0.002494	14.6352	10.8726	0.126692
-0.523599	0.0025015	14.8369	10.9167	0.0309791
-0.523599	0.002509	15.3807	10.9642	0.306445
-0.523599	0.0025165	16.8283	11.0154	0.949117
-0.523599	0.002524	23.1574	11.0702	1.85478
-0.523599	0.0025315	22.2256	11.1288	3.12969
-0.523599	0.002539	23.6697	11.1913	4.83023
-0.523599	0.0025465	26.6808	11.2577	6.95439
-0.523599	0.002554	30.0676	11.3282	9.56066
-0.418879	0.002464	22.4191	14.9004	3.44225
-0.418879	0.0024715	21.0785	14.9377	2.06617
-0.418879	0.002479	20.1731	14.9783	1.06147
-0.418879	0.0024865	19.7333	15.021	0.423738
-0.418879	0.002494	19.713	15.0596	0.115806
-0.418879	0.0025015	19.881	15.1014	0.0384526
-0.418879	0.002509	20.479	15.1467	0.338165
-0.418879	0.0025165	23.9995	15.1954	1.00165
-0.418879	0.002524	26.2708	15.2477	1.92609
-0.418879	0.0025315	27.0133	15.3036	3.23838
-0.418879	0.002539	29.2314	15.3632	4.94602
-0.418879	0.0025465	32.0551	15.4267	7.10515
-0.418879	0.002554	35.939	15.494	9.5255
-0.314159	0.002464	28.2712	19.9212	3.36271
-0.314159	0.0024715	27.0445	19.9502	2.00578
-0.314159	0.002479	26.1865	19.9818	1.02029
-0.314159	0.0024865	25.7474	20.0164	0.399045
-0.314159	0.002494	25.7774	20.0541	0.102749
-0.314159	0.0025015	25.9775	20.0948	0.0456729
-0.314159	0.002509	26.6303	20.1388	0.363528
-0.314159	0.0025165	30.0515	20.186	1.04998
-0.314159	0.002524	33.5226	20.2367	1.98284
-0.314159	0.0025315	33.9765	20.2908	3.3048
-0.314159	0.002539	36.0931	20.3486	5.04192
-0.314159	0.0025465	40.7844	20.41	7.22572
-0.314159	0.002554	43.7579	20.4752	9.87274
-0.20944	0.002464	35.0231	25.6659	3.30572
-0.20944	0.0024715	33.8697	25.6955	1.9627
-0.20944	0.002479	33.1686	25.7278	0.991154
-0.20944	0.0024865	32.8399	25.7629	0.381899
-0.20944	0.002494	32.9526	25.8008	0.0940283
-0.20944	0.0025015	33.183	25.8417	0.0516795
-0.20944	0.002509	34.1217	25.8856	0.382634
-0.20944	0.0025165	40.4798	25.9267	1.08353
-0.20944	0.002524	40.6124	25.9669	2.02709
-0.20944	0.0025315	44.8645	26.01	3.37289
-0.20944	0.002539	44.6044	26.0562	5.12884
-0.20944	0.0025465	46.2081	26.1055	7.31386
-0.20944	0.002554	50.073	26.1581	9.96557
-0.10472	0.002464	42.8346	31.9356	3.2713
-0.10472	0.0024715	41.6713	31.9589	1.9368
-0.10472	0.002479	40.9597	31.9842	0.973787
-0.10472	0.0024865	40.7114	32.0117	0.371857
-0.10472	0.002494	40.9416	32.0415	0.0890896
-0.10472	0.0025015	41.2857	32.0736	0.0557432
-0.10472	0.002509	42.2645	32.1082	0.394654
-0.10472	0.0025165	48.5942	32.1454	1.10439
-0.10472	0.002524	48.9632	32.1852	2.05284
-0.10472	0.0025315	49.9557	32.2277	3.40787
-0.10472	0.002539	52.6644	32.2731	5.17322
-0.10472	0.0025465	55.2906	32.3214	7.36211
-0.10472	0.002554	62.0762	32.3727	10.0305
-2.66454e-15	0.002464	51.5644	38.7894	3.25947
-2.66454e-15	0.0024715	50.4612	38.8129	1.92799
-2.66454e-15	0.002479	49.8123	38.8346	0.967996
-2.66454e-15	0.0024865	49.6296	38.8579	0.368636
-2.66454e-15	0.002494	49.9964	38.8831	0.0875808
-2.66454e-15	0.0025015	50.2826	38.9101	0.0574281
-2.66454e-15	0.002509	52.5749	38.9391	0.397886
-2.66454e-15	0.0025165	57.7904	38.9702	1.11152
-2.66454e-15	0.002524	59.6971	39.0034	2.05797
-2.66454e-15	0.0025315	59.8913	39.0389	3.42028
-2.66454e-15	0.002539	64.1386	39.0767	5.18885
-2.66454e-15	0.0025465	64.8947	39.117	7.37491
-2.66454e-15	0.002554	68.7898	39.1598	9.99563
0.10472	0.002464	61.0962	46.0585	3.27021
0.10472	0.0024715	60.0801	46.0897	1.93622
0.10472	0.002479	59.522	46.1225	0.973706
0.10472	0.0024865	59.4343	46.1572	0.37213
0.10472	0.002494	59.6743	46.1939	0.0893726
0.10472	0.0025015	59.983	46.2325	0.0565169
0.10472	0.002509	62.0147	46.2732	0.395756
0.10472	0.0025165	69.7771	46.316	1.10594
0.10472	0.002524	69.4758	46.3612	2.05417
0.10472	0.0025315	71.3176	46.4087	3.40959
0.10472	0.002539	73.0176	46.4586	5.1603
0.10472	0.0025465	76.6704	46.5111	7.37043
0.10472	0.002554	78.6919	46.5662	10.0053
0.20944	0.002464	71.2906	53.9957	3.30352
0.20944	0.0024715	70.3174	54.0384	1.96152
0.20944	0.002479	69.7607	54.0829	0.990967
0.20944	0.0024865	69.5668	54.1294	0.382416
0.20944	0.002494	69.8526	54.1778	0.0945668
0.20944	0.0025015	70.2737	54.2284	0.0531466
0.20944	0.002509	72.2315	54.2812	0.384804
0.20944	0.0025165	80.4806	54.3362	1.08342
0.20944	0.002524	81.9962	54.3936	2.0296
0.20944	0.0025315	92.7013	54.4534	3.36298
0.20944	0.002539	84.9275	54.5158	5.13302
0.20944	0.0025465	86.5039	54.5809	7.39784
0.20944	0.002554	89.8219	54.6377	9.8024
0.314159	0.002464	82.1179	62.2682	3.35937
0.314159	0.0024715	81.0364	62.3094	2.00396
0.314159	0.002479	80.4095	62.3519	1.01995
0.314159	0.0024865	80.2493	62.3959	0.399753
0.314159	0.002494	80.5711	62.4414	0.10349
0.314159	0.0025015	81.0173	62.4885	0.0477921
0.314159	0.002509	82.6299	62.5372	0.366698
0.314159	0.0025165	92.4317	62.5878	1.05448
0.314159	0.002524	95.3642	62.6402	1.98664
0.314159	0.0025315	96.7872	62.6945	3.32087
0.314159	0.002539	97.6132	62.7509	5.06277
0.314159	0.0025465	98.8534	62.8094	7.23303
0.314159	0.002554	101.618	62.8701	9.88254
0.418879	0.002464	92.8236	70.7674	3.43775
0.418879	0.0024715	91.795	70.8187	2.06366
0.418879	0.002479	91.2255	70.8714	1.06092
0.418879	0.0024865	91.1257	70.9257	0.424559
0.418879	0.002494	91.5108	70.9816	0.116671
0.418879	0.0025015	92.0657	71.0391	0.0411311
0.418879	0.002509	93.4868	71.0985	0.342235
0.418879	0.0025165	101.505	71.1597	1.01056
0.418879	0.002524	109.357	71.2228	1.931
0.418879	0.0025315	123.465	71.2879	3.24495
0.418879	0.002539	110.86	71.3551	4.9529
0.418879	0.0025465	111.714	71.4245	7.11469
0.418879	0.002554	113.879	71.4962	9.7393
0.523599	0.002464	103.744	79.3688	3.53857
0.523599	0.0024715	102.721	79.4173	2.14075
0.523599	0.002479	102.158	79.4668	1.11421
0.523599	0.0024865	102.066	79.5174	0.457378
0.523599	0.002494	102.46	79.5691	0.129818
0.523599	0.0025015	103.042	79.622	0.0340985
0.523599	0.002509	104.116	79.6762	0.311803
0.523599	0.0025165	110.744	79.7317	0.956127
0.523599	0.002524	115.976	79.7887	1.86175
0.523599	0.0025315	125.104	79.8472	3.14982
0.523599	0.002539	124.406	79.9072	4.84446
0.523599	0.0025465	124.831	79.9689	6.966
0.523599	0.002554	127.532	80.0324	9.52565
0.628319	0.002464	114.441	87.7365	3.66168
0.628319	0.0024715	113.385	87.7908	2.23534
0.628319	0.002479	112.852	87.8461	1.1802
0.628319	0.0024865	112.858	87.9026	0.497257
0.628319	0.002494	113.22	87.9603	0.141995
0.628319	0.0025015	113.733	88.0193	0.0278145
0.628319	0.002509	114.685	88.0797	0.275032
0.628319	0.0025165	118.215	88.1415	0.89278
0.628319	0.002524	126.283	88.2047	1.78138
0.628319	0.0025315	139.336	88.2695	3.03768
0.628319	0.002539	138.138	88.3359	4.70077
0.628319	0.0025465	142.228	88.404	6.78967
0.628319	0.002554	167.997	88.4739	9.21939
0.733038	0.002464	124.676	95.929	3.8068
0.733038	0.0024715	123.658	95.9772	2.34747
0.733038	0.002479	123.104	96.0262	1.25925
0.733038	0.0024865	122.914	96.0758	0.543067
0.733038	0.002494	123.105	96.1262	0.158916
0.733038	0.0025015	123.629	96.1775	0.0236124
0.733038	0.002509	124.621	96.2296	0.235581
0.733038	0.0025165	127.942	96.2826	0.819946
0.733038	0.002524	135.156	96.3367	1.68848
0.733038	0.0025315	150.607	96.3918	2.9107
0.733038	0.002539	164.615	96.448	4.53759
0.733038	0.0025465	156.294	96.5055	6.58887
0.733038	0.002554	154.995	96.5642	9.08954
0.837758	0.002464	134.297	103.387	3.97348
0.837758	0.0024715	133.281	103.434	2.47705
0.837758	0.002479	132.629	103.483	1.35165
0.837758	0.0024865	132.306	103.532	0.598106
0.837758	0.002494	132.459	103.581	0.181607
0.837758	0.0025015	132.966	103.632	0.0225744
0.837758	0.002509	133.909	103.684	0.195188
0.837758	0.0025165	136.828	103.737	0.745544
0.837758	0.002524	138.718	103.791	1.58217
0.837758	0.0025315	155.116	103.846	2.77181
0.837758	0.002539	169.451	103.902	4.35801
0.837758	0.0025465	167.683	103.959	6.36544
0.837758	0.002554	206.512	104.018	8.82378
0.942478	0.002464	142.975	110.281	4.16108
0.942478	0.0024715	141.745	110.323	2.62385
0.942478	0.002479	140.948	110.366	1.45757
0.942478	0.0024865	140.616	110.411	0.662964
0.942478	0.002494	140.76	110.456	0.21105
0.942478	0.0025015	141.313	110.502	0.0266909
0.942478	0.002509	142.275	110.549	0.155619
0.942478	0.0025165	143.738	110.597	0.664208
0.942478	0.002524	146.768	110.647	1.46757
0.942478	0.0025315	162.642	110.697	2.62059
0.942478	0.002539	179.462	110.749	4.15551
0.942478	0.0025465	188.894	110.802	6.12664
0.942478	0.002554	183.051	110.856	8.56362
1.0472	0.002464	150.448	116.291	4.3687
1.0472	0.0024715	149.13	116.321	2.78742
1.0472	0.002479	148.269	116.352	1.57701
1.0472	0.0024865	147.872	116.383	0.7381
1.0472	0.002494	147.949	116.414	0.248087
1.0472	0.0025015	148.467	116.446	0.0366284
1.0472	0.002509	149.359	116.479	0.118597
1.0472	0.0025165	150.747	116.513	0.579244
1.0472	0.002524	152.667	116.547	1.35003
1.0472	0.0025315	161.448	116.581	2.44103
1.0472	0.002539	171.587	116.617	3.95325
1.0472	0.0025465	188.68	116.653	5.87316
1.0472	0.002554	222.181	116.69	8.23246
1.15192	0.002464	156.748	121.181	4.59514
1.15192	0.0024715	155.352	121.2	2.96704
1.15192	0.002479	154.413	121.219	1.70976
1.15192	0.0024865	153.939	121.238	0.823781
1.15192	0.002494	153.937	121.259	0.29377
1.15192	0.0025015	154.41	121.28	0.0534445
1.15192	0.002509	155.223	121.302	0.0857233
1.15192	0.0025165	156.528	121.324	0.495628
1.15192	0.002524	159.035	121.348	1.23215
1.15192	0.0025315	165.381	121.372	2.27793
1.15192	0.002539	176.561	121.397	3.72457
1.15192	0.0025465	193.225	121.422	5.58477
1.15192	0.002554	209.463	121.449	7.8943
1.25664	0.002464	161.728	124.99	4.83887
1.25664	0.0024715	160.213	124.994	3.16171
1.25664	0.002479	159.186	124.998	1.8553
1.25664	0.0024865	158.622	125.003	0.920033
1.25664	0.002494	158.531	125.01	0.348047
1.25664	0.0025015	158.921	125.016	0.0779828
1.25664	0.002509	159.674	125.024	0.0584097
1.25664	0.0025165	160.89	125.033	0.415364
1.25664	0.002524	163.113	125.042	1.11621
1.25664	0.0025315	165.298	125.053	2.0969
1.25664	0.002539	180.104	125.064	3.48673
1.25664	0.0025465	183.067	125.076	5.30369
1.25664	0.002554	200.595	125.089	7.53998
1.36136	0.002464	165.136	127.59	5.09803
1.36136	0.0024715	163.556	127.577	3.37009
1.36136	0.002479	162.431	127.564	2.01286
1.36136	0.0024865	161.769	127.553	1.0266
1.36136	0.002494	161.578	127.542	0.411421
1.36136	0.0025015	161.868	127.533	0.110822
1.36136	0.002509	162.563	127.524	0.0378146
1.36136	0.0025165	163.684	127.517	0.340215
1.36136	0.002524	165.679	127.51	1.00451
1.36136	0.0025315	167.76	127.504	1.92728
1.36136	0.002539	176.557	127.5	3.26647
1.36136	0.0025465	185.081	127.496	5.01059
1.36136	0.002554	201.911	127.493	7.18301
1.46608	0.002464	166.958	128.893	5.37036
1.46608	0.0024715	165.275	128.862	3.59048
1.46608	0.002479	164.047	128.832	2.18128
1.46608	0.0024865	163.28	128.802	1.14291
1.46608	0.002494	162.982	128.774	0.476405
1.46608	0.0025015	163.165	128.747	0.137473
1.46608	0.002509	163.792	128.721	0.0247762
1.46608	0.0025165	164.815	128.696	0.271657
1.46608	0.002524	166.343	128.672	0.898978
1.46608	0.0025315	168.408	128.649	1.76627
1.46608	0.002539	171.142	128.627	3.03961
1.46608	0.0025465	177.743	128.607	4.70811
1.46608	0.002554	189.058	128.587	6.82778
1.5708	0.002464	167.111	128.857	5.65325
1.5708	0.0024715	165.321	128.808	3.82084
1.5708	0.002479	163.985	128.759	2.35911
1.5708	0.0024865	163.11	128.712	1.26807
1.5708	0.002494	162.702	128.667	0.548625
1.5708	0.0025015	162.772	128.622	0.164578
1.5708	0.002509	163.322	128.579	0.0198737
1.5708	0.0025165	164.248	128.536	0.21083
1.5708	0.002524	165.673	128.495	0.782797
1.5708	0.0025315	167.846	128.455	1.60731
1.5708	0.002539	170.141	128.416	2.80849
1.5708	0.0025465	173.239	128.378	4.42847
1.5708	0.002554	187.943	128.342	6.47233
1.67552	0.002464	165.603	127.486	5.94373
1.67552	0.0024715	163.706	127.42	4.05878
1.67552	0.002479	162.261	127.355	2.54451
1.67552	0.0024865	161.276	127.291	1.40082
1.67552	0.002494	160.757	127.229	0.628479
1.67552	0.0025015	160.714	127.168	0.199154
1.67552	0.002509	161.156	127.109	0.0231936
1.67552	0.0025165	162.006	127.05	0.158191
1.67552	0.002524	163.701	126.993	0.672965
1.67552	0.0025315	165.469	126.938	1.45728
1.67552	0.002539	168.541	126.883	2.60903
1.67552	0.0025465	170.558	126.829	4.16369
1.67552	0.002554	177.538	126.777	6.13725
1.78024	0.002464	162.501	124.831	6.23852
1.78024	0.0024715	160.498	124.75	4.30159
1.78024	0.002479	158.947	124.671	2.73535
1.78024	0.0024865	157.854	124.594	1.5396
1.78024	0.002494	157.225	124.518	0.714968
1.78024	0.0025015	157.07	124.443	0.239157
1.78024	0.002509	157.398	124.37	0.0345118
1.78024	0.0025165	158.171	124.298	0.115111
1.78024	0.002524	159.402	124.228	0.572938
1.78024	0.0025315	161.146	124.158	1.31977
1.78024	0.002539	164.242	124.09	2.40991
1.78024	0.0025465	168.516	124.023	3.89426
1.78024	0.002554	169.85	123.958	5.80868
1.88496	0.002464	157.928	120.986	6.53402
1.88496	0.0024715	155.824	120.895	4.54623
1.88496	0.002479	154.17	120.805	2.92917
1.88496	0.0024865	153.839	120.717	1.68251
1.88496	0.002494	152.237	120.631	0.806776
1.88496	0.0025015	151.973	120.546	0.285562
1.88496	0.002509	152.19	120.462	0.0532948
1.88496	0.0025165	152.879	120.38	0.080661
1.88496	0.002524	154.023	120.3	0.482226
1.88496	0.0025315	156.287	120.22	1.1939
1.88496	0.002539	158.385	120.142	2.22454
1.88496	0.0025465	164.914	120.065	3.66043
1.88496	0.002554	163.956	119.989	5.49806
1.98968	0.002464	152.052	116.083	6.82642
1.98968	0.0024715	149.852	115.985	4.78945
1.98968	0.002479	148.101	115.89	3.12326
1.98968	0.0024865	146.804	115.795	1.82741
1.98968	0.002494	145.969	115.703	0.902302
1.98968	0.0025015	145.603	115.612	0.336886
1.98968	0.002509	145.713	115.522	0.0786919
1.98968	0.0025165	146.309	115.434	0.0548528
1.98968	0.002524	147.375	115.347	0.404495
1.98968	0.0025315	148.941	115.261	1.08029
1.98968	0.002539	151.032	115.177	2.04695
1.98968	0.0025465	154.368	115.094	3.43127
1.98968	0.002554	158.756	115.012	5.22266
2.0944	0.002464	144.841	110.283	7.11174
2.0944	0.0024715	142.718	110.184	5.02781
2.0944	0.002479	140.946	110.072	3.31472
2.0944	0.0024865	139.558	109.96	1.97192
2.0944	0.002494	138.629	109.85	0.999704
2.0944	0.0025015	138.167	109.742	0.391897
2.0944	0.002509	138.18	109.637	0.108232
2.0944	0.0025165	138.677	109.533	0.0370643
2.0944	0.002524	139.672	109.431	0.336274
2.0944	0.0025315	141.164	109.331	0.979186
2.0944	0.002539	143.097	109.233	1.89569
2.0944	0.0025465	146.355	109.137	3.21441
2.0944	0.002554	151.858	109.042	4.95409
2.19911	0.002464	136.654	103.47	7.38591
2.19911	0.0024715	134.451	103.356	5.25775
2.19911	0.002479	132.699	103.244	3.50049
2.19911	0.0024865	131.404	103.134	2.1135
2.19911	0.002494	130.451	103.026	1.09695
2.19911	0.0025015	129.872	102.92	0.449107
2.19911	0.002509	129.724	102.817	0.130318
2.19911	0.0025165	130.057	102.715	0.026409
2.19911	0.002524	130.885	102.615	0.278324
2.19911	0.0025315	132.208	102.517	0.89058
2.19911	0.002539	134.041	102.42	1.75659
2.19911	0.0025465	136.409	102.325	3.02828
2.19911	0.002554	140.366	102.232	4.69573
2.30383	0.002464	127.816	96.0862	7.64487
2.30383	0.0024715	125.54	95.9789	5.47568
2.30383	0.002479	123.661	95.8737	3.67748
2.30383	0.0024865	122.223	95.7707	2.24952
2.30383	0.002494	121.245	95.6698	1.1919
2.30383	0.0025015	120.58	95.5707	0.505596
2.30383	0.002509	120.35	95.4735	0.147159
2.30383	0.0025165	120.598	95.3781	0.0217851
2.30383	0.002524	121.357	95.2844	0.230024
2.30383	0.0025315	122.625	95.1923	0.814106
2.30383	0.002539	124.398	95.1018	1.63582
2.30383	0.0025465	126.7	95.0127	2.85664
2.30383	0.002554	130.699	94.9251	4.48739
2.40855	0.002464	118.19	88.0215	7.88462
2.40855	0.0024715	115.784	87.9321	5.67808
2.40855	0.002479	113.826	87.8379	3.8426
2.40855	0.0024865	112.321	87.7547	2.37734
2.40855	0.002494	111.273	87.6753	1.28233
2.40855	0.0025015	110.692	87.602	0.558462
2.40855	0.002509	110.584	87.6305	0.166431
2.40855	0.0025165	110.787	87.5287	0.0216478
2.40855	0.002524	111.422	87.417	0.190571
2.40855	0.0025315	112.537	87.3317	0.738555
2.40855	0.002539	114.151	87.2363	1.52364
2.40855	0.0025465	116.287	87.1427	2.70532
2.40855	0.002554	118.969	87.0511	4.2797
2.51327	0.002464	108.313	80.0158	8.10137
2.51327	0.0024715	105.853	79.3473	5.86155
2.51327	0.002479	103.839	79.2686	3.99285
2.51327	0.0024865	102.275	79.7174	2.49438
2.51327	0.002494	101.123	79.12	1.36608
2.51327	0.0025015	100.406	79.0589	0.608764
2.51327	0.002509	100.157	78.9968	0.186748
2.51327	0.0025165	100.388	78.9428	0.0246697
2.51327	0.002524	100.942	79.2655	0.159042
2.51327	0.0025315	102.021	79.1811	0.671443
2.51327	0.002539	103.595	79.0985	1.43228
2.51327	0.0025465	105.686	79.0176	2.5685
2.51327	0.002554	108.316	78.9383	4.12064
2.61799	0.002464	98.2322	70.8954	8.2916
2.61799	0.0024715	95.6591	70.8192	6.02293
2.61799	0.002479	93.5276	71.5587	4.12545
2.61799	0.0024865	91.8427	70.6913	2.5982
2.61799	0.002494	90.6107	71.3834	1.44107
2.61799	0.0025015	89.838	70.5791	0.654778
2.61799	0.002509	89.533	70.5318	0.206695
2.61799	0.0025165	89.7044	70.4875	0.0299939
2.61799	0.002524	90.3626	71.0905	0.134459
2.61799	0.0025315	91.477	71.0051	0.614906
2.61799	0.002539	93.0161	70.9219	1.35612
2.61799	0.0025465	94.9575	70.8409	2.45808
2.61799	0.002554	97.4314	70.7619	3.97608
2.72271	0.002464	87.9238	62.5838	8.45215
2.72271	0.0024715	85.4295	62.9566	6.15938
2.72271	0.002479	83.3792	62.9676	4.23786
2.72271	0.0024865	81.6843	62.7975	2.68659
2.72271	0.002494	80.408	62.7253	1.50537
2.72271	0.0025015	79.5706	62.3398	0.694902
2.72271	0.002509	79.14	62.305	0.225043
2.72271	0.0025165	79.1811	62.5396	0.0363041
2.72271	0.002524	79.7053	62.4873	0.115866
2.72271	0.0025315	80.6877	62.44	0.569715
2.72271	0.002539	82.1561	62.6631	1.29465
2.72271	0.0025465	84.139	62.5988	2.37442
2.72271	0.002554	86.6602	62.3268	3.85407
2.82743	0.002464	77.988	54.6504	8.58031
2.82743	0.0024715	75.4631	54.6049	6.26846
2.82743	0.002479	73.3221	54.5669	4.3279
2.82743	0.0024865	71.6138	54.5212	2.7576
2.82743	0.002494	70.2594	54.4681	1.55733
2.82743	0.0025015	69.3259	54.4117	0.727724
2.82743	0.002509	68.8534	54.3699	0.240617
2.82743	0.0025165	68.8513	54.3193	0.0424749
2.82743	0.002524	69.3291	54.2817	0.102378
2.82743	0.0025315	70.2919	54.2489	0.536557
2.82743	0.002539	71.7444	54.2203	1.24739
2.82743	0.0025465	73.7073	54.7384	2.30492
2.82743	0.002554	76.1055	54.1771	3.76895
2.93215	0.002464	68.2994	46.9233	8.67388
2.93215	0.0024715	65.6948	46.866	6.34817
2.93215	0.002479	63.5049	46.8148	4.39379
2.93215	0.0024865	61.7683	46.8654	2.80967
2.93215	0.002494	60.4809	46.7248	1.59557
2.93215	0.0025015	59.6498	46.6857	0.752077
2.93215	0.002509	59.2429	46.6537	0.252455
2.93215	0.0025165	59.1658	46.624	0.0466165
2.93215	0.002524	59.5224	46.6004	0.0932421
2.93215	0.0025315	60.3631	46.5811	0.512456
2.93215	0.002539	61.6876	46.9228	1.21387
2.93215	0.0025465	63.5192	46.5558	2.25531
2.93215	0.002554	65.8786	46.9332	3.70306
3.03687	0.002464	59.3161	39.742	8.73123
3.03687	0.0024715	56.6973	39.7	6.39704
3.03687	0.002479	54.4891	39.6623	4.4342
3.03687	0.0024865	52.7309	39.6303	2.84164
3.03687	0.002494	51.3912	39.6018	1.61907
3.03687	0.0025015	50.4571	39.5806	0.767087
3.03687	0.002509	49.9834	39.5604	0.259831
3.03687	0.0025165	49.8647	39.5454	0.0489025
3.03687	0.002524	50.1892	39.5355	0.087884
3.03687	0.0025315	51.0179	39.5295	0.49797
3.03687	0.002539	52.339	39.5277	1.19375
3.03687	0.0025465	54.1625	39.5298	2.22536
3.03687	0.002554	56.51	39.5676	3.66293
3.14159	0.002464	51.0094	33.2482	8.75137
3.14159	0.0024715	48.3174	33.211	6.41417
3.14159	0.002479	46.051	33.1617	4.44833
3.14159	0.0024865	44.2157	33.1169	2.85276
3.14159	0.002494	42.8075	33.0764	1.62719
3.14159	0.0025015	41.8539	33.0402	0.772208
3.14159	0.002509	41.3569	33.0082	0.262292
3.14159	0.0025165	41.3274	32.9803	0.0496669
3.14159	0.002524	41.7719	33.0284	0.0859407
3.14159	0.0025315	42.5945	32.9388	0.492821
3.14159	0.002539	43.8144	32.9238	1.18678
3.14159	0.0025465	45.5026	32.9142	2.21535
3.14159	0.002554	47.7248	32.9085	3.64891
