#x	y	new0	0_E	0_M
0.426	-3.14159	166.213	46.6297	77.6505
0.426	-3.03687	154.904	37.9394	77.6542
0.426	-2.93215	144.856	30.3903	77.6574
0.426	-2.82743	136.185	24.0054	77.6606
0.426	-2.72271	128.918	18.8405	77.664
0.426	-2.61799	123.083	14.7942	77.6682
0.426	-2.51327	118.542	11.7445	77.6741
0.426	-2.40855	115.139	9.55472	77.6824
0.426	-2.30383	112.711	8.06039	77.6939
0.426	-2.19911	111.088	7.12125	77.7095
0.426	-2.0944	109.996	6.61984	77.73
0.426	-1.98968	109.48	6.41648	77.7274
0.426	-1.88496	109.262	6.38868	77.7216
0.426	-1.78024	109.288	6.43536	77.7207
0.426	-1.67552	109.476	6.48846	77.7252
0.426	-1.5708	109.777	6.47018	77.7355
0.426	-1.46608	110.141	6.32642	77.7514
0.426	-1.36136	110.11	6.07306	77.7727
0.426	-1.25664	110.618	5.79262	77.7991
0.426	-1.15192	111.756	5.65217	77.8244
0.426	-1.0472	111.684	5.79574	77.8219
0.426	-0.942478	114.379	6.37559	77.8234
0.426	-0.837758	116.395	7.5593	77.8283
0.426	-0.733038	119.781	9.52176	77.8353
0.426	-0.628319	124.308	12.4368	77.8437
0.426	-0.523599	130.099	16.469	77.8522
0.426	-0.418879	137.166	21.6269	77.86
0.426	-0.314159	145.762	28.0045	77.8662
0.426	-0.20944	155.969	35.5625	77.8701
0.426	-0.10472	167.581	44.5358	77.8711
0.426	-2.66454e-15	180.611	54.9758	77.8689
0.426	0.10472	195.142	66.8412	77.8635
0.426	0.20944	211.04	80.1605	77.855
0.426	0.314159	228.12	93.7389	77.8438
0.426	0.418879	247.066	108.121	77.8305
0.426	0.523599	265.613	123.026	77.8158
0.426	0.628319	284.338	138.757	77.8007
0.426	0.733038	302.793	153.03	77.7863
0.426	0.837758	319.628	167.628	77.7735
0.426	0.942478	335.966	180.631	77.7636
0.426	1.0472	349.822	192.481	77.7575
0.426	1.15192	362.736	202.501	77.7561
0.426	1.25664	371.024	210.329	77.7305
0.426	1.36136	377.122	215.707	77.7018
0.426	1.46608	380.892	218.316	77.6787
0.426	1.5708	379.048	217.66	77.6619
0.426	1.67552	375.966	214.098	77.6517
0.426	1.78024	369.018	207.994	77.6479
0.426	1.88496	359.45	199.58	77.6504
0.426	1.98968	345.664	189.628	77.6585
0.426	2.0944	332.01	177.109	77.6671
0.426	2.19911	313.865	163.825	77.6504
0.426	2.30383	296.293	149.702	77.6393
0.426	2.40855	279.62	135.142	77.633
0.426	2.51327	261.159	120.536	77.6305
0.426	2.61799	242.938	106.21	77.631
0.426	2.72271	225.33	92.4575	77.6336
0.426	2.82743	207.356	79.515	77.6375
0.426	2.93215	193.118	67.565	77.6419
0.426	3.03687	178.936	56.6112	77.6463
0.426	3.14159	166.213	46.6297	77.6505
0.4345	-3.14159	132.249	44.886	53.84
0.4345	-3.03687	121.233	36.3379	53.8426
0.4345	-2.93215	111.746	28.907	53.8441
0.4345	-2.82743	103.367	22.7187	53.8447
0.4345	-2.72271	96.4336	17.7023	53.8449
0.4345	-2.61799	90.8862	13.7169	53.8453
0.4345	-2.51327	86.4859	10.6188	53.8467
0.4345	-2.40855	83.095	8.39624	53.8502
0.4345	-2.30383	80.6598	6.87891	53.8565
0.4345	-2.19911	79.0127	5.93745	53.8668
0.4345	-2.0944	77.9916	5.42286	53.8818
0.4345	-1.98968	77.4452	5.20183	53.9025
0.4345	-1.88496	77.2403	5.15669	53.9128
0.4345	-1.78024	77.2641	5.20767	53.9042
0.4345	-1.67552	77.3767	5.23662	53.9013
0.4345	-1.5708	77.5942	5.22712	53.9044
0.4345	-1.46608	77.9089	5.10582	53.9136
0.4345	-1.36136	78.3512	4.89176	53.9288
0.4345	-1.25664	78.9504	4.66358	53.9495
0.4345	-1.15192	79.6548	4.58094	53.9751
0.4345	-1.0472	80.7874	4.77357	54.0033
0.4345	-0.942478	82.8622	5.40054	53.9987
0.4345	-0.837758	85.2057	6.59598	53.9981
0.4345	-0.733038	88.4037	8.55141	54.0006
0.4345	-0.628319	92.7943	11.4066	54.0051
0.4345	-0.523599	98.3783	15.3617	54.0105
0.4345	-0.418879	105.357	20.3702	54.016
0.4345	-0.314159	113.798	26.9461	54.0205
0.4345	-0.20944	123.536	33.9802	54.0234
0.4345	-0.10472	134.845	42.8987	54.024
0.4345	-2.66454e-15	147.53	53.5369	54.0222
0.4345	0.10472	161.37	65.3013	54.0177
0.4345	0.20944	176.508	77.6001	54.0108
0.4345	0.314159	192.749	90.237	54.0017
0.4345	0.418879	209.833	104.679	53.9912
0.4345	0.523599	227.433	118.739	53.98
0.4345	0.628319	245.164	133.481	53.969
0.4345	0.733038	262.592	147.777	53.9594
0.4345	0.837758	279.245	161.49	53.952
0.4345	0.942478	294.637	174.214	53.9482
0.4345	1.0472	308.217	185.546	53.9488
0.4345	1.15192	319.565	195.109	53.9204
0.4345	1.25664	328.317	202.574	53.8922
0.4345	1.36136	334.157	207.676	53.8693
0.4345	1.46608	336.756	210.165	53.8526
0.4345	1.5708	336.147	209.564	53.8425
0.4345	1.67552	332.362	206.122	53.8392
0.4345	1.78024	325.456	200.246	53.8427
0.4345	1.88496	315.759	192.15	53.8525
0.4345	1.98968	303.646	182.147	53.8472
0.4345	2.0944	289.531	170.581	53.8291
0.4345	2.19911	273.869	157.834	53.8171
0.4345	2.30383	257.629	144.786	53.8106
0.4345	2.40855	240.881	130.314	53.8085
0.4345	2.51327	222.839	116.293	53.8099
0.4345	2.61799	205.582	102.537	53.8138
0.4345	2.72271	188.901	89.3202	53.8192
0.4345	2.82743	173.09	76.8703	53.8251
0.4345	2.93215	157.837	65.3448	53.8309
0.4345	3.03687	144.411	54.5166	53.836
0.4345	3.14159	132.249	44.886	53.84
0.443	-3.14159	104.804	43.2731	34.9452
0.443	-3.03687	94.3436	34.8517	34.8958
0.443	-2.93215	84.9222	27.6598	34.895
0.443	-2.82743	76.9558	21.6605	34.9049
0.443	-2.72271	70.3728	16.6091	34.9124
0.443	-2.61799	64.906	12.6274	34.8946
0.443	-2.51327	60.598	9.60613	34.8932
0.443	-2.40855	57.3498	7.41582	34.9203
0.443	-2.30383	55.0057	5.91875	34.9223
0.443	-2.19911	53.4063	4.97858	34.9269
0.443	-2.0944	52.3977	4.44723	34.9255
0.443	-1.98968	51.8356	4.20887	34.9461
0.443	-1.88496	51.5945	4.14711	34.97
0.443	-1.78024	51.62	4.17043	34.9669
0.443	-1.67552	51.6725	4.21574	34.9626
0.443	-1.5708	51.8214	4.20627	34.9638
0.443	-1.46608	52.0602	4.10455	34.9778
0.443	-1.36136	52.4185	3.92877	34.9694
0.443	-1.25664	53.0314	3.75103	34.9874
0.443	-1.15192	53.7924	3.72003	35.011
0.443	-1.0472	54.8619	3.96359	35.0405
0.443	-0.942478	56.443	4.61881	35.0512
0.443	-0.837758	58.6392	5.84128	35.0406
0.443	-0.733038	61.9145	7.7897	35.0493
0.443	-0.628319	66.2095	10.4925	35.0525
0.443	-0.523599	71.5408	14.4904	35.0687
0.443	-0.418879	78.201	19.3339	35.069
0.443	-0.314159	86.3037	25.5247	35.0728
0.443	-0.20944	95.9217	33.2048	35.0483
0.443	-0.10472	106.7	41.3013	35.0761
0.443	-2.66454e-15	118.939	52.2551	35.0747
0.443	0.10472	132.257	62.2024	35.0458
0.443	0.20944	146.637	75.4501	35.0396
0.443	0.314159	162.068	87.0132	35.0637
0.443	0.418879	178.304	101.467	35.0915
0.443	0.523599	195.032	115.29	35.0235
0.443	0.628319	211.887	129.051	35.0243
0.443	0.733038	228.456	142.902	35.0169
0.443	0.837758	244.282	156.039	34.9979
0.443	0.942478	258.844	168.221	35.0364
0.443	1.0472	271.737	179.06	34.9969
0.443	1.15192	282.536	188.198	34.9688
0.443	1.25664	290.871	195.32	34.9413
0.443	1.36136	296.364	200.174	34.9839
0.443	1.46608	298.86	202.547	34.9281
0.443	1.5708	298.313	201.998	34.9153
0.443	1.67552	294.731	198.683	34.9139
0.443	1.78024	288.182	193.026	34.9184
0.443	1.88496	279.012	185.252	34.922
0.443	1.98968	267.551	175.647	34.9034
0.443	2.0944	254.189	164.543	34.8845
0.443	2.19911	239.321	152.303	34.888
0.443	2.30383	223.421	139.297	34.8885
0.443	2.40855	206.959	125.89	34.8876
0.443	2.51327	190.502	112.423	34.8662
0.443	2.61799	174.733	99.2011	34.8869
0.443	2.72271	158.902	86.4912	34.8916
0.443	2.82743	143.354	74.5117	34.8979
0.443	2.93215	129.421	63.1239	34.8845
0.443	3.03687	116.678	52.6842	34.9444
0.443	3.14159	104.804	43.2731	34.8947
0.4515	-3.14159	83.5736	41.7362	20.8048
0.4515	-3.03687	73.3046	33.5954	20.8067
0.4515	-2.93215	64.3508	26.6009	20.8065
0.4515	-2.82743	56.776	20.5555	20.8056
0.4515	-2.72271	50.2876	15.6397	20.8051
0.4515	-2.61799	45.032	11.7589	20.81
0.4515	-2.51327	40.9195	8.80321	20.8057
0.4515	-2.40855	37.8114	6.64936	20.8087
0.4515	-2.30383	35.5593	5.16602	20.816
0.4515	-2.19911	34.0122	4.22627	20.8276
0.4515	-2.0944	33.0231	3.67926	20.8431
0.4515	-1.98968	32.4556	3.42382	20.8708
0.4515	-1.88496	32.1901	3.3482	20.8632
0.4515	-1.78024	32.1287	3.36346	20.851
0.4515	-1.67552	32.2168	3.39612	20.8472
0.4515	-1.5708	32.3108	3.39346	20.8498
0.4515	-1.46608	32.4902	3.30507	20.8592
0.4515	-1.36136	32.783	3.13333	20.8755
0.4515	-1.25664	33.2517	2.96494	20.8964
0.4515	-1.15192	33.989	2.9628	20.9239
0.4515	-1.0472	34.781	3.21538	20.9284
0.4515	-0.942478	36.3172	3.89542	20.9192
0.4515	-0.837758	38.5443	5.14895	20.9176
0.4515	-0.733038	41.6287	7.13278	20.9194
0.4515	-0.628319	45.7358	9.76858	20.9234
0.4515	-0.523599	50.9777	13.5918	20.9289
0.4515	-0.418879	57.4061	18.3078	20.9354
0.4515	-0.314159	65.098	24.2474	20.9409
0.4515	-0.20944	74.2425	31.5996	20.9446
0.4515	-0.10472	84.8109	39.8759	20.9463
0.4515	-2.66454e-15	96.4636	50.6071	20.945
0.4515	0.10472	109.463	60.7716	20.9419
0.4515	0.20944	123.157	72.8304	20.9369
0.4515	0.314159	137.821	84.435	20.9304
0.4515	0.418879	153.25	97.438	20.9213
0.4515	0.523599	169.149	111.887	20.9114
0.4515	0.628319	185.168	125.229	20.903
0.4515	0.733038	200.915	138.375	20.8955
0.4515	0.837758	215.914	150.966	20.8909
0.4515	0.942478	229.754	162.627	20.8897
0.4515	1.0472	242.01	172.995	20.896
0.4515	1.15192	252.278	181.726	20.8927
0.4515	1.25664	260.206	188.521	20.8639
0.4515	1.36136	265.42	193.14	20.8417
0.4515	1.46608	267.807	195.399	20.8235
0.4515	1.5708	267.308	194.903	20.8152
0.4515	1.67552	263.938	191.72	20.8107
0.4515	1.78024	257.742	186.282	20.8146
0.4515	1.88496	249.062	178.815	20.8282
0.4515	1.98968	238.207	169.593	20.8347
0.4515	2.0944	225.55	158.934	20.8131
0.4515	2.19911	211.494	147.183	20.7981
0.4515	2.30383	196.425	134.696	20.79
0.4515	2.40855	180.821	121.82	20.7851
0.4515	2.51327	165.077	108.88	20.7844
0.4515	2.61799	149.553	96.1719	20.7861
0.4515	2.72271	134.56	83.9488	20.79
0.4515	2.82743	120.491	72.2476	20.794
0.4515	2.93215	107.277	61.164	20.7987
0.4515	3.03687	94.848	51.0562	20.8019
0.4515	3.14159	83.5736	41.7362	20.8044
0.46	-3.14159	67.9206	40.4248	11.1138
0.46	-3.03687	58.0678	32.5187	11.115
0.46	-2.93215	49.5546	25.5136	11.1159
0.46	-2.82743	42.1061	19.6525	11.1168
0.46	-2.72271	35.8938	14.8731	11.1182
0.46	-2.61799	30.8837	11.0892	11.1209
0.46	-2.51327	26.9588	8.16894	11.1255
0.46	-2.40855	23.9868	5.97309	11.1331
0.46	-2.30383	21.8032	4.45342	11.1516
0.46	-2.19911	20.248	3.47017	11.1701
0.46	-2.0944	19.2429	2.89969	11.1749
0.46	-1.98968	18.6522	2.61858	11.1616
0.46	-1.88496	18.3569	2.52001	11.1533
0.46	-1.78024	18.2601	2.52179	11.1506
0.46	-1.67552	18.2919	2.54487	11.1543
0.46	-1.5708	18.3584	2.53558	11.1646
0.46	-1.46608	18.5929	2.45185	11.1816
0.46	-1.36136	18.7976	2.31494	11.2145
0.46	-1.25664	19.1717	2.19698	11.2187
0.46	-1.15192	19.7525	2.22756	11.2088
0.46	-1.0472	20.6834	2.58721	11.2047
0.46	-0.942478	22.1227	3.25338	11.2057
0.46	-0.837758	24.222	4.51369	11.2106
0.46	-0.733038	27.1403	6.49959	11.2185
0.46	-0.628319	31.0349	9.29186	11.2283
0.46	-0.523599	35.9955	12.8735	11.2387
0.46	-0.418879	42.2185	17.6936	11.2527
0.46	-0.314159	49.7389	23.7758	11.2663
0.46	-0.20944	58.4386	31.2675	11.273
0.46	-0.10472	68.5569	39.0767	11.2779
0.46	-2.66454e-15	79.9154	48.4639	11.2783
0.46	0.10472	92.2727	59.1195	11.2753
0.46	0.20944	105.634	70.3774	11.2682
0.46	0.314159	119.573	82.2502	11.2591
0.46	0.418879	134.238	95.5128	11.2431
0.46	0.523599	149.35	108.369	11.2267
0.46	0.628319	164.574	121.574	11.214
0.46	0.733038	179.539	134.179	11.202
0.46	0.837758	193.806	146.241	11.1919
0.46	0.942478	206.957	157.406	11.1849
0.46	1.0472	218.6	167.323	11.1821
0.46	1.15192	228.355	175.667	11.1845
0.46	1.25664	235.889	182.148	11.1928
0.46	1.36136	240.885	186.543	11.1912
0.46	1.46608	243.157	188.69	11.1608
0.46	1.5708	242.691	188.244	11.1395
0.46	1.67552	239.512	185.195	11.1287
0.46	1.78024	233.694	179.968	11.1249
0.46	1.88496	225.464	172.797	11.1276
0.46	1.98968	215.171	163.943	11.1365
0.46	2.0944	203.168	153.711	11.1506
0.46	2.19911	189.843	142.43	11.1502
0.46	2.30383	175.598	130.441	11.1331
0.46	2.40855	160.829	118.074	11.116
0.46	2.51327	145.892	105.642	11.1102
0.46	2.61799	131.163	93.4259	11.1077
0.46	2.72271	116.936	81.6574	11.1074
0.46	2.82743	103.457	70.1258	11.1085
0.46	2.93215	90.7712	59.4468	11.1103
0.46	3.03687	78.8448	49.4249	11.1122
0.46	3.14159	67.9206	40.4248	11.1138
0.4685	-3.14159	57.183	39.3246	5.07974
0.4685	-3.03687	47.8783	31.4172	5.08156
0.4685	-2.93215	39.5472	24.6315	5.08553
0.4685	-2.82743	32.392	18.9442	5.09193
0.4685	-2.72271	26.4705	14.2638	5.10125
0.4685	-2.61799	21.6918	10.4319	5.09479
0.4685	-2.51327	17.8567	7.49421	5.08564
0.4685	-2.40855	14.8927	5.33378	5.07737
0.4685	-2.30383	12.7339	3.8257	5.07114
0.4685	-2.19911	11.2371	2.84273	5.06809
0.4685	-2.0944	10.2633	2.26224	5.06933
0.4685	-1.98968	9.68336	1.96376	5.07585
0.4685	-1.88496	9.38357	1.84999	5.08847
0.4685	-1.78024	9.2143	1.83587	5.10782
0.4685	-1.67552	9.16153	1.85997	5.12474
0.4685	-1.5708	9.18875	1.85279	5.10985
0.4685	-1.46608	9.38282	1.78755	5.1017
0.4685	-1.36136	9.56454	1.68381	5.1003
0.4685	-1.25664	9.89272	1.60777	5.10536
0.4685	-1.15192	10.4148	1.68922	5.11632
0.4685	-1.0472	11.3054	2.04131	5.13237
0.4685	-0.942478	12.7018	2.79089	5.15248
0.4685	-0.837758	14.7554	4.07709	5.16861
0.4685	-0.733038	17.6248	6.04478	5.15863
0.4685	-0.628319	21.3305	8.60835	5.15253
0.4685	-0.523599	26.0559	12.3738	5.14933
0.4685	-0.418879	31.987	16.8812	5.14808
0.4685	-0.314159	39.2268	22.9635	5.14792
0.4685	-0.20944	47.7758	29.8867	5.14814
0.4685	-0.10472	57.4182	37.7886	5.14818
0.4685	-2.66454e-15	68.3999	47.2845	5.14771
0.4685	0.10472	80.2855	57.207	5.1466
0.4685	0.20944	93.1455	68.0543	5.14497
0.4685	0.314159	106.612	80.0599	5.14316
0.4685	0.418879	120.557	92.035	5.14172
0.4685	0.523599	134.923	104.752	5.14137
0.4685	0.628319	149.395	118.178	5.14298
0.4685	0.733038	163.616	130.295	5.14749
0.4685	0.837758	177.204	141.851	5.1559
0.4685	0.942478	189.731	152.539	5.14163
0.4685	1.0472	200.789	162.024	5.1203
0.4685	1.15192	210.05	169.994	5.10307
0.4685	1.25664	217.201	176.195	5.09098
0.4685	1.36136	221.993	180.36	5.0849
0.4685	1.46608	224.186	182.392	5.0854
0.4685	1.5708	223.738	181.994	5.09281
0.4685	1.67552	220.717	179.082	5.10714
0.4685	1.78024	215.244	174.058	5.09396
0.4685	1.88496	207.488	167.172	5.07438
0.4685	1.98968	197.714	158.672	5.06175
0.4685	2.0944	186.318	148.85	5.05545
0.4685	2.19911	173.666	138.021	5.05467
0.4685	2.30383	160.14	126.509	5.05843
0.4685	2.40855	146.12	114.632	5.06561
0.4685	2.51327	131.967	102.687	5.07505
0.4685	2.61799	118.014	90.945	5.0856
0.4685	2.72271	104.534	79.3487	5.09534
0.4685	2.82743	91.6126	68.2455	5.08737
0.4685	2.93215	79.1958	57.7533	5.08242
0.4685	3.03687	67.7988	48.0167	5.07998
0.4685	3.14159	57.183	39.3246	5.07974
0.477	-3.14159	50.646	38.1695	1.75245
0.477	-3.03687	41.5731	30.5124	1.75265
0.477	-2.93215	33.5126	23.9383	1.75241
0.477	-2.82743	26.6871	18.3139	1.75207
0.477	-2.72271	21.0142	13.6146	1.75216
0.477	-2.61799	16.2481	9.87605	1.75343
0.477	-2.51327	12.5087	6.99941	1.75674
0.477	-2.40855	9.67061	4.87322	1.76306
0.477	-2.30383	7.59997	3.37838	1.77341
0.477	-2.19911	6.15338	2.39361	1.78881
0.477	-2.0944	5.17165	1.80037	1.80044
0.477	-1.98968	4.56175	1.48822	1.78435
0.477	-1.88496	4.21387	1.35974	1.77334
0.477	-1.78024	4.04043	1.33524	1.76831
0.477	-1.67552	3.97868	1.35371	1.76987
0.477	-1.5708	4.06152	1.34974	1.77839
0.477	-1.46608	4.13468	1.30233	1.79394
0.477	-1.36136	4.24779	1.22921	1.81626
0.477	-1.25664	4.50438	1.19642	1.81623
0.477	-1.15192	5.00308	1.32314	1.80353
0.477	-1.0472	5.85543	1.71627	1.79706
0.477	-0.942478	7.1925	2.46288	1.79602
0.477	-0.837758	9.15891	3.68443	1.79946
0.477	-0.733038	11.8574	5.53782	1.80626
0.477	-0.628319	15.4714	8.51272	1.81527
0.477	-0.523599	20.1616	11.7149	1.82531
0.477	-0.418879	25.8635	16.2412	1.83525
0.477	-0.314159	32.7819	21.9637	1.8441
0.477	-0.20944	41.0176	28.9063	1.851
0.477	-0.10472	50.4442	36.9102	1.85532
0.477	-2.66454e-15	60.8868	45.6246	1.85664
0.477	0.10472	72.551	55.4656	1.85484
0.477	0.20944	84.8356	66.4106	1.85004
0.477	0.314159	97.9906	77.7116	1.84261
0.477	0.418879	111.298	89.6996	1.8332
0.477	0.523599	124.965	101.65	1.82263
0.477	0.628319	138.782	113.753	1.81191
0.477	0.733038	152.267	126.124	1.80215
0.477	0.837758	165.135	137.775	1.79455
0.477	0.942478	177.01	147.999	1.79026
0.477	1.0472	187.528	157.076	1.7904
0.477	1.15192	196.345	164.69	1.79596
0.477	1.25664	203.167	170.589	1.80774
0.477	1.36136	207.729	174.567	1.81112
0.477	1.46608	209.81	176.485	1.78805
0.477	1.5708	209.432	176.132	1.77179
0.477	1.67552	206.621	173.36	1.76262
0.477	1.78024	201.424	168.534	1.76051
0.477	1.88496	194.047	161.92	1.76513
0.477	1.98968	184.818	153.76	1.77586
0.477	2.0944	174.054	144.332	1.79185
0.477	2.19911	162.069	133.937	1.7838
0.477	2.30383	149.204	122.884	1.76841
0.477	2.40855	135.881	111.477	1.75822
0.477	2.51327	122.436	100	1.75223
0.477	2.61799	109.175	88.5948	1.74941
0.477	2.72271	96.3621	77.2803	1.74876
0.477	2.82743	83.7798	66.5311	1.7494
0.477	2.93215	71.983	56.212	1.75058
0.477	3.03687	60.7653	46.8172	1.75172
0.477	3.14159	50.646	38.1695	1.75245
0.4855	-3.14159	46.9416	37.2005	0.368171
0.4855	-3.03687	38.0574	29.7919	0.369117
0.4855	-2.93215	30.3704	23.2867	0.371997
0.4855	-2.82743	23.8034	17.7125	0.377116
0.4855	-2.72271	18.1539	13.1395	0.384979
0.4855	-2.61799	13.581	9.49106	0.395667
0.4855	-2.51327	9.97634	6.67346	0.379184
0.4855	-2.40855	7.22204	4.58036	0.367964
0.4855	-2.30383	5.19102	3.09847	0.359561
0.4855	-2.19911	3.76245	2.09368	0.353135
0.4855	-2.0944	2.79758	1.46984	0.351007
0.4855	-1.98968	2.20434	1.13206	0.354245
0.4855	-1.88496	1.86411	0.983108	0.363753
0.4855	-1.78024	1.69228	0.943065	0.380608
0.4855	-1.67552	1.62912	0.95111	0.399963
0.4855	-1.5708	1.61708	0.94048	0.379599
0.4855	-1.46608	1.62605	0.890439	0.368517
0.4855	-1.36136	1.73007	0.818974	0.363347
0.4855	-1.25664	1.98479	0.79218	0.365064
0.4855	-1.15192	2.4738	0.930692	0.373122
0.4855	-1.0472	3.30332	1.34174	0.387
0.4855	-0.942478	4.56245	2.14637	0.405324
0.4855	-0.837758	6.3932	3.47731	0.413801
0.4855	-0.733038	8.97336	5.36483	0.400063
0.4855	-0.628319	12.447	7.95432	0.39192
0.4855	-0.523599	16.9503	11.4839	0.388078
0.4855	-0.418879	22.6039	16.0355	0.385585
0.4855	-0.314159	29.3714	21.6237	0.38467
0.4855	-0.20944	37.2788	28.0696	0.384588
0.4855	-0.10472	46.432	35.6757	0.384773
0.4855	-2.66454e-15	56.5909	44.5375	0.384866
0.4855	0.10472	67.6731	54.1769	0.384739
0.4855	0.20944	79.6557	64.6502	0.384497
0.4855	0.314159	92.14	75.8361	0.38448
0.4855	0.418879	105.113	87.346	0.385235
0.4855	0.523599	118.067	99.0862	0.387492
0.4855	0.628319	131.109	110.682	0.391027
0.4855	0.733038	143.918	122.15	0.398758
0.4855	0.837758	156.151	133.18	0.411678
0.4855	0.942478	167.453	143.79	0.406486
0.4855	1.0472	177.476	152.462	0.387744
0.4855	1.15192	185.876	159.736	0.37333
0.4855	1.25664	192.309	165.361	0.364659
0.4855	1.36136	196.623	169.145	0.362265
0.4855	1.46608	198.672	170.955	0.366721
0.4855	1.5708	198.388	170.637	0.377114
0.4855	1.67552	195.671	168.008	0.396325
0.4855	1.78024	190.756	163.367	0.381091
0.4855	1.88496	183.829	157.064	0.363698
0.4855	1.98968	175.126	149.186	0.353448
0.4855	2.0944	164.866	140.137	0.349695
0.4855	2.19911	153.484	130.159	0.351419
0.4855	2.30383	141.32	119.548	0.357564
0.4855	2.40855	128.713	108.592	0.365843
0.4855	2.51327	115.984	97.566	0.377051
0.4855	2.61799	103.398	86.3252	0.395837
0.4855	2.72271	90.9086	75.4376	0.384986
0.4855	2.82743	78.8393	64.8236	0.377041
0.4855	2.93215	67.3662	54.875	0.371907
0.4855	3.03687	56.6378	45.6442	0.369061
0.4855	3.14159	46.9416	37.2005	0.368171
0.494	-3.14159	44.7179	36.4098	0.0496669
0.494	-3.03687	36.2305	29.1201	0.04877
0.494	-2.93215	28.7916	22.6922	0.0463289
0.494	-2.82743	22.2742	17.2787	0.0427118
0.494	-2.72271	16.8679	12.8277	0.0385189
0.494	-2.61799	12.4902	9.2665	0.0345525
0.494	-2.51327	9.04021	6.41143	0.0317751
0.494	-2.40855	6.3725	4.27365	0.0312632
0.494	-2.30383	4.34501	2.75186	0.034066
0.494	-2.19911	2.91449	1.73059	0.0413393
0.494	-2.0944	1.95572	1.09672	0.0542055
0.494	-1.98968	1.35167	0.744853	0.073632
0.494	-1.88496	0.998128	0.582088	0.0592775
0.494	-1.78024	0.814619	0.532416	0.0433272
0.494	-1.67552	0.709566	0.534501	0.034065
0.494	-1.5708	0.654873	0.526681	0.0319687
0.494	-1.46608	0.664069	0.492444	0.03815
0.494	-1.36136	0.768561	0.450731	0.0510754
0.494	-1.25664	1.02463	0.464347	0.070869
0.494	-1.15192	1.51486	0.653682	0.0723311
0.494	-1.0472	2.3451	1.09432	0.0557506
0.494	-0.942478	3.56495	1.92743	0.0454844
0.494	-0.837758	5.40156	3.2649	0.0406143
0.494	-0.733038	7.96121	5.23364	0.0400841
0.494	-0.628319	11.3165	7.76438	0.043783
0.494	-0.523599	15.6432	11.1408	0.0497822
0.494	-0.418879	21.049	15.4752	0.0565775
0.494	-0.314159	27.651	20.8627	0.06313
0.494	-0.20944	35.3134	27.3738	0.068572
0.494	-0.10472	43.9952	34.9852	0.0709465
0.494	-2.66454e-15	53.8925	43.4478	0.072365
0.494	0.10472	64.5982	52.9846	0.0715842
0.494	0.20944	76.1832	63.1569	0.0698389
0.494	0.314159	88.3161	74.0557	0.0649619
0.494	0.418879	100.824	85.2267	0.0588953
0.494	0.523599	113.386	96.6829	0.0524854
0.494	0.628319	125.781	107.877	0.0467572
0.494	0.733038	137.946	118.857	0.0430723
0.494	0.837758	149.556	129.408	0.0435585
0.494	0.942478	160.273	139.223	0.0482511
0.494	1.0472	169.769	148.125	0.0582026
0.494	1.15192	177.736	155.111	0.0743426
0.494	1.25664	183.91	160.476	0.0764903
0.494	1.36136	188.069	164.074	0.0561822
0.494	1.46608	189.971	165.781	0.0426927
0.494	1.5708	189.661	165.487	0.0357983
0.494	1.67552	187.161	163.003	0.0371481
0.494	1.78024	182.553	158.547	0.0456654
0.494	1.88496	175.928	152.45	0.0608864
0.494	1.98968	167.633	144.933	0.0785362
0.494	2.0944	157.949	136.249	0.0582853
0.494	2.19911	147.191	126.742	0.0446477
0.494	2.30383	135.626	116.484	0.0366674
0.494	2.40855	123.612	106.07	0.0332797
0.494	2.51327	111.483	95.1462	0.0332847
0.494	2.61799	99.414	84.2844	0.0356375
0.494	2.72271	87.3184	73.6486	0.0392662
0.494	2.82743	75.7858	63.3215	0.0431981
0.494	2.93215	64.5894	53.6847	0.0466165
0.494	3.03687	54.3419	44.5701	0.0489025
0.494	3.14159	44.7179	36.4098	0.0496669
0.5025	-3.14159	43.5315	35.721	0.1094
0.5025	-3.03687	35.3227	28.4914	0.109309
0.5025	-2.93215	27.9484	22.2595	0.109767
0.5025	-2.82743	21.6925	17.0013	0.111123
0.5025	-2.72271	16.4997	12.5835	0.113942
0.5025	-2.61799	12.1905	8.96793	0.118976
0.5025	-2.51327	8.71739	6.15801	0.127123
0.5025	-2.40855	6.06315	4.05283	0.139374
0.5025	-2.30383	4.10627	2.54438	0.144296
0.5025	-2.19911	2.72398	1.52236	0.126727
0.5025	-2.0944	1.79719	0.878936	0.112856
0.5025	-1.98968	1.19538	0.513575	0.103922
0.5025	-1.88496	0.805234	0.337613	0.100993
0.5025	-1.78024	0.577809	0.278535	0.104911
0.5025	-1.67552	0.458658	0.27342	0.116247
0.5025	-1.5708	0.419057	0.268263	0.135267
0.5025	-1.46608	0.457092	0.249942	0.135506
0.5025	-1.36136	0.563269	0.236234	0.116841
0.5025	-1.25664	0.800761	0.288196	0.105741
0.5025	-1.15192	1.2444	0.508958	0.101754
0.5025	-1.0472	2.03091	0.975763	0.104159
0.5025	-0.942478	3.27976	1.74415	0.111989
0.5025	-0.837758	5.05937	2.97498	0.12409
0.5025	-0.733038	7.54641	4.82971	0.13918
0.5025	-0.628319	10.8847	7.41241	0.149141
0.5025	-0.523599	15.1829	10.8943	0.13702
0.5025	-0.418879	20.3968	15.3234	0.128708
0.5025	-0.314159	26.6682	20.552	0.12334
0.5025	-0.20944	34.1443	26.8574	0.12018
0.5025	-0.10472	42.6752	34.2761	0.118663
0.5025	-2.66454e-15	52.1677	42.6226	0.118433
0.5025	0.10472	62.76	51.8145	0.119356
0.5025	0.20944	73.8555	61.8575	0.121535
0.5025	0.314159	85.6977	72.3353	0.125297
0.5025	0.418879	97.6777	83.3279	0.131179
0.5025	0.523599	109.945	94.3172	0.139895
0.5025	0.628319	121.818	105.324	0.15229
0.5025	0.733038	133.412	115.834	0.145423
0.5025	0.837758	144.486	125.928	0.130652
0.5025	0.942478	154.721	135.31	0.118685
0.5025	1.0472	163.763	143.687	0.110807
0.5025	1.15192	171.316	150.784	0.10818
0.5025	1.25664	177.158	155.915	0.111785
0.5025	1.36136	181.09	159.336	0.122365
0.5025	1.46608	182.981	160.945	0.140398
0.5025	1.5708	182.686	160.666	0.143853
0.5025	1.67552	180.27	158.321	0.124064
0.5025	1.78024	175.869	154.051	0.111893
0.5025	1.88496	169.649	148.198	0.107105
0.5025	1.98968	161.759	140.984	0.10916
0.5025	2.0944	152.513	132.65	0.117246
0.5025	2.19911	142.244	123.458	0.130318
0.5025	2.30383	131.263	113.677	0.147159
0.5025	2.40855	119.874	103.573	0.144529
0.5025	2.51327	108.35	92.9665	0.131378
0.5025	2.61799	96.4324	82.4591	0.122393
0.5025	2.72271	84.879	71.9616	0.116584
0.5025	2.82743	73.4775	62.0127	0.113047
0.5025	2.93215	62.7973	52.4719	0.111022
0.5025	3.03687	52.7235	43.6721	0.109928
0.5025	3.14159	43.5315	35.721	0.1094
0.511	-3.14159	42.7251	35.0173	0.18024
0.511	-3.03687	34.5585	28.0179	0.180387
0.511	-2.93215	27.4743	21.9753	0.181726
0.511	-2.82743	21.4557	16.7284	0.184607
0.511	-2.72271	16.2126	12.3362	0.189597
0.511	-2.61799	11.9518	8.80522	0.197451
0.511	-2.51327	8.58641	6.05109	0.209063
0.511	-2.40855	6.00814	3.97777	0.203646
0.511	-2.30383	4.10169	2.48242	0.18783
0.511	-2.19911	2.73786	1.45991	0.174917
0.511	-2.0944	1.78757	0.807479	0.166242
0.511	-1.98968	1.16474	0.429218	0.163023
0.511	-1.88496	0.777566	0.240605	0.166299
0.511	-1.78024	0.552572	0.172417	0.176869
0.511	-1.67552	0.437972	0.159387	0.195253
0.511	-1.5708	0.406222	0.157161	0.196068
0.511	-1.46608	0.452006	0.153748	0.176402
0.511	-1.36136	0.532182	0.166086	0.164611
0.511	-1.25664	0.756574	0.247781	0.160476
0.511	-1.15192	1.21768	0.475235	0.163457
0.511	-1.0472	2.01314	0.937368	0.172728
0.511	-0.942478	3.24245	1.73862	0.187216
0.511	-0.837758	4.95811	2.9952	0.205661
0.511	-0.733038	7.37323	4.82985	0.195523
0.511	-0.628319	10.6275	7.36608	0.183426
0.511	-0.523599	14.838	10.7221	0.175536
0.511	-0.418879	20.0704	15.0052	0.170827
0.511	-0.314159	26.1741	20.3048	0.168369
0.511	-0.20944	33.3868	26.4919	0.167354
0.511	-0.10472	41.7743	33.6644	0.167181
0.511	-2.66454e-15	51.0729	41.9029	0.167466
0.511	0.10472	61.2393	50.8199	0.168066
0.511	0.20944	72.1708	60.5792	0.16909
0.511	0.314159	83.518	70.8132	0.170891
0.511	0.418879	95.3435	81.4655	0.174041
0.511	0.523599	107.07	92.1778	0.17932
0.511	0.628319	118.784	102.844	0.187639
0.511	0.733038	129.842	113.069	0.200009
0.511	0.837758	140.396	122.723	0.213551
0.511	0.942478	150.144	131.691	0.195351
0.511	1.0472	158.787	139.692	0.180906
0.511	1.15192	166.005	146.465	0.171487
0.511	1.25664	171.55	151.779	0.168179
0.511	1.36136	175.273	155.312	0.17183
0.511	1.46608	177.05	156.43	0.183005
0.511	1.5708	176.825	156.154	0.201953
0.511	1.67552	174.503	153.942	0.204752
0.511	1.78024	170.283	149.864	0.185493
0.511	1.88496	164.331	144.245	0.173996
0.511	1.98968	156.861	137.322	0.169774
0.511	2.0944	148.049	129.324	0.172056
0.511	2.19911	138.238	120.502	0.17983
0.511	2.30383	127.747	111.113	0.1919
0.511	2.40855	116.866	101.074	0.206946
0.511	2.51327	105.576	90.882	0.214263
0.511	2.61799	94.1649	80.5868	0.201669
0.511	2.72271	82.8016	70.4706	0.192889
0.511	2.82743	71.8129	60.7358	0.187024
0.511	2.93215	61.3681	51.4359	0.183311
0.511	3.03687	51.5508	42.9398	0.181171
0.511	3.14159	42.7251	35.0173	0.18024
0.5195	-3.14159	41.8576	34.4673	0.10857
0.5195	-3.03687	33.9715	27.6903	0.108322
0.5195	-2.93215	27.1274	21.6789	0.108324
0.5195	-2.82743	21.0059	16.5069	0.10895
0.5195	-2.72271	15.9101	12.229	0.110809
0.5195	-2.61799	11.7662	8.78023	0.114707
0.5195	-2.51327	8.48302	6.08048	0.121611
0.5195	-2.40855	5.95763	4.03847	0.132587
0.5195	-2.30383	4.04611	2.55191	0.148747
0.5195	-2.19911	2.64342	1.49323	0.129907
0.5195	-2.0944	1.69039	0.810112	0.113923
0.5195	-1.98968	1.0468	0.406453	0.103086
0.5195	-1.88496	0.632043	0.197522	0.0985414
0.5195	-1.78024	0.386931	0.114063	0.101201
0.5195	-1.67552	0.259451	0.0906573	0.111688
0.5195	-1.5708	0.222243	0.0817119	0.130306
0.5195	-1.46608	0.2739	0.074694	0.13227
0.5195	-1.36136	0.402839	0.0874006	0.11259
0.5195	-1.25664	0.656641	0.179528	0.100931
0.5195	-1.15192	1.13599	0.448202	0.0968211
0.5195	-1.0472	1.96016	0.932898	0.0994919
0.5195	-0.942478	3.24276	1.74766	0.107918
0.5195	-0.837758	4.96415	3.04437	0.120874
0.5195	-0.733038	7.34414	4.92724	0.136999
0.5195	-0.628319	10.5293	7.45034	0.13856
0.5195	-0.523599	14.6352	10.7302	0.126692
0.5195	-0.418879	19.7333	14.9004	0.118705
0.5195	-0.314159	25.874	20.0463	0.113672
0.5195	-0.20944	32.9315	26.2296	0.110798
0.5195	-0.10472	41.0369	33.2028	0.109482
0.5195	-2.66454e-15	50.2503	41.1566	0.10934
0.5195	0.10472	60.1218	49.9906	0.110231
0.5195	0.20944	70.7761	59.3862	0.112264
0.5195	0.314159	81.8633	69.4781	0.115788
0.5195	0.418879	93.3153	79.709	0.121385
0.5195	0.523599	104.791	90.2522	0.129818
0.5195	0.628319	116.095	100.475	0.141995
0.5195	0.733038	126.937	110.545	0.143557
0.5195	0.837758	137.024	119.779	0.127771
0.5195	0.942478	146.335	128.35	0.114963
0.5195	1.0472	154.585	135.991	0.106494
0.5195	1.15192	161.467	142.454	0.1036
0.5195	1.25664	166.749	147.519	0.107319
0.5195	1.36136	170.29	150.883	0.118445
0.5195	1.46608	171.973	152.331	0.137473
0.5195	1.5708	171.745	152.015	0.139185
0.5195	1.67552	169.52	149.905	0.119772
0.5195	1.78024	165.478	146.112	0.108421
0.5195	1.88496	159.783	140.773	0.104862
0.5195	1.98968	152.639	134.094	0.108504
0.5195	2.0944	144.226	126.387	0.118465
0.5195	2.19911	134.841	117.869	0.133623
0.5195	2.30383	124.806	108.577	0.152671
0.5195	2.40855	114.249	98.942	0.13783
0.5195	2.51327	103.221	88.9809	0.125934
0.5195	2.61799	92.1625	78.9027	0.118176
0.5195	2.72271	81.0479	69.164	0.113489
0.5195	2.82743	70.4379	59.5371	0.110901
0.5195	2.93215	60.121	50.6064	0.109595
0.5195	3.03687	50.6724	42.1549	0.108948
0.5195	3.14159	41.8576	34.4825	0.10857
0.528	-3.14159	41.3274	34.0617	0.0520204
0.528	-3.03687	33.6706	27.3735	0.0507633
0.528	-2.93215	26.735	21.4529	0.0472682
0.528	-2.82743	20.7816	16.4183	0.0419542
0.528	-2.72271	15.8125	12.2513	0.0355051
0.528	-2.61799	11.758	8.88242	0.0288353
0.528	-2.51327	8.44591	6.14479	0.0230482
0.528	-2.40855	5.83083	4.05531	0.0194471
0.528	-2.30383	3.8747	2.53161	0.0189763
0.528	-2.19911	2.46578	1.47339	0.022856
0.528	-2.0944	1.49585	0.7824	0.0326838
0.528	-1.98968	0.865417	0.366997	0.0495874
0.528	-1.88496	0.470199	0.146372	0.051328
0.528	-1.78024	0.2044	0.0527574	0.031761
0.528	-1.67552	0.0615279	0.0220111	0.0196445
0.528	-1.5708	0.0155386	0.0155386	0.0155386
0.528	-1.46608	0.0626925	0.0227301	0.0197035
0.528	-1.36136	0.22432	0.0600103	0.0320506
0.528	-1.25664	0.546705	0.177133	0.0520904
0.528	-1.15192	1.0447	0.447342	0.0507913
0.528	-1.0472	1.88112	0.95574	0.0335291
0.528	-0.942478	3.13145	1.80225	0.023285
0.528	-0.837758	4.94756	3.098	0.0190126
0.528	-0.733038	7.44763	4.96023	0.0199994
0.528	-0.628319	10.6909	7.50687	0.024392
0.528	-0.523599	14.7095	10.8507	0.0309791
0.528	-0.418879	19.713	14.9241	0.0384526
0.528	-0.314159	25.7474	19.9212	0.0456729
0.528	-0.20944	32.8399	25.9127	0.0516795
0.528	-0.10472	40.7114	32.8823	0.0557432
0.528	-2.66454e-15	49.6296	40.5613	0.0574281
0.528	0.10472	59.4343	49.176	0.0565169
0.528	0.20944	69.764	58.362	0.0531466
0.528	0.314159	80.7668	68.1086	0.0477921
0.528	0.418879	91.7923	78.145	0.0411311
0.528	0.523599	103.12	88.301	0.0340985
0.528	0.628319	113.978	98.3248	0.0278145
0.528	0.733038	124.626	107.981	0.0236124
0.528	0.837758	134.365	117.083	0.0225744
0.528	0.942478	143.288	125.273	0.0266909
0.528	1.0472	151.141	132.569	0.0366284
0.528	1.15192	157.692	138.735	0.0534445
0.528	1.25664	162.745	143.563	0.0584097
0.528	1.36136	166.132	146.766	0.0378146
0.528	1.46608	167.74	148.144	0.0247762
0.528	1.5708	167.46	147.84	0.0198737
0.528	1.67552	165.316	145.882	0.0231936
0.528	1.78024	161.448	142.353	0.0345118
0.528	1.88496	156	137.391	0.0532948
0.528	1.98968	149.134	131.174	0.0548528
0.528	2.0944	141.042	123.69	0.0370643
0.528	2.19911	132.057	115.219	0.026409
0.528	2.30383	122.445	106.198	0.0217851
0.528	2.40855	112.003	96.9285	0.0216478
0.528	2.51327	101.389	87.102	0.0246697
0.528	2.61799	90.422	77.4063	0.0299939
0.528	2.72271	79.7345	67.7941	0.0363041
0.528	2.82743	69.2275	58.5068	0.0424749
0.528	2.93215	59.2833	49.7655	0.0475765
0.528	3.03687	49.9793	41.4957	0.0509055
0.528	3.14159	41.3274	34.0617	0.0520204
0.5365	-3.14159	41.4736	33.7271	0.309224
0.5365	-3.03687	33.8663	27.0921	0.309771
0.5365	-2.93215	27.0608	21.3405	0.311482
0.5365	-2.82743	21.2458	16.4549	0.314738
0.5365	-2.72271	16.3761	12.3339	0.32016
0.5365	-2.61799	12.2674	8.90529	0.328576
0.5365	-2.51327	8.92015	6.20532	0.340974
0.5365	-2.40855	6.31643	4.14704	0.343939
0.5365	-2.30383	4.35183	2.63705	0.328521
0.5365	-2.19911	2.92263	1.57971	0.316351
0.5365	-2.0944	1.93283	0.882202	0.30887
0.5365	-1.98968	1.29194	0.458443	0.307391
0.5365	-1.88496	0.904836	0.228467	0.313038
0.5365	-1.78024	0.657367	0.121805	0.326682
0.5365	-1.67552	0.495094	0.0830401	0.348889
0.5365	-1.5708	0.456073	0.0779816	0.339025
0.5365	-1.46608	0.521734	0.096895	0.32298
0.5365	-1.36136	0.708869	0.155278	0.315372
0.5365	-1.25664	1.06424	0.296576	0.315929
0.5365	-1.15192	1.62307	0.590723	0.324028
0.5365	-1.0472	2.47144	1.11944	0.338732
0.5365	-0.942478	3.75066	1.97799	0.358837
0.5365	-0.837758	5.57446	3.27227	0.353506
0.5365	-0.733038	8.06246	5.11407	0.340475
0.5365	-0.628319	11.3333	7.61576	0.33244
0.5365	-0.523599	15.4934	10.8847	0.328213
0.5365	-0.418879	20.37	15.0174	0.326636
0.5365	-0.314159	26.2743	19.9214	0.326656
0.5365	-0.20944	33.2476	25.7274	0.327379
0.5365	-0.10472	41.1982	32.5147	0.328125
0.5365	-2.66454e-15	49.8569	40.1083	0.328465
0.5365	0.10472	59.4769	48.4146	0.328243
0.5365	0.20944	69.5668	57.4973	0.327589
0.5365	0.314159	80.2493	66.8704	0.326906
0.5365	0.418879	91.1257	76.7592	0.326854
0.5365	0.523599	102.066	86.5074	0.328307
0.5365	0.628319	112.852	96.3485	0.332305
0.5365	0.733038	123.022	105.629	0.339996
0.5365	0.837758	132.65	114.486	0.352568
0.5365	0.942478	141.173	122.446	0.360928
0.5365	1.0472	148.7	129.412	0.340412
0.5365	1.15192	154.992	135.294	0.32517
0.5365	1.25664	159.847	139.894	0.316429
0.5365	1.36136	163.104	142.943	0.315151
0.5365	1.46608	164.56	144.256	0.321986
0.5365	1.5708	164.249	143.962	0.337241
0.5365	1.67552	162.204	142.089	0.350736
0.5365	1.78024	158.507	138.715	0.327742
0.5365	1.88496	153.228	133.97	0.313346
0.5365	1.98968	146.58	128.025	0.307014
0.5365	2.0944	138.827	121.084	0.307901
0.5365	2.19911	130.214	113.102	0.314908
0.5365	2.30383	120.702	104.222	0.326734
0.5365	2.40855	110.584	94.8888	0.341952
0.5365	2.51327	100.157	85.4245	0.341527
0.5365	2.61799	89.533	76.0847	0.328831
0.5365	2.72271	79.14	66.586	0.320221
0.5365	2.82743	68.8513	57.6352	0.314696
0.5365	2.93215	59.1658	48.9691	0.31141
0.5365	3.03687	49.8647	40.9811	0.309722
0.5365	3.14159	41.4736	33.7271	0.309224
0.545	-3.14159	43.0182	33.3657	1.66146
0.545	-3.03687	35.4504	26.9384	1.66111
0.545	-2.93215	28.7958	21.3582	1.65923
0.545	-2.82743	23.0918	16.5067	1.65624
0.545	-2.72271	18.2363	12.3814	1.65285
0.545	-2.61799	14.079	9.03102	1.64997
0.545	-2.51327	10.7746	6.38322	1.64872
0.545	-2.40855	8.1845	4.36081	1.65035
0.545	-2.30383	6.21436	2.86203	1.65617
0.545	-2.19911	4.78683	1.81151	1.66748
0.545	-2.0944	3.84437	1.11216	1.68551
0.545	-1.98968	3.19322	0.67753	1.69966
0.545	-1.88496	2.78761	0.431567	1.68187
0.545	-1.78024	2.51706	0.310925	1.67124
0.545	-1.67552	2.37131	0.264374	1.6686
0.545	-1.5708	2.3509	0.260655	1.67446
0.545	-1.46608	2.4385	0.29	1.68895
0.545	-1.36136	2.65566	0.367971	1.71182
0.545	-1.25664	3.04692	0.533471	1.7121
0.545	-1.15192	3.6735	0.850845	1.69692
0.545	-1.0472	4.56031	1.39842	1.68939
0.545	-0.942478	5.87048	2.26784	1.68854
0.545	-0.837758	7.71323	3.56011	1.69317
0.545	-0.733038	10.2025	5.38158	1.70195
0.545	-0.628319	13.4509	7.83927	1.71341
0.545	-0.523599	17.5641	11.0353	1.72613
0.545	-0.418879	22.5167	15.0615	1.7387
0.545	-0.314159	28.3007	19.9937	1.73869
0.545	-0.20944	35.1122	25.6659	1.7327
0.545	-0.10472	42.9669	32.2313	1.72922
0.545	-2.66454e-15	51.4766	39.7316	1.72785
0.545	0.10472	60.8648	47.798	1.72846
0.545	0.20944	70.8723	56.5845	1.73117
0.545	0.314159	81.2293	65.7962	1.73635
0.545	0.418879	91.9168	75.2966	1.73728
0.545	0.523599	102.499	84.9015	1.72421
0.545	0.628319	113.038	94.3354	1.71091
0.545	0.733038	122.914	103.489	1.69878
0.545	0.837758	132.306	111.963	1.68925
0.545	0.942478	140.616	119.814	1.68379
0.545	1.0472	147.872	126.506	1.68375
0.545	1.15192	153.937	132.116	1.69034
0.545	1.25664	158.531	136.499	1.70457
0.545	1.36136	161.578	139.4	1.70758
0.545	1.46608	162.982	140.651	1.68388
0.545	1.5708	162.702	140.368	1.66859
0.545	1.67552	160.714	138.576	1.66199
0.545	1.78024	157.07	135.35	1.66398
0.545	1.88496	151.973	130.814	1.6741
0.545	1.98968	145.603	125.13	1.69153
0.545	2.0944	138.167	118.493	1.68093
0.545	2.19911	129.724	110.74	1.66267
0.545	2.30383	120.35	101.999	1.6513
0.545	2.40855	110.615	93.1856	1.6456
0.545	2.51327	100.376	83.9384	1.64425
0.545	2.61799	90.0995	74.6185	1.64595
0.545	2.72271	79.7546	65.5439	1.64944
0.545	2.82743	69.7608	56.7337	1.65356
0.545	2.93215	60.2116	48.3184	1.65738
0.545	3.03687	51.1813	40.6024	1.66017
0.545	3.14159	43.0182	33.3657	1.66146
0.5535	-3.14159	46.7505	33.1311	4.77903
0.5535	-3.03687	39.3175	26.9149	4.78051
0.5535	-2.93215	32.8108	21.3841	4.78346
0.5535	-2.82743	27.2353	16.5633	4.78825
0.5535	-2.72271	22.3849	12.5428	4.79554
0.5535	-2.61799	18.304	9.26894	4.80619
0.5535	-2.51327	15.0231	6.67643	4.82123
0.5535	-2.40855	12.4488	4.69193	4.8399
0.5535	-2.30383	10.5004	3.21364	4.82687
0.5535	-2.19911	9.07978	2.1433	4.81749
0.5535	-2.0944	8.20758	1.40821	4.81327
0.5535	-1.98968	7.54613	0.948703	4.81556
0.5535	-1.88496	7.01817	0.686708	4.8255
0.5535	-1.78024	6.79973	0.553131	4.84399
0.5535	-1.67552	6.66897	0.497563	4.87157
0.5535	-1.5708	6.66591	0.488023	4.86204
0.5535	-1.46608	6.78097	0.515694	4.85054
0.5535	-1.36136	7.03459	0.595356	4.84786
0.5535	-1.25664	7.46911	0.768562	4.85366
0.5535	-1.15192	8.14709	1.10216	4.86721
0.5535	-1.0472	9.09803	1.67437	4.88747
0.5535	-0.942478	10.4499	2.57645	4.90586
0.5535	-0.837758	12.324	3.90986	4.89061
0.5535	-0.733038	14.8283	5.75608	4.88133
0.5535	-0.628319	18.0697	8.17063	4.87674
0.5535	-0.523599	22.1485	11.2957	4.87554
0.5535	-0.418879	27.1194	15.2183	4.87647
0.5535	-0.314159	32.8043	20.0103	4.87836
0.5535	-0.20944	39.477	25.721	4.88026
0.5535	-0.10472	47.1513	32.0719	4.88143
0.5535	-2.66454e-15	55.5043	39.3159	4.8814
0.5535	0.10472	64.6347	47.3181	4.88001
0.5535	0.20944	74.4444	55.7796	4.87743
0.5535	0.314159	84.5051	64.8727	4.87409
0.5535	0.418879	95	74.0034	4.87073
0.5535	0.523599	105.255	83.4161	4.86832
0.5535	0.628319	115.502	92.5157	4.868
0.5535	0.733038	125.112	101.413	4.87105
0.5535	0.837758	134.145	109.656	4.8788
0.5535	0.942478	142.287	117.161	4.89252
0.5535	1.0472	149.234	123.837	4.87632
0.5535	1.15192	155.023	129.188	4.85481
0.5535	1.25664	159.469	133.363	4.84006
0.5535	1.36136	162.426	136.122	4.83315
0.5535	1.46608	163.743	137.314	4.83481
0.5535	1.5708	163.389	137.042	4.84544
0.5535	1.67552	161.432	135.329	4.85851
0.5535	1.78024	157.949	132.245	4.83038
0.5535	1.88496	153.044	127.909	4.81155
0.5535	1.98968	146.829	122.476	4.80149
0.5535	2.0944	139.593	115.858	4.79933
0.5535	2.19911	131.321	108.455	4.80393
0.5535	2.30383	122.294	100.329	4.81395
0.5535	2.40855	112.751	91.5463	4.8279
0.5535	2.51327	102.717	82.4739	4.81288
0.5535	2.61799	92.7137	73.404	4.79887
0.5535	2.72271	82.5866	64.6199	4.78944
0.5535	2.82743	72.8845	55.942	4.78353
0.5535	2.93215	63.5137	47.8096	4.78024
0.5535	3.03687	54.7318	40.16	4.77888
0.5535	3.14159	46.7522	33.1311	4.77903
0.562	-3.14159	53.8318	33.0289	10.5785
0.562	-3.03687	46.5502	26.9095	10.5792
0.562	-2.93215	40.1882	21.4178	10.5787
0.562	-2.82743	34.6886	16.7306	10.5772
0.562	-2.72271	29.9522	12.8158	10.5755
0.562	-2.61799	25.9334	9.61942	10.5747
0.562	-2.51327	22.6927	7.04154	10.5757
0.562	-2.40855	20.1521	4.99433	10.5798
0.562	-2.30383	18.2173	3.47163	10.5885
0.562	-2.19911	16.7935	2.3863	10.6068
0.562	-2.0944	15.7883	1.65056	10.635
0.562	-1.98968	15.1178	1.1796	10.6585
0.562	-1.88496	14.7081	0.901141	10.6438
0.562	-1.78024	14.4895	0.754567	10.6367
0.562	-1.67552	14.3797	0.692177	10.6378
0.562	-1.5708	14.4009	0.683883	10.6478
0.562	-1.46608	14.551	0.721376	10.6763
0.562	-1.36136	14.8495	0.819358	10.7027
0.562	-1.25664	15.3365	1.01514	10.6972
0.562	-1.15192	16.0713	1.36992	10.6855
0.562	-1.0472	17.0767	1.95924	10.6815
0.562	-0.942478	18.482	2.87066	10.6842
0.562	-0.837758	20.4001	4.20081	10.6922
0.562	-0.733038	22.9337	6.05147	10.7146
0.562	-0.628319	26.184	8.52486	10.7657
0.562	-0.523599	30.2457	11.6593	10.7433
0.562	-0.418879	35.1056	15.4813	10.7388
0.562	-0.314159	40.7097	20.1373	10.7305
0.562	-0.20944	47.2638	25.6754	10.7249
0.562	-0.10472	54.7788	32.0292	10.7212
0.562	-2.66454e-15	62.979	39.0255	10.7191
0.562	0.10472	71.8784	46.837	10.7185
0.562	0.20944	81.419	55.1151	10.7194
0.562	0.314159	91.1866	63.8621	10.7224
0.562	0.418879	101.375	72.8706	10.728
0.562	0.523599	111.3	81.9038	10.732
0.562	0.628319	121.203	90.8793	10.7128
0.562	0.733038	130.489	99.3994	10.6988
0.562	0.837758	139.219	107.547	10.6742
0.562	0.942478	147.115	114.729	10.6641
0.562	1.0472	153.732	121.103	10.6595
0.562	1.15192	159.336	126.477	10.6616
0.562	1.25664	163.623	130.474	10.6716
0.562	1.36136	166.459	133.095	10.6777
0.562	1.46608	167.639	134.232	10.6515
0.562	1.5708	167.205	133.971	10.6228
0.562	1.67552	165.317	132.333	10.6122
0.562	1.78024	161.95	129.386	10.6107
0.562	1.88496	157.215	125.237	10.6179
0.562	1.98968	151.125	119.791	10.633
0.562	2.0944	144.137	113.426	10.6139
0.562	2.19911	136.072	106.344	10.5865
0.562	2.30383	127.349	98.4451	10.5693
0.562	2.40855	118.029	89.9057	10.5622
0.562	2.51327	108.359	81.1646	10.5599
0.562	2.61799	98.6048	72.4521	10.561
0.562	2.72271	88.7344	63.6468	10.5643
0.562	2.82743	79.3248	55.2743	10.5686
0.562	2.93215	70.2698	47.3481	10.5728
0.562	3.03687	61.7161	39.8477	10.5763
0.562	3.14159	53.8389	33.0222	10.5785
0.5705	-3.14159	65.1724	33.0034	19.9443
0.5705	-3.03687	58.1042	26.8902	19.9491
0.5705	-2.93215	51.8489	21.5642	19.9569
0.5705	-2.82743	46.4484	17.0052	19.9691
0.5705	-2.72271	41.8875	13.1839	19.9867
0.5705	-2.61799	37.9257	9.93621	20.005
0.5705	-2.51327	34.7216	7.33723	19.979
0.5705	-2.40855	32.1956	5.33492	19.978
0.5705	-2.30383	30.2617	3.82467	19.9818
0.5705	-2.19911	28.8318	2.7434	19.9912
0.5705	-2.0944	27.8197	1.99958	20.0073
0.5705	-1.98968	27.1453	1.51378	20.0311
0.5705	-1.88496	26.738	1.22124	20.0648
0.5705	-1.78024	26.4975	1.06284	20.0703
0.5705	-1.67552	26.4091	0.993976	20.0627
0.5705	-1.5708	26.4634	0.986684	20.0644
0.5705	-1.46608	26.6583	1.03347	20.0758
0.5705	-1.36136	27.0117	1.14801	20.0954
0.5705	-1.25664	27.5617	1.3655	20.1244
0.5705	-1.15192	28.3369	1.74104	20.1363
0.5705	-1.0472	29.3974	2.34676	20.1238
0.5705	-0.942478	30.8685	3.26631	20.1184
0.5705	-0.837758	32.844	4.59245	20.1196
0.5705	-0.733038	35.4211	6.42211	20.1249
0.5705	-0.628319	38.6956	8.85235	20.1341
0.5705	-0.523599	42.7567	11.9757	20.1448
0.5705	-0.418879	47.4369	15.8443	20.1561
0.5705	-0.314159	52.9801	20.3684	20.1655
0.5705	-0.20944	59.4371	25.7373	20.1729
0.5705	-0.10472	66.7961	31.9723	20.1757
0.5705	-2.66454e-15	74.6875	38.8534	20.1758
0.5705	0.10472	83.3757	46.3873	20.1721
0.5705	0.20944	92.7093	54.5832	20.1657
0.5705	0.314159	102.208	62.9965	20.1554
0.5705	0.418879	112.025	71.8425	20.1416
0.5705	0.523599	121.642	80.5577	20.129
0.5705	0.628319	131.244	89.2864	20.113
0.5705	0.733038	140.185	97.5748	20.1012
0.5705	0.837758	148.602	105.371	20.0913
0.5705	0.942478	156.147	112.506	20.0879
0.5705	1.0472	162.606	118.592	20.0903
0.5705	1.15192	167.925	123.719	20.1011
0.5705	1.25664	171.87	127.716	20.0916
0.5705	1.36136	174.693	130.307	20.0602
0.5705	1.46608	175.863	131.392	20.1512
0.5705	1.5708	175.452	131.142	20.0259
0.5705	1.67552	173.572	129.576	20.0246
0.5705	1.78024	170.273	126.654	20.0316
0.5705	1.88496	165.682	122.502	20.0305
0.5705	1.98968	159.835	117.295	19.9979
0.5705	2.0944	152.867	111.208	19.9744
0.5705	2.19911	145.024	104.225	19.9602
0.5705	2.30383	136.555	96.5931	19.9534
0.5705	2.40855	127.681	88.6405	19.9523
0.5705	2.51327	118.148	80.0476	19.9556
0.5705	2.61799	108.802	71.3477	19.9625
0.5705	2.72271	99.1657	62.8376	19.9703
0.5705	2.82743	90.1452	54.7846	19.9588
0.5705	2.93215	81.2862	46.8976	19.9485
0.5705	3.03687	72.7776	39.6104	19.9446
0.5705	3.14159	65.1774	33.0034	19.9449
0.579	-3.14159	81.503	32.9085	33.6388
0.579	-3.03687	74.7087	26.9889	33.6426
0.579	-2.93215	68.5525	21.8069	33.644
0.579	-2.82743	63.2375	17.363	33.6571
0.579	-2.72271	58.7344	13.4694	33.6753
0.579	-2.61799	54.9737	10.2813	33.6997
0.579	-2.51327	51.7903	7.73459	33.7173
0.579	-2.40855	49.2731	5.75829	33.7069
0.579	-2.30383	47.3404	4.27087	33.713
0.579	-2.19911	45.9085	3.19122	33.739
0.579	-2.0944	44.8951	2.44128	33.7593
0.579	-1.98968	44.21	1.94625	33.7611
0.579	-1.88496	43.7607	1.64143	33.7922
0.579	-1.78024	43.527	1.47214	33.8362
0.579	-1.67552	43.4698	1.39695	33.8197
0.579	-1.5708	43.5676	1.39039	33.8152
0.579	-1.46608	43.8179	1.44551	33.8326
0.579	-1.36136	44.2375	1.57501	33.8558
0.579	-1.25664	44.8122	1.81231	33.8755
0.579	-1.15192	45.6272	2.2086	33.9121
0.579	-1.0472	46.7691	2.8309	33.892
0.579	-0.942478	48.3188	3.75797	33.9045
0.579	-0.837758	50.3649	5.07933	33.8909
0.579	-0.733038	52.9994	6.88778	33.9151
0.579	-0.628319	56.2846	9.27557	33.9045
0.579	-0.523599	60.1446	12.3304	33.9047
0.579	-0.418879	64.7964	16.1306	33.915
0.579	-0.314159	70.2958	20.6974	33.9239
0.579	-0.20944	76.6737	25.9024	33.9305
0.579	-0.10472	83.758	31.9356	33.9336
0.579	-2.66454e-15	91.4996	38.7894	33.9331
0.579	0.10472	99.9998	46.0585	33.9285
0.579	0.20944	108.792	53.9957	33.9203
0.579	0.314159	118.098	62.2682	33.9088
0.579	0.418879	127.637	70.7674	33.895
0.579	0.523599	136.969	79.3688	33.8799
0.579	0.628319	146.21	87.7365	33.8673
0.579	0.733038	154.822	95.929	33.8812
0.579	0.837758	162.977	103.387	33.8714
0.579	0.942478	170.009	110.281	33.8546
0.579	1.0472	176.418	116.291	33.8645
0.579	1.15192	181.523	121.181	33.8675
0.579	1.25664	185.408	124.99	33.8284
0.579	1.36136	187.947	127.493	33.8051
0.579	1.46608	188.768	128.587	33.7808
0.579	1.5708	188.435	128.342	33.7861
0.579	1.67552	186.798	126.777	33.7843
0.579	1.78024	183.25	123.958	33.7698
0.579	1.88496	178.743	119.989	33.7447
0.579	1.98968	173.14	115.012	33.7207
0.579	2.0944	166.642	109.042	33.6929
0.579	2.19911	159.193	102.232	33.6857
0.579	2.30383	150.741	94.9251	33.6907
0.579	2.40855	142.13	87.0511	33.6741
0.579	2.51327	133.25	78.9383	33.6951
0.579	2.61799	123.903	70.4875	33.6746
0.579	2.72271	114.806	62.305	33.6549
0.579	2.82743	105.871	54.1771	33.6486
0.579	2.93215	97.1431	46.5558	33.6334
0.579	3.03687	89.2448	39.5277	33.6373
0.579	3.14159	81.503	32.9085	33.6388
