
# Surface 0 of 1 surfaces

# Curve title: "file u (getx($1)):(gety($2)):(sqrt(column(c)))"

# Contour 0, label:        3
 0.579 -0.639653  3 
 0.573488 -0.628318  3 
 0.5705 -0.622986  3 
 0.562 -0.611332  3 
 0.5535 -0.598814  3 
 0.545 -0.588175  3 
 0.5365 -0.581671  3 
 0.528 -0.579162  3 
 0.5195 -0.57646  3 
 0.511 -0.574885  3 
 0.5025 -0.578062  3 
 0.494 -0.587758  3 
 0.4855 -0.595221  3 
 0.477 -0.611244  3 
 0.4685 -0.616476  3 
 0.46359 -0.628318  3 
 0.46 -0.638448  3 
 0.4515 -0.657212  3 
 0.443 -0.684208  3 
 0.4345 -0.715537  3 
 0.430514 -0.733038  3 
 0.426 -0.759733  3 

 0.579 -2.56716  3 
 0.5705 -2.58206  3 
 0.562 -2.59426  3 
 0.5535 -2.60788  3 
 0.545 -2.61686  3 
 0.542908 -2.61799  3 
 0.5365 -2.62113  3 
 0.528 -2.62195  3 
 0.5195 -2.62522  3 
 0.511 -2.62426  3 
 0.5025 -2.61901  3 
 0.50158 -2.61799  3 
 0.494 -2.60897  3 
 0.4855 -2.60099  3 
 0.477 -2.58794  3 
 0.4685 -2.5691  3 
 0.46 -2.54475  3 
 0.4515 -2.52075  3 
 0.449382 -2.51327  3 
 0.443 -2.48561  3 
 0.4345 -2.43825  3 
 0.430002 -2.40855  3 
 0.426 -2.37071  3 


# Contour 1, label:        2
 0.579 -2.27894  2 
 0.573896 -2.30383  2 
 0.5705 -2.31694  2 
 0.562 -2.34238  2 
 0.5535 -2.36198  2 
 0.545 -2.38524  2 
 0.5365 -2.39931  2 
 0.528 -2.40514  2 
 0.5195 -2.40611  2 
 0.51412 -2.40855  2 
 0.511 -2.4098  2 
 0.508474 -2.40855  2 
 0.5025 -2.40525  2 
 0.494 -2.3913  2 
 0.4855 -2.36992  2 
 0.477 -2.34973  2 
 0.4685 -2.31688  2 
 0.466074 -2.30383  2 
 0.46 -2.25715  2 
 0.453958 -2.19911  2 
 0.4515 -2.15667  2 
 0.447851 -2.09439  2 
 0.445178 -1.98967  2 
 0.444499 -1.88495  2 
 0.444721 -1.78023  2 
 0.445151 -1.67551  2 
 0.445073 -1.5708  2 
 0.444061 -1.46608  2 
 0.443 -1.40407  2 
 0.442338 -1.36136  2 
 0.440587 -1.25664  2 
 0.440137 -1.15192  2 
 0.4426 -1.0472  2 
 0.443 -1.04116  2 
 0.450225 -0.942477  2 
 0.4515 -0.933149  2 
 0.46 -0.878409  2 
 0.4685 -0.843519  2 
 0.470135 -0.837757  2 
 0.477 -0.81832  2 
 0.4855 -0.806386  2 
 0.494 -0.795701  2 
 0.5025 -0.776813  2 
 0.511 -0.777365  2 
 0.5195 -0.781489  2 
 0.528 -0.78397  2 
 0.5365 -0.793541  2 
 0.545 -0.810386  2 
 0.5535 -0.832131  2 
 0.556166 -0.837757  2 
 0.562 -0.852373  2 
 0.5705 -0.882365  2 
 0.579 -0.92206  2 


# Contour 2, label:     1.96
 0.579 -2.26399  1.96 
 0.570831 -2.30383  1.96 
 0.5705 -2.30511  1.96 
 0.562 -2.33111  1.96 
 0.5535 -2.35076  1.96 
 0.545 -2.37468  1.96 
 0.5365 -2.38915  1.96 
 0.528 -2.39523  1.96 
 0.5195 -2.39595  1.96 
 0.511 -2.39994  1.96 
 0.5025 -2.39524  1.96 
 0.494 -2.38104  1.96 
 0.4855 -2.35889  1.96 
 0.477 -2.3384  1.96 
 0.4685 -2.30504  1.96 
 0.468276 -2.30383  1.96 
 0.46 -2.24023  1.96 
 0.45572 -2.19911  1.96 
 0.4515 -2.12624  1.96 
 0.449634 -2.09439  1.96 
 0.446868 -1.98967  1.96 
 0.446145 -1.88495  1.96 
 0.446355 -1.78023  1.96 
 0.446767 -1.67551  1.96 
 0.446701 -1.5708  1.96 
 0.445696 -1.46608  1.96 
 0.443887 -1.36136  1.96 
 0.443 -1.3103  1.96 
 0.442113 -1.25664  1.96 
 0.441744 -1.15192  1.96 
 0.443 -1.09923  1.96 
 0.444327 -1.0472  1.96 
 0.4515 -0.950413  1.96 
 0.452184 -0.942477  1.96 
 0.46 -0.891465  1.96 
 0.4685 -0.855536  1.96 
 0.473546 -0.837757  1.96 
 0.477 -0.827977  1.96 
 0.4855 -0.815664  1.96 
 0.494 -0.804413  1.96 
 0.5025 -0.785671  1.96 
 0.511 -0.786334  1.96 
 0.5195 -0.790309  1.96 
 0.528 -0.792939  1.96 
 0.5365 -0.802798  1.96 
 0.545 -0.82006  1.96 
 0.551872 -0.837757  1.96 
 0.5535 -0.842635  1.96 
 0.562 -0.864163  1.96 
 0.5705 -0.894842  1.96 
 0.579 -0.93535  1.96 


# Contour 3, label:     1.65
 0.579 -2.13299  1.645 
 0.5705 -2.19422  1.645 
 0.569637 -2.19911  1.645 
 0.562 -2.23207  1.645 
 0.5535 -2.25678  1.645 
 0.545 -2.28968  1.645 
 0.539143 -2.30383  1.645 
 0.5365 -2.30919  1.645 
 0.528 -2.31719  1.645 
 0.5195 -2.31591  1.645 
 0.511 -2.32119  1.645 
 0.5025 -2.31633  1.645 
 0.495849 -2.30383  1.645 
 0.494 -2.2996  1.645 
 0.4855 -2.26531  1.645 
 0.477 -2.23434  1.645 
 0.471011 -2.19911  1.645 
 0.4685 -2.17549  1.645 
 0.462474 -2.09439  1.645 
 0.46 -2.02283  1.645 
 0.459019 -1.98967  1.645 
 0.457982 -1.88495  1.645 
 0.458031 -1.78023  1.645 
 0.458293 -1.67551  1.645 
 0.458208 -1.5708  1.645 
 0.457331 -1.46608  1.645 
 0.455778 -1.36136  1.645 
 0.454227 -1.25664  1.645 
 0.454334 -1.15192  1.645 
 0.458319 -1.0472  1.645 
 0.46 -1.02761  1.645 
 0.4685 -0.95356  1.645 
 0.470649 -0.942477  1.645 
 0.477 -0.919853  1.645 
 0.4855 -0.895331  1.645 
 0.494 -0.878262  1.645 
 0.5025 -0.858438  1.645 
 0.511 -0.859526  1.645 
 0.5195 -0.862478  1.645 
 0.528 -0.866621  1.645 
 0.5365 -0.880407  1.645 
 0.545 -0.904243  1.645 
 0.5535 -0.93126  1.645 
 0.5573 -0.942477  1.645 
 0.562 -0.960004  1.645 
 0.5705 -1.00419  1.645 
 0.576882 -1.0472  1.645 
 0.579 -1.06721  1.645 


# Contour 4, label:        1
 0.570639 -1.67551  1 
 0.5705 -1.68482  1 
 0.568879 -1.78023  1 
 0.564767 -1.88495  1 
 0.562 -1.92377  1 
 0.555471 -1.98967  1 
 0.5535 -2.00247  1 
 0.545 -2.0697  1 
 0.540977 -2.09439  1 
 0.5365 -2.11442  1 
 0.528 -2.13111  1 
 0.5195 -2.1269  1 
 0.511 -2.12868  1 
 0.5025 -2.11647  1 
 0.49766 -2.09439  1 
 0.494 -2.06753  1 
 0.488207 -1.98967  1 
 0.4855 -1.89721  1 
 0.485087 -1.88495  1 
 0.484169 -1.78023  1 
 0.484382 -1.67551  1 
 0.484162 -1.5708  1 
 0.483075 -1.46608  1 
 0.481535 -1.36136  1 
 0.480913 -1.25664  1 
 0.483884 -1.15192  1 
 0.4855 -1.13284  1 
 0.494 -1.06751  1 
 0.500722 -1.0472  1 
 0.5025 -1.04336  1 
 0.511 -1.03769  1 
 0.5195 -1.03716  1 
 0.528 -1.04077  1 
 0.530366 -1.0472  1 
 0.5365 -1.06819  1 
 0.545 -1.12068  1 
 0.550176 -1.15192  1 
 0.5535 -1.18206  1 
 0.56151 -1.25664  1 
 0.562 -1.26435  1 
 0.566847 -1.36136  1 
 0.569657 -1.46608  1 
 0.5705 -1.54074  1 
 0.570806 -1.5708  1 
 0.570639 -1.67551  1 

