#x	y	0	6a	7a	67
0.426	0.002464	118.783	122.181	133.443	133.814
0.426	0.0024715	115.149	118.389	129.037	129.388
0.426	0.002479	112.943	115.307	125.337	125.634
0.426	0.0024865	111.707	113.917	122.288	122.55
0.426	0.002494	110.757	112.91	120.482	120.367
0.426	0.0025015	110.12	112.208	119.799	119.546
0.426	0.002509	109.809	111.845	119.493	119.215
0.426	0.0025165	109.858	111.829	119.523	119.237
0.426	0.002524	110.228	112.174	119.96	119.667
0.426	0.0025315	110.996	112.924	120.787	120.472
0.426	0.002539	112.176	114.091	122.01	121.686
0.426	0.0025465	113.743	115.63	123.679	123.347
0.426	0.002554	115.724	117.599	125.81	125.579
0.4345	0.002464	89.2785	91.8778	99.9044	100.178
0.4345	0.0024715	85.4582	87.7989	95.3743	95.6273
0.4345	0.002479	82.2179	84.4029	91.4857	91.7091
0.4345	0.0024865	80.3648	81.9534	88.3619	88.5435
0.4345	0.002494	79.2982	80.8048	85.9543	85.9925
0.4345	0.0025015	78.5268	79.9889	85.0288	84.8448
0.4345	0.002509	78.0842	79.4963	84.571	84.3829
0.4345	0.0025165	77.9978	79.3707	84.459	84.2758
0.4345	0.002524	78.2308	79.6024	84.6798	84.4985
0.4345	0.0025315	78.8032	80.1733	85.3268	85.138
0.4345	0.002539	79.7967	81.1525	86.3636	86.154
0.4345	0.0025465	81.2261	82.5574	87.838	87.6204
0.4345	0.002554	83.0664	84.3603	89.7826	89.5527
0.443	0.002464	65.3356	67.2378	72.6343	72.8317
0.443	0.0024715	61.2578	62.9198	67.9254	68.0906
0.443	0.002479	57.8756	59.4096	63.9834	64.1509
0.443	0.0024865	55.2198	56.5219	60.7738	60.9042
0.443	0.002494	53.8977	54.9176	58.2854	58.3965
0.443	0.0025015	53.016	54.0011	57.046	56.9605
0.443	0.002509	52.4468	53.3984	56.4677	56.3624
0.443	0.0025165	52.2161	53.1341	56.2504	56.139
0.443	0.002524	52.3615	53.2596	56.4035	56.2718
0.443	0.0025315	52.8847	53.7566	56.9682	56.8302
0.443	0.002539	53.8152	54.6682	57.9618	57.8049
0.443	0.0025465	55.1919	56.0284	59.3683	59.2032
0.443	0.002554	57.0311	57.8352	61.2488	61.078
0.4515	0.002464	46.7979	48.0675	51.6843	51.8194
0.4515	0.0024715	42.4777	43.632	46.8321	46.944
0.4515	0.002479	39.0109	39.982	42.8883	42.9797
0.4515	0.0024865	36.1926	37.0865	39.6531	39.748
0.4515	0.002494	34.2843	34.9548	37.2378	37.321
0.4515	0.0025015	33.3859	33.9922	35.7176	35.701
0.4515	0.002509	32.8176	33.3969	35.1292	35.0757
0.4515	0.0025165	32.5948	33.1496	34.8929	34.8239
0.4515	0.002524	32.7181	33.2534	35.0504	34.9639
0.4515	0.0025315	33.2652	33.7755	35.5972	35.5054
0.4515	0.002539	34.1933	34.686	36.5961	36.4899
0.4515	0.0025465	35.5766	36.056	37.9998	37.8865
0.4515	0.002554	37.4338	37.9035	39.8067	39.7423
0.46	0.002464	33.395	34.1948	36.5586	36.5714
0.46	0.0024715	28.9432	29.7043	31.6261	31.691
0.46	0.002479	25.3457	25.9629	27.6499	27.7015
0.46	0.0024865	22.529	23.091	24.5033	24.5692
0.46	0.002494	20.4805	20.9276	22.1782	22.2222
0.46	0.0025015	19.3785	19.7105	20.599	20.6424
0.46	0.002509	18.8478	19.165	20.0139	19.9871
0.46	0.0025165	18.6628	18.9619	19.8286	19.7883
0.46	0.002524	18.8435	19.1272	20.0349	19.9806
0.46	0.0025315	19.3887	19.6835	20.5267	20.5034
0.46	0.002539	20.3282	20.6015	21.4537	21.4282
0.46	0.0025465	21.6961	21.9597	22.802	22.7667
0.46	0.002554	23.5497	23.8065	24.6368	24.6013
0.4685	0.002464	24.3435	24.8087	26.2076	26.1394
0.4685	0.0024715	19.8283	20.2598	21.3092	21.3157
0.4685	0.002479	16.1562	16.5098	17.3582	17.3647
0.4685	0.0024865	13.3676	13.6916	14.3267	14.3634
0.4685	0.002494	11.3619	11.5954	12.1242	12.1482
0.4685	0.0025015	10.1247	10.3087	10.6875	10.7041
0.4685	0.002509	9.6171	9.78667	10.1006	10.1061
0.4685	0.0025165	9.4562	9.61431	9.94034	9.9371
0.4685	0.002524	9.6703	9.8126	10.1271	10.1246
0.4685	0.0025315	10.2659	10.3982	10.7009	10.6877
0.4685	0.002539	11.3154	11.4321	11.7229	11.7111
0.4685	0.0025465	12.7852	12.8908	13.1865	13.1673
0.4685	0.002554	14.7496	14.8244	15.14	15.1233
0.477	0.002464	18.8069	19.0365	19.865	19.748
0.477	0.0024715	14.2612	14.4266	15.0273	14.9801
0.477	0.002479	10.5412	10.7166	11.1124	11.0905
0.477	0.0024865	7.79533	7.93635	8.20038	8.21654
0.477	0.002494	5.82948	5.93656	6.1154	6.12552
0.477	0.0025015	4.64232	4.72527	4.8398	4.85512
0.477	0.002509	4.18354	4.25174	4.32545	4.33466
0.477	0.0025165	4.13207	4.19189	4.26049	4.26553
0.477	0.002524	4.45612	4.50772	4.56035	4.56296
0.477	0.0025315	5.16295	5.19321	5.26135	5.25682
0.477	0.002539	6.31467	6.33837	6.41422	6.40874
0.477	0.0025465	7.89506	7.91341	8.01582	8.00544
0.477	0.002554	9.99663	10.0166	10.1354	10.125
0.4855	0.002464	15.9854	16.0544	16.5684	16.393
0.4855	0.0024715	11.3995	11.4304	11.7857	11.6658
0.4855	0.002479	7.70817	7.7667	7.92884	7.8839
0.4855	0.0024865	5.00447	5.0349	5.12853	5.10648
0.4855	0.002494	3.09772	3.13264	3.1609	3.16049
0.4855	0.0025015	2.01105	2.03767	2.03817	2.04745
0.4855	0.002509	1.61867	1.63664	1.63214	1.64064
0.4855	0.0025165	1.67869	1.68836	1.68531	1.68993
0.4855	0.002524	2.11139	2.11676	2.1161	2.11895
0.4855	0.0025315	2.88931	2.89882	2.89407	2.90066
0.4855	0.002539	4.10021	4.10827	4.10477	4.11105
0.4855	0.0025465	5.76284	5.76871	5.77881	5.78312
0.4855	0.002554	7.88041	7.8858	7.89762	7.90284
0.494	0.002464	14.7143	14.643	14.9794	14.7306
0.494	0.0024715	10.122	10.0463	10.2647	10.0755
0.494	0.002479	6.47672	6.45217	6.5033	6.41477
0.494	0.0024865	3.81917	3.79389	3.80127	3.75753
0.494	0.002494	1.98156	1.97637	1.95512	1.93938
0.494	0.0025015	0.983711	0.984986	0.965562	0.968245
0.494	0.002509	0.663193	0.666666	0.65591	0.665445
0.494	0.0025165	0.763921	0.765777	0.756861	0.764462
0.494	0.002524	1.23859	1.2396	1.23349	1.23985
0.494	0.0025315	2.12443	2.12423	2.12065	2.12404
0.494	0.002539	3.47008	3.47045	3.46455	3.46792
0.494	0.0025465	5.28051	5.28155	5.28031	5.27709
0.494	0.002554	7.53696	7.53791	7.53122	7.53503
0.5025	0.002464	14.138	13.9928	14.2784	14.0029
0.5025	0.0024715	9.56795	9.43626	9.61845	9.40812
0.5025	0.002479	5.97284	5.90367	5.93774	5.8325
0.5025	0.0024865	3.37257	3.31733	3.32094	3.26119
0.5025	0.002494	1.59862	1.57593	1.56293	1.53919
0.5025	0.0025015	0.660404	0.654914	0.654358	0.652981
0.5025	0.002509	0.413635	0.413646	0.431081	0.436128
0.5025	0.0025165	0.613356	0.613517	0.627415	0.631317
0.5025	0.002524	1.1895	1.1905	1.20443	1.20723
0.5025	0.0025315	2.17927	2.18072	2.19211	2.1929
0.5025	0.002539	3.63748	3.64089	3.64665	3.64788
0.5025	0.0025465	5.51653	5.52088	5.55407	5.52303
0.5025	0.002554	7.91878	7.93748	7.93311	7.93621
0.511	0.002464	13.9517	13.7755	14.0841	13.7969
0.511	0.0024715	9.40905	9.2539	9.45633	9.2366
0.511	0.002479	5.84339	5.75513	5.81054	5.69599
0.511	0.0024865	3.27555	3.20875	3.22238	3.16268
0.511	0.002494	1.52952	1.49982	1.50126	1.47232
0.511	0.0025015	0.618885	0.61111	0.622201	0.617286
0.511	0.002509	0.400284	0.40118	0.427931	0.430844
0.511	0.0025165	0.667956	0.669745	0.691108	0.691905
0.511	0.002524	1.31349	1.31689	1.33776	1.33786
0.511	0.0025315	2.30595	2.31129	2.32016	2.32145
0.511	0.002539	3.74816	3.75591	3.75754	3.75965
0.511	0.0025465	5.6175	5.62789	5.6565	5.62776
0.511	0.002554	8.01681	8.02901	8.01761	8.02438
0.5195	0.002464	13.9235	13.7565	14.1533	13.8382
0.5195	0.0024715	9.40427	9.24267	9.50692	9.26229
0.5195	0.002479	5.79727	5.70442	5.80178	5.66598
0.5195	0.0024865	3.19358	3.14522	3.15878	3.09454
0.5195	0.002494	1.43167	1.39932	1.40783	1.36917
0.5195	0.0025015	0.481933	0.47269	0.470692	0.466561
0.5195	0.002509	0.215766	0.216719	0.229466	0.229224
0.5195	0.0025165	0.426408	0.427895	0.435752	0.436086
0.5195	0.002524	1.01529	1.01833	1.02535	1.0257
0.5195	0.0025315	2.02451	2.02908	2.03265	2.0335
0.5195	0.002539	3.49587	3.50288	3.50099	3.5036
0.5195	0.0025465	5.4006	5.40963	5.40266	5.40786
0.5195	0.002554	7.82677	7.83745	7.82591	7.83424
0.528	0.002464	13.9346	13.8031	14.3733	14.0758
0.528	0.0024715	9.41859	9.29538	9.67737	9.47286
0.528	0.002479	5.79291	5.7282	5.9301	5.80444
0.528	0.0024865	3.15215	3.12324	3.20788	3.14761
0.528	0.002494	1.35921	1.33605	1.37896	1.34443
0.528	0.0025015	0.335659	0.333964	0.337788	0.333325
0.528	0.002509	0	0	0	0
0.528	0.0025165	0.195432	0.195159	0.1953	0.194965
0.528	0.002524	0.782596	0.782818	0.78248	0.782693
0.528	0.0025315	1.78607	1.78626	1.78538	1.7862
0.528	0.002539	3.2477	3.24936	3.24713	3.25057
0.528	0.0025465	5.17652	5.1789	5.17574	5.15776
0.528	0.002554	7.56394	7.56727	7.56445	7.57471
0.5365	0.002464	14.6937	14.6503	15.5308	15.262
0.5365	0.0024715	10.1881	10.1515	10.759	10.6057
0.5365	0.002479	6.54442	6.53213	6.94096	6.8323
0.5365	0.0024865	3.84283	3.85303	4.09698	4.04689
0.5365	0.002494	1.97899	1.99328	2.13738	2.12053
0.5365	0.0025015	0.859898	0.873121	0.952688	0.951336
0.5365	0.002509	0.440551	0.442738	0.473512	0.473872
0.5365	0.0025165	0.607323	0.607118	0.638926	0.637068
0.5365	0.002524	1.1749	1.1728	1.20323	1.20233
0.5365	0.0025315	2.1531	2.14802	2.17737	2.17693
0.5365	0.002539	3.57925	3.57394	3.60646	3.60914
0.5365	0.0025465	5.48735	5.46957	5.50495	5.51
0.5365	0.002554	7.7596	7.75945	7.81174	7.82793
0.545	0.002464	16.9156	17.0117	18.4023	18.1861
0.545	0.0024715	12.4022	12.5239	13.5376	13.4197
0.545	0.002479	8.76391	8.83803	9.63385	9.55578
0.545	0.0024865	5.99041	6.06783	6.63491	6.61118
0.545	0.002494	4.03406	4.09607	4.50687	4.50608
0.545	0.0025015	2.80266	2.84732	3.15326	3.16201
0.545	0.002509	2.33446	2.34945	2.52364	2.52461
0.545	0.0025165	2.4632	2.47433	2.64844	2.64588
0.545	0.002524	3.00155	3.00799	3.18491	3.18204
0.545	0.0025315	3.9401	3.94022	4.12924	4.12474
0.545	0.002539	5.33172	5.32849	5.52568	5.52294
0.545	0.0025465	7.12807	7.13223	7.33118	7.34469
0.545	0.002554	9.3888	9.4065	9.52794	9.54427
0.5535	0.002464	21.4365	21.7215	23.8627	23.7506
0.5535	0.0024715	16.9265	17.1904	18.9016	18.8515
0.5535	0.002479	13.3017	13.4867	14.9225	14.9012
0.5535	0.0024865	10.4495	10.6196	11.7803	11.7883
0.5535	0.002494	8.39941	8.54337	9.49754	9.52076
0.5535	0.0025015	7.06721	7.17736	7.97525	8.00452
0.5535	0.002509	6.64349	6.69328	7.21907	7.22049
0.5535	0.0025165	6.7444	6.78617	7.30689	7.30172
0.5535	0.002524	7.26202	7.29851	7.82262	7.81992
0.5535	0.0025315	8.16239	8.19035	8.73836	8.73039
0.5535	0.002539	9.48618	9.53006	10.1025	10.0963
0.5535	0.0025465	11.2248	11.2595	11.8886	11.8917
0.5535	0.002554	13.4131	13.4455	14.1077	14.1229
0.562	0.002464	29.0274	29.5355	32.842	32.8278
0.562	0.0024715	24.562	25.0261	27.8742	27.8838
0.562	0.002479	20.9782	21.3684	23.8627	23.9
0.562	0.0024865	18.1224	18.4458	20.6061	20.6602
0.562	0.002494	16.0081	16.2861	18.179	18.2418
0.562	0.0025015	14.6822	14.8453	16.4974	16.5629
0.562	0.002509	14.3492	14.4711	15.6633	15.6831
0.562	0.0025165	14.4634	14.5714	15.7497	15.7425
0.562	0.002524	14.9698	15.0726	16.2688	16.2587
0.562	0.0025315	15.8653	15.9595	17.172	17.1642
0.562	0.002539	17.211	17.2961	18.5351	18.525
0.562	0.0025465	18.9275	19.0325	20.363	20.3559
0.562	0.002554	21.0824	21.182	22.5719	22.5741
0.5705	0.002464	40.4528	41.3525	46.319	46.388
0.5705	0.0024715	36.1687	36.9122	41.4257	41.5149
0.5705	0.002479	32.6246	33.3072	37.3631	37.4682
0.5705	0.0024865	29.8387	30.3856	34.0759	34.1976
0.5705	0.002494	27.6859	28.1672	31.5302	31.6546
0.5705	0.0025015	26.6083	26.8857	29.7142	29.8383
0.5705	0.002509	26.3754	26.6221	28.8929	28.8822
0.5705	0.0025165	26.5396	26.7672	29.0277	29.0195
0.5705	0.002524	27.0669	27.2806	29.568	29.5547
0.5705	0.0025315	27.995	28.2082	30.5067	30.4949
0.5705	0.002539	29.3652	29.569	31.9016	31.8929
0.5705	0.0025465	31.1451	31.3293	33.7517	33.742
0.5705	0.002554	33.3588	33.5647	36.0459	36.0338
0.579	0.002464	56.4274	57.7294	65.08	65.2566
0.579	0.0024715	52.3415	53.4782	60.3103	60.5053
0.579	0.002479	48.8972	49.9236	56.235	56.4352
0.579	0.0024865	46.1524	47.0824	52.9656	53.1741
0.579	0.002494	44.2216	44.8978	50.3393	50.5543
0.579	0.0025015	43.5674	44.0355	48.4262	48.6391
0.579	0.002509	43.4367	43.8765	47.7664	47.7569
0.579	0.0025165	43.6797	44.0902	47.9933	47.9876
0.579	0.002524	44.2856	44.674	48.591	48.5794
0.579	0.0025315	45.2934	45.6792	49.6134	49.6041
0.579	0.002539	46.7158	47.0988	51.0867	51.0792
0.579	0.0025465	48.5426	48.913	52.9874	52.9821
0.579	0.002554	50.8331	51.1927	55.346	55.3445
