#x	y	0	6a	7a	67
0.426	-3.14159	166.233	167.448	178.976	179.342
0.426	-3.03687	154.944	156.265	167.381	167.606
0.426	-2.93215	144.908	146.31	157.07	157.16
0.426	-2.82743	136.432	137.913	148.318	148.295
0.426	-2.72271	129.44	130.998	141.059	140.94
0.426	-2.61799	123.674	125.344	134.984	134.813
0.426	-2.51327	119.132	120.874	130.177	129.959
0.426	-2.40855	115.723	117.533	126.512	126.254
0.426	-2.30383	113.279	115.137	123.825	123.539
0.426	-2.19911	111.629	113.527	121.948	121.645
0.426	-2.0944	110.609	112.538	120.72	120.41
0.426	-1.98968	110.064	112.017	119.99	119.682
0.426	-1.88496	109.858	111.829	119.626	119.327
0.426	-1.78024	109.809	111.845	119.493	119.215
0.426	-1.67552	109.906	111.951	119.502	119.242
0.426	-1.5708	110.108	112.15	119.649	119.409
0.426	-1.46608	110.406	112.435	119.929	119.713
0.426	-1.36136	110.831	112.837	120.375	120.185
0.426	-1.25664	111.397	113.409	121.053	120.896
0.426	-1.15192	112.243	114.205	122.002	121.875
0.426	-1.0472	113.522	115.423	123.428	123.336
0.426	-0.942478	115.393	117.222	125.487	125.437
0.426	-0.837758	118.021	119.776	128.355	128.354
0.426	-0.733038	121.563	123.266	132.211	132.27
0.426	-0.628319	126.201	127.813	137.222	137.349
0.426	-0.523599	132.147	133.655	143.53	143.741
0.426	-0.418879	139.334	140.716	151.152	151.487
0.426	-0.314159	148.027	149.283	160.259	160.716
0.426	-0.20944	158.329	159.457	170.995	171.595
0.426	-0.10472	170.05	171.075	183.232	184.036
0.426	1.11022e-16	183.132	184.028	196.802	197.796
0.426	0.10472	197.719	198.488	211.879	213.078
0.426	0.20944	213.676	214.323	228.319	229.736
0.426	0.314159	230.8	231.33	245.912	247.555
0.426	0.418879	248.819	249.239	264.374	266.246
0.426	0.523599	267.391	267.711	283.354	285.456
0.426	0.628319	286.111	286.342	302.44	304.764
0.426	0.733038	304.522	304.677	321.164	323.699
0.426	0.837758	322.1	322.191	339.024	341.752
0.426	0.942478	338.305	338.351	355.498	358.396
0.426	1.0472	352.666	352.682	370.075	373.114
0.426	1.15192	364.708	364.708	382.162	385.312
0.426	1.25664	373.969	373.975	391.436	394.66
0.426	1.36136	380.077	380.098	397.576	400.837
0.426	1.46608	382.891	382.941	400.287	403.543
0.426	1.5708	382.272	382.368	399.485	402.699
0.426	1.67552	378.196	378.343	395.27	398.405
0.426	1.78024	370.917	371.124	387.779	390.8
0.426	1.88496	360.705	360.98	377.226	380.101
0.426	1.98968	347.834	348.181	364.084	366.787
0.426	2.0944	332.839	333.26	348.798	351.307
0.426	2.19911	316.211	316.71	331.859	334.154
0.426	2.30383	298.451	299.029	313.773	315.843
0.426	2.40855	280.054	280.712	295.036	296.877
0.426	2.51327	261.489	262.227	276.116	277.723
0.426	2.61799	243.182	243.999	257.466	258.841
0.426	2.72271	225.501	226.398	239.458	240.608
0.426	2.82743	208.755	209.73	222.399	223.334
0.426	2.93215	193.187	194.241	206.53	207.256
0.426	3.03687	178.974	180.109	192.012	192.55
0.426	3.14159	166.233	167.448	178.976	179.342
0.4345	-3.14159	132.335	133.082	141.417	141.851
0.4345	-3.03687	121.325	122.136	130.15	130.436
0.4345	-2.93215	111.828	112.702	120.406	120.563
0.4345	-2.82743	103.688	104.649	112.02	112.08
0.4345	-2.72271	96.8166	97.839	104.91	104.881
0.4345	-2.61799	91.298	92.3798	99.1632	99.0618
0.4345	-2.51327	87.0009	88.1389	94.6485	94.4909
0.4345	-2.40855	83.7663	84.9678	91.214	91.0195
0.4345	-2.30383	81.4235	82.6982	88.6796	88.4665
0.4345	-2.19911	79.8296	81.1344	86.891	86.6633
0.4345	-2.0944	78.8273	80.1561	85.7107	85.4778
0.4345	-1.98968	78.2705	79.6175	84.9956	84.7652
0.4345	-1.88496	78.0307	79.3905	84.6085	84.3989
0.4345	-1.78024	77.9978	79.3707	84.459	84.2758
0.4345	-1.67552	78.1024	79.4826	84.4787	84.3202
0.4345	-1.5708	78.2558	79.6714	84.6258	84.484
0.4345	-1.46608	78.4757	79.8798	84.8599	84.7106
0.4345	-1.36136	78.8134	80.197	85.2156	85.0869
0.4345	-1.25664	79.335	80.6887	85.7888	85.6836
0.4345	-1.15192	80.1396	81.4537	86.683	86.6013
0.4345	-1.0472	81.3285	82.6197	88.0227	87.9695
0.4345	-0.942478	83.034	84.2697	89.9161	89.8971
0.4345	-0.837758	85.4615	86.6338	92.55	92.5713
0.4345	-0.733038	88.7916	89.8932	96.1231	96.1944
0.4345	-0.628319	93.2015	94.2219	100.808	100.941
0.4345	-0.523599	98.8563	99.7776	106.767	106.976
0.4345	-0.418879	105.892	106.718	114.143	114.444
0.4345	-0.314159	114.25	114.977	122.958	123.397
0.4345	-0.20944	124.003	124.616	133.085	133.664
0.4345	-0.10472	135.33	135.828	144.805	145.544
0.4345	1.11022e-16	147.95	148.349	157.827	158.792
0.4345	0.10472	161.811	162.101	172.095	173.261
0.4345	0.20944	176.977	177.155	187.666	189.046
0.4345	0.314159	193.249	193.324	204.339	205.942
0.4345	0.418879	210.364	210.346	221.845	223.677
0.4345	0.523599	227.997	227.894	239.851	241.912
0.4345	0.628319	245.761	245.582	257.963	260.248
0.4345	0.733038	263.219	262.976	275.738	278.237
0.4345	0.837758	279.899	279.605	292.699	295.394
0.4345	0.942478	295.313	294.982	308.288	311.159
0.4345	1.0472	308.979	308.624	322.045	325.062
0.4345	1.15192	320.347	319.994	333.538	336.669
0.4345	1.25664	329.1	328.753	342.373	345.583
0.4345	1.36136	334.938	334.609	348.159	351.411
0.4345	1.46608	337.599	337.313	350.716	353.97
0.4345	1.5708	336.965	336.719	350.005	353.222
0.4345	1.67552	333.144	332.948	346.044	349.187
0.4345	1.78024	326.285	326.146	338.9	341.934
0.4345	1.88496	316.535	316.468	328.95	331.843
0.4345	1.98968	304.363	304.36	316.546	319.272
0.4345	2.0944	290.183	290.248	302.111	304.645
0.4345	2.19911	274.453	274.587	286.091	288.418
0.4345	2.30383	257.647	257.85	268.953	271.059
0.4345	2.40855	240.235	240.502	251.217	253.095
0.4345	2.51327	222.638	222.969	233.33	234.977
0.4345	2.61799	205.293	205.688	215.697	217.115
0.4345	2.72271	188.548	189.01	198.669	199.866
0.4345	2.82743	172.694	173.226	182.539	183.523
0.4345	2.93215	157.959	158.559	167.536	168.32
0.4345	3.03687	144.509	145.178	153.827	154.426
0.4345	3.14159	132.335	133.082	141.417	141.851
0.443	-3.14159	104.708	105.072	110.875	111.358
0.443	-3.03687	94.2577	94.6677	100.214	100.548
0.443	-2.93215	85.07	85.5472	90.844	91.0574
0.443	-2.82743	77.1475	77.6738	82.7186	82.8249
0.443	-2.72271	70.6082	71.1824	75.9848	76.0022
0.443	-2.61799	65.3502	65.9708	70.5406	70.4868
0.443	-2.51327	61.2333	61.9138	66.2323	66.1471
0.443	-2.40855	58.0249	58.765	62.849	62.7273
0.443	-2.30383	55.7159	56.4971	60.3764	60.2313
0.443	-2.19911	54.1468	54.9651	58.6532	58.4987
0.443	-2.0944	53.1619	54.0128	57.5261	57.3689
0.443	-1.98968	52.5864	53.4825	56.8409	56.694
0.443	-1.88496	52.2993	53.2092	56.4427	56.3051
0.443	-1.78024	52.2161	53.1341	56.2699	56.1446
0.443	-1.67552	52.2623	53.1829	56.2504	56.139
0.443	-1.5708	52.3965	53.3138	56.3447	56.2477
0.443	-1.46608	52.6123	53.5202	56.5482	56.4657
0.443	-1.36136	52.9122	53.8303	56.8925	56.8243
0.443	-1.25664	53.3461	54.2362	57.3728	57.3222
0.443	-1.15192	54.0557	54.9099	58.1565	58.1206
0.443	-1.0472	55.1652	55.9789	59.3743	59.3558
0.443	-0.942478	56.8288	57.5936	61.1764	61.18
0.443	-0.837758	59.2134	59.9195	63.7283	63.7609
0.443	-0.733038	62.4444	63.0966	67.203	67.2739
0.443	-0.628319	66.6061	67.171	71.6123	71.7476
0.443	-0.523599	71.9425	72.4232	77.1957	77.4036
0.443	-0.418879	78.6081	78.9994	84.1298	84.4314
0.443	-0.314159	86.717	87.0147	92.5309	92.9455
0.443	-0.20944	96.25	96.4716	102.377	102.968
0.443	-0.10472	106.996	107.124	113.486	114.238
0.443	1.11022e-16	119.231	119.263	126.091	127.024
0.443	0.10472	132.494	132.459	139.685	140.87
0.443	0.20944	146.889	146.767	154.423	155.828
0.443	0.314159	162.336	162.132	170.213	171.849
0.443	0.418879	178.589	178.308	186.801	188.673
0.443	0.523599	195.335	194.984	203.869	205.979
0.443	0.628319	212.207	211.796	221.044	223.387
0.443	0.733038	228.792	228.329	237.871	240.439
0.443	0.837758	244.64	244.137	253.902	256.674
0.443	0.942478	259.265	258.752	268.68	271.635
0.443	1.0472	272.168	271.639	281.745	284.854
0.443	1.15192	282.972	282.44	292.669	295.898
0.443	1.25664	291.305	290.783	301.033	304.345
0.443	1.36136	296.857	296.373	306.507	309.864
0.443	1.46608	299.342	298.89	308.97	312.332
0.443	1.5708	298.777	298.364	308.34	311.667
0.443	1.67552	295.193	294.824	304.568	307.819
0.443	1.78024	288.678	288.364	297.846	300.987
0.443	1.88496	279.458	279.21	288.466	291.464
0.443	1.98968	267.956	267.764	276.763	279.589
0.443	2.0944	254.55	254.415	263.136	265.765
0.443	2.19911	239.673	239.595	247.965	250.383
0.443	2.30383	223.769	223.751	231.775	233.966
0.443	2.40855	207.259	207.292	215.016	216.973
0.443	2.51327	190.605	190.687	198.112	199.833
0.443	2.61799	174.186	174.316	181.446	182.934
0.443	2.72271	158.334	158.509	165.351	166.612
0.443	2.82743	143.321	143.541	150.104	151.148
0.443	2.93215	129.366	129.628	135.922	136.762
0.443	3.03687	116.585	116.903	122.962	123.614
0.443	3.14159	104.708	105.072	110.875	111.358
0.4515	-3.14159	83.4168	83.561	87.3519	87.8753
0.4515	-3.03687	73.3238	73.5106	77.14	77.5181
0.4515	-2.93215	64.4039	64.624	68.0557	68.3104
0.4515	-2.82743	56.8644	57.1184	60.3591	60.5089
0.4515	-2.72271	50.6367	50.9243	53.981	54.0443
0.4515	-2.61799	45.4356	45.7784	48.6469	48.6564
0.4515	-2.51327	41.3612	41.7383	44.4286	44.3889
0.4515	-2.40855	38.2887	38.6985	41.2204	41.1459
0.4515	-2.30383	36.0689	36.5093	38.8736	38.777
0.4515	-2.19911	34.5498	35.0181	37.2374	37.1293
0.4515	-2.0944	33.5836	34.0766	36.1728	36.0539
0.4515	-1.98968	33.0186	33.5468	35.5157	35.41
0.4515	-1.88496	32.711	33.2562	35.1245	35.0327
0.4515	-1.78024	32.5948	33.1496	34.9423	34.8615
0.4515	-1.67552	32.6019	33.1536	34.8929	34.8239
0.4515	-1.5708	32.6858	33.2376	34.9486	34.8912
0.4515	-1.46608	32.8484	33.393	35.102	35.0556
0.4515	-1.36136	33.1166	33.6484	35.3833	35.347
0.4515	-1.25664	33.5002	34.0326	35.827	35.8029
0.4515	-1.15192	34.1303	34.6309	36.5152	36.5005
0.4515	-1.0472	35.1428	35.6099	37.6121	37.609
0.4515	-0.942478	36.6847	37.1101	39.2616	39.2743
0.4515	-0.837758	38.9151	39.2887	41.6221	41.6573
0.4515	-0.733038	42.0011	42.3147	44.8595	44.9275
0.4515	-0.628319	46.0625	46.32	49.1408	49.2512
0.4515	-0.523599	51.2906	51.4736	54.5677	54.7391
0.4515	-0.418879	57.6432	57.7597	61.134	61.4201
0.4515	-0.314159	65.34	65.3791	69.0637	69.4573
0.4515	-0.20944	74.491	74.4499	78.465	78.9872
0.4515	-0.10472	85.0013	84.9049	89.2111	89.9376
0.4515	1.11022e-16	96.6564	96.4798	101.143	102.047
0.4515	0.10472	109.623	109.384	114.41	115.531
0.4515	0.20944	123.3	123.008	128.372	129.747
0.4515	0.314159	137.98	137.621	143.33	144.935
0.4515	0.418879	153.427	153.005	159.049	160.89
0.4515	0.523599	169.344	168.865	175.221	177.305
0.4515	0.628319	185.382	184.854	191.476	193.793
0.4515	0.733038	201.147	200.579	207.422	209.963
0.4515	0.837758	216.196	215.614	222.628	225.377
0.4515	0.942478	230.054	229.459	236.651	239.584
0.4515	1.0472	242.322	241.72	249.051	252.142
0.4515	1.15192	252.599	251.999	259.423	262.639
0.4515	1.25664	260.532	259.944	267.35	270.652
0.4515	1.36136	265.788	265.249	272.559	275.911
0.4515	1.46608	268.17	267.667	274.918	278.28
0.4515	1.5708	267.66	267.2	274.349	277.679
0.4515	1.67552	264.285	263.86	270.806	274.065
0.4515	1.78024	258.113	257.79	264.466	267.618
0.4515	1.88496	249.399	249.095	255.611	258.622
0.4515	1.98968	238.512	238.249	244.555	247.397
0.4515	2.0944	225.819	225.603	231.676	234.325
0.4515	2.19911	211.728	211.559	217.36	219.8
0.4515	2.30383	196.667	196.542	202.051	204.268
0.4515	2.40855	181.033	180.957	186.204	188.189
0.4515	2.51327	165.249	165.209	170.218	171.969
0.4515	2.61799	149.686	149.68	154.456	155.976
0.4515	2.72271	134.657	134.682	139.235	140.53
0.4515	2.82743	120.422	120.476	124.814	125.895
0.4515	2.93215	107.187	107.267	111.401	112.28
0.4515	3.03687	94.6958	94.81	98.8014	99.4895
0.4515	3.14159	83.4168	83.561	87.3519	87.8753
0.46	-3.14159	67.8646	67.8988	70.2354	70.7823
0.46	-3.03687	58.0318	58.0848	60.2773	60.6839
0.46	-2.93215	49.5416	49.6132	51.668	51.953
0.46	-2.82743	42.2888	42.3915	44.3159	44.5001
0.46	-2.72271	36.107	36.2321	38.0196	38.1255
0.46	-2.61799	31.1281	31.2757	32.9341	32.9785
0.46	-2.51327	27.234	27.4041	28.9414	28.9397
0.46	-2.40855	24.2916	24.4835	25.9085	25.8736
0.46	-2.30383	22.1587	22.3714	23.6893	23.6274
0.46	-2.19911	20.6909	20.9229	22.1366	22.0637
0.46	-2.0944	19.7401	19.9969	21.1163	21.0406
0.46	-1.98968	19.1457	19.429	20.461	20.3935
0.46	-1.88496	18.8262	19.1177	20.0789	20.0191
0.46	-1.78024	18.6875	18.9845	19.8901	19.8398
0.46	-1.67552	18.6628	18.9619	19.8286	19.7883
0.46	-1.5708	18.715	19.0128	19.8587	19.8276
0.46	-1.46608	18.8395	19.1323	19.9766	19.9535
0.46	-1.36136	19.0645	19.348	20.2113	20.1949
0.46	-1.25664	19.385	19.6667	20.5775	20.5686
0.46	-1.15192	19.9547	20.2137	21.1895	21.1857
0.46	-1.0472	20.8897	21.1223	22.1868	22.1899
0.46	-0.942478	22.3309	22.5294	23.7068	23.7207
0.46	-0.837758	24.4301	24.5868	25.9011	25.933
0.46	-0.733038	27.3469	27.4563	28.9301	28.9909
0.46	-0.628319	31.1998	31.2613	32.9499	33.0469
0.46	-0.523599	36.1623	36.164	38.0625	38.216
0.46	-0.418879	42.388	42.3257	44.4555	44.684
0.46	-0.314159	49.8524	49.7472	52.0789	52.4506
0.46	-0.20944	58.5573	58.3879	60.9751	61.4716
0.46	-0.10472	68.6831	68.4479	71.3048	71.9481
0.46	1.11022e-16	80.0058	79.7408	82.7937	83.6702
0.46	0.10472	92.3632	92.028	95.3862	96.4568
0.46	0.20944	105.716	105.366	108.943	110.29
0.46	0.314159	119.671	119.268	123.116	124.69
0.46	0.418879	134.354	133.902	138.016	139.824
0.46	0.523599	149.485	148.989	153.356	155.403
0.46	0.628319	164.729	164.196	168.772	171.06
0.46	0.733038	179.713	179.15	183.895	186.409
0.46	0.837758	194.009	193.447	198.317	201.041
0.46	0.942478	207.179	206.613	211.617	214.529
0.46	1.0472	218.839	218.271	223.381	226.454
0.46	1.15192	228.608	228.046	233.222	236.423
0.46	1.25664	236.151	235.605	240.78	244.074
0.46	1.36136	241.171	240.682	245.729	249.077
0.46	1.46608	243.446	243.023	247.978	251.338
0.46	1.5708	242.976	242.595	247.453	250.785
0.46	1.67552	239.788	239.437	244.169	247.436
0.46	1.78024	233.983	233.676	238.177	241.341
0.46	1.88496	225.735	225.501	229.802	232.829
0.46	1.98968	215.42	215.187	219.343	222.204
0.46	2.0944	203.389	203.196	207.17	209.828
0.46	2.19911	190.032	189.875	193.693	196.118
0.46	2.30383	175.752	175.628	179.204	181.452
0.46	2.40855	160.95	160.854	164.206	166.224
0.46	2.51327	146.001	145.931	149.076	150.863
0.46	2.61799	131.25	131.203	134.16	135.716
0.46	2.72271	116.995	116.967	119.757	121.087
0.46	2.82743	103.485	103.474	106.127	107.25
0.46	2.93215	90.6515	90.6519	93.2149	94.1128
0.46	3.03687	78.7008	78.7169	81.1332	81.8698
0.46	3.14159	67.8646	67.8988	70.2354	70.7823
0.4685	-3.14159	57.1867	57.1843	58.4917	59.0603
0.4685	-3.03687	47.8217	47.8245	49.0348	49.4729
0.4685	-2.93215	39.6087	39.6198	40.7215	41.0276
0.4685	-2.82743	32.4721	32.4927	33.502	33.7116
0.4685	-2.72271	26.5712	26.6019	27.5239	27.6549
0.4685	-2.61799	21.8147	21.8559	22.6957	22.7647
0.4685	-2.51327	18.0901	18.1429	18.9051	18.9274
0.4685	-2.40855	15.2109	15.2906	15.9291	15.9337
0.4685	-2.30383	13.0753	13.1685	13.7328	13.7188
0.4685	-2.19911	11.5988	11.705	12.2026	12.1794
0.4685	-2.0944	10.6296	10.7597	11.1986	11.1737
0.4685	-1.98968	10.0179	10.1602	10.5757	10.5561
0.4685	-1.88496	9.67569	9.82715	10.2016	10.1888
0.4685	-1.78024	9.51057	9.66668	10.0127	10.0087
0.4685	-1.67552	9.4562	9.61431	9.94034	9.9371
0.4685	-1.5708	9.47612	9.63325	9.94455	9.94667
0.4685	-1.46608	9.56574	9.71773	10.0291	10.0338
0.4685	-1.36136	9.75368	9.89672	10.223	10.2281
0.4685	-1.25664	10.041	10.1791	10.5425	10.5469
0.4685	-1.15192	10.5665	10.6855	11.0986	11.0997
0.4685	-1.0472	11.4583	11.5519	12.0321	12.0309
0.4685	-0.942478	12.8535	12.9165	13.4819	13.4827
0.4685	-0.837758	14.904	14.9316	15.6009	15.6098
0.4685	-0.733038	17.7467	17.7466	18.5456	18.5749
0.4685	-0.628319	21.393	21.3509	22.2843	22.3681
0.4685	-0.523599	26.1183	26.0301	27.1155	27.2526
0.4685	-0.418879	32.0501	31.9122	33.1666	33.3756
0.4685	-0.314159	39.2922	39.1015	40.5409	40.8426
0.4685	-0.20944	47.8065	47.5972	49.1613	49.637
0.4685	-0.10472	57.4551	57.1952	58.9581	59.5784
0.4685	1.11022e-16	68.4458	68.1345	70.1079	70.8931
0.4685	0.10472	80.3343	80.0051	82.1545	83.1917
0.4685	0.20944	93.2095	92.8336	95.1988	96.4465
0.4685	0.314159	106.692	106.316	108.775	110.328
0.4685	0.418879	120.655	120.24	122.902	124.691
0.4685	0.523599	135.041	134.591	137.443	139.475
0.4685	0.628319	149.534	149.055	152.078	154.353
0.4685	0.733038	163.776	163.275	166.454	168.94
0.4685	0.837758	177.384	176.868	180.136	182.834
0.4685	0.942478	189.919	189.437	192.746	195.647
0.4685	1.0472	200.997	200.525	203.9	206.963
0.4685	1.15192	210.277	209.815	213.202	216.424
0.4685	1.25664	217.442	216.997	220.381	223.664
0.4685	1.36136	222.244	221.822	225.173	228.454
0.4685	1.46608	224.441	224.121	227.307	230.667
0.4685	1.5708	223.998	223.75	226.792	230.147
0.4685	1.67552	220.975	220.752	223.698	226.941
0.4685	1.78024	215.494	215.281	218.137	221.228
0.4685	1.88496	207.734	207.554	210.207	213.243
0.4685	1.98968	197.947	197.822	200.3	203.174
0.4685	2.0944	186.531	186.428	188.787	191.425
0.4685	2.19911	173.855	173.779	176.049	178.423
0.4685	2.30383	160.303	160.248	162.414	164.576
0.4685	2.40855	146.252	146.215	148.208	150.244
0.4685	2.51327	132.062	132.038	133.878	135.684
0.4685	2.61799	118.07	118.043	119.78	121.334
0.4685	2.72271	104.581	104.543	106.176	107.497
0.4685	2.82743	91.6655	91.6601	93.1802	94.2755
0.4685	2.93215	79.2239	79.2215	80.6697	81.5717
0.4685	3.03687	67.8207	67.813	69.2112	69.9311
0.4685	3.14159	57.1867	57.1843	58.4917	59.0603
0.477	-3.14159	50.653	50.6715	51.2804	51.8406
0.477	-3.03687	41.5797	41.585	42.1498	42.5808
0.477	-2.93215	33.5238	33.5264	34.0322	34.3564
0.477	-2.82743	26.7064	26.7071	27.1484	27.3842
0.477	-2.72271	21.0659	21.0657	21.4479	21.6025
0.477	-2.61799	16.3822	16.3882	16.7244	16.8173
0.477	-2.51327	12.6603	12.6705	12.9588	13.007
0.477	-2.40855	9.8299	9.85493	10.0983	10.1154
0.477	-2.30383	7.72849	7.75697	8.00829	8.00571
0.477	-2.19911	6.27188	6.30744	6.49861	6.50146
0.477	-2.0944	5.30621	5.34866	5.49792	5.48283
0.477	-1.98968	4.70732	4.75604	4.87559	4.86348
0.477	-1.88496	4.36654	4.4205	4.51642	4.50989
0.477	-1.78024	4.19512	4.25357	4.3323	4.33203
0.477	-1.67552	4.13207	4.19189	4.26049	4.26553
0.477	-1.5708	4.14083	4.20039	4.26651	4.27485
0.477	-1.46608	4.19704	4.26235	4.33634	4.34601
0.477	-1.36136	4.30525	4.3632	4.44714	4.45448
0.477	-1.25664	4.56459	4.61251	4.71682	4.71966
0.477	-1.15192	5.063	5.09678	5.23266	5.23015
0.477	-1.0472	5.91244	5.92844	6.1071	6.10074
0.477	-0.942478	7.24452	7.23879	7.47288	7.46628
0.477	-0.837758	9.20448	9.17304	9.47544	9.47518
0.477	-0.733038	11.892	11.8285	12.2314	12.2422
0.477	-0.628319	15.5036	15.4044	15.9057	15.9447
0.477	-0.523599	20.1907	20.0534	20.6453	20.7504
0.477	-0.418879	25.8586	25.7104	26.3907	26.5876
0.477	-0.314159	32.7776	32.59	33.3977	33.686
0.477	-0.20944	41.016	40.7868	41.7357	42.1363
0.477	-0.10472	50.4587	50.2121	51.2651	51.8679
0.477	1.11022e-16	60.9117	60.6221	61.8382	62.6002
0.477	0.10472	72.5887	72.2559	73.5897	74.5849
0.477	0.20944	84.8633	84.5308	85.9772	87.1978
0.477	0.314159	98.0328	97.6641	99.2468	100.714
0.477	0.418879	111.345	110.99	112.629	114.378
0.477	0.523599	125.029	124.649	126.401	128.415
0.477	0.628319	138.811	138.409	140.264	142.503
0.477	0.733038	152.352	151.935	153.882	156.298
0.477	0.837758	165.286	164.859	166.894	169.456
0.477	0.942478	177.236	176.807	178.927	181.601
0.477	1.0472	187.802	187.408	189.519	192.364
0.477	1.15192	196.62	196.274	198.297	201.402
0.477	1.25664	203.427	203.093	205.082	208.316
0.477	1.36136	207.98	207.67	209.64	212.82
0.477	1.46608	210.129	209.848	211.824	214.908
0.477	1.5708	209.72	209.553	211.286	214.514
0.477	1.67552	206.867	206.768	208.335	211.54
0.477	1.78024	201.652	201.558	203.09	206.088
0.477	1.88496	194.298	194.2	195.744	198.515
0.477	1.98968	185.013	185	186.321	189.093
0.477	2.0944	174.216	174.198	175.398	178.005
0.477	2.19911	162.209	162.21	163.314	165.651
0.477	2.30383	149.328	149.362	150.449	152.503
0.477	2.40855	135.963	136.015	137.123	138.919
0.477	2.51327	122.487	122.525	123.547	125.237
0.477	2.61799	109.218	109.231	110.182	111.711
0.477	2.72271	96.4149	96.4096	97.2873	98.5791
0.477	2.82743	83.8176	83.7997	84.5728	85.6568
0.477	2.93215	72.0176	72.0146	72.7053	73.5956
0.477	3.03687	60.7906	60.8161	61.4576	62.1681
0.477	3.14159	50.653	50.6715	51.2804	51.8406
0.4855	-3.14159	47.0361	47.0383	47.2335	47.7963
0.4855	-3.03687	38.123	38.1568	38.3047	38.7392
0.4855	-2.93215	30.4188	30.4489	30.5789	30.9062
0.4855	-2.82743	23.8382	23.8525	23.9734	24.2125
0.4855	-2.72271	18.1897	18.1999	18.3013	18.469
0.4855	-2.61799	13.6291	13.6333	13.7227	13.8303
0.4855	-2.51327	10.0358	10.0386	10.1294	10.1904
0.4855	-2.40855	7.26246	7.26757	7.39968	7.4275
0.4855	-2.30383	5.21797	5.22426	5.32502	5.3319
0.4855	-2.19911	3.7768	3.78291	3.85116	3.85058
0.4855	-2.0944	2.83153	2.8319	2.86718	2.86068
0.4855	-1.98968	2.24682	2.2495	2.27304	2.2641
0.4855	-1.88496	1.91177	1.91692	1.92989	1.92523
0.4855	-1.78024	1.74253	1.74973	1.75397	1.75434
0.4855	-1.67552	1.67221	1.68836	1.68531	1.68993
0.4855	-1.5708	1.61867	1.63664	1.63214	1.64064
0.4855	-1.46608	1.63196	1.6484	1.64368	1.65156
0.4855	-1.36136	1.73729	1.75057	1.7501	1.75496
0.4855	-1.25664	1.99055	1.99806	2.00759	2.00714
0.4855	-1.15192	2.47535	2.4743	2.49992	2.49354
0.4855	-1.0472	3.29832	3.28613	3.33455	3.32364
0.4855	-0.942478	4.55616	4.52774	4.61593	4.6012
0.4855	-0.837758	6.38321	6.33573	6.46495	6.45524
0.4855	-0.733038	8.95899	8.88922	9.06854	9.07381
0.4855	-0.628319	12.4282	12.3329	12.5721	12.6055
0.4855	-0.523599	16.9277	16.8037	17.1133	17.191
0.4855	-0.418879	22.5786	22.423	22.8146	22.9548
0.4855	-0.314159	29.3523	29.193	29.6142	29.9004
0.4855	-0.20944	37.2077	37.001	37.5517	37.9364
0.4855	-0.10472	46.3432	46.0994	46.7592	47.2808
0.4855	1.11022e-16	56.5207	56.2794	56.9792	57.7099
0.4855	0.10472	67.6732	67.3976	68.2129	69.1287
0.4855	0.20944	79.742	79.4784	80.3191	81.447
0.4855	0.314159	92.3	92.0082	92.9318	94.2546
0.4855	0.418879	105.284	105.044	105.965	107.559
0.4855	0.523599	118.287	118.027	119.029	120.869
0.4855	0.628319	131.386	131.103	132.175	134.278
0.4855	0.733038	144.263	143.953	145.085	147.438
0.4855	0.837758	156.578	156.234	157.416	159.906
0.4855	0.942478	167.932	167.596	168.82	171.411
0.4855	1.0472	177.903	177.694	178.949	181.602
0.4855	1.15192	186.268	186.166	187.357	190.157
0.4855	1.25664	192.751	192.605	193.759	196.796
0.4855	1.36136	197.138	196.944	198.058	201.153
0.4855	1.46608	199.204	199.04	200.108	203.096
0.4855	1.5708	198.785	198.835	199.775	202.692
0.4855	1.67552	196.084	196.086	196.945	199.97
0.4855	1.78024	191.215	191.161	191.946	194.862
0.4855	1.88496	184.255	184.257	184.965	187.643
0.4855	1.98968	175.417	175.559	176.213	178.676
0.4855	2.0944	165.156	165.241	165.827	168.264
0.4855	2.19911	153.801	153.835	154.352	156.616
0.4855	2.30383	141.672	141.68	142.125	144.113
0.4855	2.40855	128.949	129.111	129.48	131.202
0.4855	2.51327	116.14	116.26	116.731	118.201
0.4855	2.61799	103.528	103.607	104.106	105.398
0.4855	2.72271	91.0377	91.0869	91.5224	92.7133
0.4855	2.82743	78.9842	79.0088	79.3945	80.4443
0.4855	2.93215	67.4958	67.5031	67.8202	68.6872
0.4855	3.03687	56.7786	56.7742	57.04	57.7367
0.4855	3.14159	47.0361	47.0383	47.2335	47.7963
0.494	-3.14159	44.9569	44.9681	45.057	45.6132
0.494	-3.03687	36.4666	36.4688	36.5364	36.9662
0.494	-2.93215	28.9946	28.9927	29.0347	29.3683
0.494	-2.82743	22.4594	22.4554	22.4926	22.7386
0.494	-2.72271	17.0273	17.025	17.0727	17.2468
0.494	-2.61799	12.6174	12.6157	12.6938	12.7848
0.494	-2.51327	9.13249	9.13139	9.20437	9.24198
0.494	-2.40855	6.42585	6.42624	6.46614	6.48662
0.494	-2.30383	4.37512	4.37641	4.39716	4.40589
0.494	-2.19911	2.93267	2.93246	2.94089	2.94264
0.494	-2.0944	1.97441	1.97312	1.97573	1.97387
0.494	-1.98968	1.37261	1.3722	1.37291	1.37232
0.494	-1.88496	1.02227	1.02268	1.02079	1.02323
0.494	-1.78024	0.839516	0.840844	0.83621	0.841985
0.494	-1.67552	0.723212	0.728182	0.71622	0.727731
0.494	-1.5708	0.663193	0.666666	0.65591	0.665445
0.494	-1.46608	0.670395	0.672116	0.661664	0.667534
0.494	-1.36136	0.771507	0.770055	0.76189	0.760999
0.494	-1.25664	1.02249	1.01602	1.01292	1.00292
0.494	-1.15192	1.50631	1.49262	1.49825	1.47818
0.494	-1.0472	2.32772	2.30094	2.32505	2.29318
0.494	-0.942478	3.55349	3.5127	3.55733	3.51854
0.494	-0.837758	5.38499	5.32726	5.39837	5.35925
0.494	-0.733038	7.92445	7.87324	7.94346	7.9515
0.494	-0.628319	11.2736	11.2044	11.3058	11.3435
0.494	-0.523599	15.6092	15.519	15.6599	15.744
0.494	-0.418879	21.0467	20.9248	21.1223	21.2717
0.494	-0.314159	27.6475	27.4796	27.7692	27.9867
0.494	-0.20944	35.3461	35.1831	35.4808	35.8544
0.494	-0.10472	44.1034	43.9103	44.2817	44.7915
0.494	1.11022e-16	54.0812	53.8569	54.3105	54.9087
0.494	0.10472	64.8003	64.6365	65.0991	65.8482
0.494	0.20944	76.4275	76.2594	76.7768	77.7142
0.494	0.314159	88.5664	88.4076	88.9798	90.1265
0.494	0.418879	101.129	100.958	101.617	102.96
0.494	0.523599	113.715	113.546	114.2	115.835
0.494	0.628319	126.183	125.993	126.683	128.583
0.494	0.733038	138.436	138.218	138.936	141.111
0.494	0.837758	150.151	149.897	150.636	153.09
0.494	0.942478	160.993	160.698	161.452	164.021
0.494	1.0472	170.512	170.294	171.059	173.68
0.494	1.15192	178.452	178.385	179.152	181.786
0.494	1.25664	184.56	184.563	185.253	188.073
0.494	1.36136	188.765	188.668	189.303	192.334
0.494	1.46608	190.8	190.643	191.226	194.181
0.494	1.5708	190.408	190.435	190.962	193.766
0.494	1.67552	187.827	187.932	188.352	191.155
0.494	1.78024	183.19	183.228	183.577	186.456
0.494	1.88496	176.674	176.649	176.927	179.571
0.494	1.98968	168.267	168.432	168.637	171.026
0.494	2.0944	158.502	158.678	158.898	161.114
0.494	2.19911	147.7	147.813	147.977	150.15
0.494	2.30383	136.182	136.239	136.347	138.309
0.494	2.40855	124.182	124.274	124.321	126.018
0.494	2.51327	111.988	112.182	112.198	113.644
0.494	2.61799	99.8131	99.9591	100.07	101.296
0.494	2.72271	87.6834	87.7868	87.9782	88.991
0.494	2.82743	76.0422	76.1133	76.293	77.1797
0.494	2.93215	64.8514	64.8955	65.046	65.828
0.494	3.03687	54.5796	54.605	54.7197	55.4006
0.494	3.14159	44.9569	44.9681	45.057	45.6132
0.5025	-3.14159	43.8981	43.9328	43.9878	44.4482
0.5025	-3.03687	35.6158	35.6377	35.6869	36.0571
0.5025	-2.93215	28.2247	28.2377	28.2892	28.5624
0.5025	-2.82743	21.9448	21.9516	22.0164	22.1926
0.5025	-2.72271	16.7194	16.7233	16.7911	16.8924
0.5025	-2.61799	12.3481	12.3525	12.3918	12.4591
0.5025	-2.51327	8.83546	8.83886	8.85973	8.90004
0.5025	-2.40855	6.14229	6.145	6.15166	6.17358
0.5025	-2.30383	4.15098	4.15272	4.15085	4.16083
0.5025	-2.19911	2.7423	2.74322	2.7386	2.74121
0.5025	-2.0944	1.80056	1.80041	1.79981	1.79807
0.5025	-1.98968	1.21502	1.21456	1.21888	1.21697
0.5025	-1.88496	0.867848	0.867085	0.876357	0.876158
0.5025	-1.78024	0.629188	0.629506	0.628562	0.637893
0.5025	-1.67552	0.468403	0.46826	0.477471	0.485264
0.5025	-1.5708	0.413635	0.413646	0.431081	0.436128
0.5025	-1.46608	0.434725	0.434247	0.446377	0.448236
0.5025	-1.36136	0.546184	0.544432	0.556117	0.552195
0.5025	-1.25664	0.806887	0.802443	0.814037	0.802504
0.5025	-1.15192	1.24568	1.24159	1.2601	1.24626
0.5025	-1.0472	2.02388	2.00584	2.02738	1.99746
0.5025	-0.942478	3.23261	3.20534	3.23372	3.20003
0.5025	-0.837758	5.02518	4.98631	5.02493	4.99463
0.5025	-0.733038	7.54013	7.48709	7.54067	7.52386
0.5025	-0.628319	10.9155	10.8455	10.9201	10.9302
0.5025	-0.523599	15.251	15.1848	15.2164	15.3338
0.5025	-0.418879	20.4697	20.3625	20.4516	20.6258
0.5025	-0.314159	26.8153	26.6837	26.8431	27.0756
0.5025	-0.20944	34.3682	34.21	34.4277	34.7204
0.5025	-0.10472	42.9071	42.776	43.0131	43.4067
0.5025	1.11022e-16	52.4261	52.2986	52.5468	53.1012
0.5025	0.10472	63.0448	62.933	63.1845	63.9333
0.5025	0.20944	74.172	74.0649	74.3453	75.2812
0.5025	0.314159	86.1092	85.9993	86.3294	87.4577
0.5025	0.418879	98.1568	98.0511	98.4319	99.7636
0.5025	0.523599	110.509	110.396	110.863	112.374
0.5025	0.628319	122.448	122.333	122.84	124.574
0.5025	0.733038	134.124	133.982	134.464	136.505
0.5025	0.837758	145.282	145.105	145.585	147.907
0.5025	0.942478	155.606	155.387	155.863	158.425
0.5025	1.0472	164.729	164.519	164.99	167.595
0.5025	1.15192	172.275	172.215	172.678	175.288
0.5025	1.25664	178.119	178.164	178.584	181.252
0.5025	1.36136	182.069	182.054	182.408	185.292
0.5025	1.46608	184	183.92	184.216	187.146
0.5025	1.5708	183.685	183.711	183.95	186.724
0.5025	1.67552	181.216	181.394	181.572	184.219
0.5025	1.78024	176.794	176.909	177.008	179.733
0.5025	1.88496	170.589	170.634	170.666	173.285
0.5025	1.98968	162.658	162.804	162.769	165.132
0.5025	2.0944	153.353	153.602	153.582	155.683
0.5025	2.19911	143.063	143.242	143.214	145.237
0.5025	2.30383	132.094	132.209	132.134	134.079
0.5025	2.40855	120.743	120.804	120.679	122.361
0.5025	2.51327	109.1	109.285	109.106	110.553
0.5025	2.61799	97.1053	97.3046	97.1729	98.3878
0.5025	2.72271	85.5137	85.6654	85.6255	86.6387
0.5025	2.82743	74.0172	74.1282	74.1614	74.9825
0.5025	2.93215	63.3189	63.3972	63.4777	64.1348
0.5025	3.03687	53.115	53.1687	53.2318	53.7914
0.5025	3.14159	43.8981	43.9328	43.9878	44.4482
0.511	-3.14159	43.1317	43.1766	43.2283	43.6572
0.511	-3.03687	34.9285	34.9575	35.0102	35.3419
0.511	-2.93215	27.8123	27.83	27.8917	28.1269
0.511	-2.82743	21.7247	21.7369	21.7981	21.9573
0.511	-2.72271	16.4378	16.4459	16.4899	16.598
0.511	-2.61799	12.1364	12.1422	12.1686	12.2388
0.511	-2.51327	8.72746	8.73158	8.74255	8.78561
0.511	-2.40855	6.10584	6.10891	6.10796	6.13229
0.511	-2.30383	4.15909	4.16183	4.15396	4.16594
0.511	-2.19911	2.77415	2.77644	2.76794	2.77211
0.511	-2.0944	1.84162	1.8434	1.8404	1.83982
0.511	-1.98968	1.26019	1.26218	1.26875	1.26643
0.511	-1.88496	0.916627	0.914045	0.913505	0.919915
0.511	-1.78024	0.619508	0.617653	0.623179	0.629865
0.511	-1.67552	0.455185	0.454274	0.470003	0.475265
0.511	-1.5708	0.400284	0.40118	0.427931	0.430844
0.511	-1.46608	0.439343	0.440516	0.460615	0.46066
0.511	-1.36136	0.566039	0.567391	0.585826	0.581695
0.511	-1.25664	0.78741	0.781067	0.801858	0.790161
0.511	-1.15192	1.22232	1.22017	1.24277	1.22952
0.511	-1.0472	2.0154	2.00346	2.02467	1.99961
0.511	-0.942478	3.21824	3.19922	3.22192	3.19601
0.511	-0.837758	4.98521	4.95691	4.98377	4.96438
0.511	-0.733038	7.44547	7.40834	7.43866	7.42896
0.511	-0.628319	10.7031	10.6783	10.6819	10.724
0.511	-0.523599	14.9404	14.867	14.898	15.015
0.511	-0.418879	20.2153	20.097	20.1913	20.3485
0.511	-0.314159	26.4095	26.3008	26.379	26.6325
0.511	-0.20944	33.6455	33.5146	33.7079	33.9626
0.511	-0.10472	42.0487	41.9234	42.1199	42.5122
0.511	1.11022e-16	51.3405	51.2385	51.4152	51.9879
0.511	0.10472	61.5531	61.4563	61.6448	62.3945
0.511	0.20944	72.5701	72.4943	72.6795	73.6328
0.511	0.314159	84.0106	83.9341	84.1599	85.3043
0.511	0.418879	95.9137	95.8501	96.105	97.4516
0.511	0.523599	107.727	107.652	107.991	109.514
0.511	0.628319	119.52	119.444	119.833	121.55
0.511	0.733038	130.665	130.563	130.972	132.94
0.511	0.837758	141.312	141.175	141.54	143.821
0.511	0.942478	151.16	150.979	151.332	153.888
0.511	1.0472	159.881	159.684	160.026	162.631
0.511	1.15192	167.065	167.017	167.349	169.953
0.511	1.25664	172.627	172.712	173.017	175.627
0.511	1.36136	176.385	176.408	176.643	179.469
0.511	1.46608	178.221	178.176	178.354	181.272
0.511	1.5708	177.941	177.97	178.093	180.852
0.511	1.67552	175.578	175.802	175.871	178.451
0.511	1.78024	171.359	171.507	171.509	174.167
0.511	1.88496	165.443	165.518	165.457	168.062
0.511	1.98968	157.914	158.05	157.926	160.276
0.511	2.0944	149.037	149.316	149.168	151.258
0.511	2.19911	139.222	139.428	139.332	141.29
0.511	2.30383	128.759	128.899	128.761	130.665
0.511	2.40855	117.932	118.014	117.834	119.508
0.511	2.51327	106.452	106.617	106.391	107.834
0.511	2.61799	94.9867	95.2082	94.9928	96.2024
0.511	2.72271	83.5154	83.6861	83.573	84.5835
0.511	2.82743	72.5082	72.6357	72.6021	73.4217
0.511	2.93215	61.9384	62.0313	62.0528	62.7129
0.511	3.03687	52.0985	52.1638	52.2151	52.7373
0.511	3.14159	43.1317	43.1766	43.2283	43.6572
0.5195	-3.14159	42.2694	42.3062	42.3528	42.8407
0.5195	-3.03687	34.3562	34.379	34.4308	34.8133
0.5195	-2.93215	27.4145	27.4281	27.4833	27.7782
0.5195	-2.82743	21.2674	21.275	21.3441	21.5394
0.5195	-2.72271	16.138	16.1422	16.215	16.3323
0.5195	-2.61799	11.9534	11.9561	12.0061	12.0843
0.5195	-2.51327	8.62561	8.62751	8.6567	8.70638
0.5195	-2.40855	6.0556	6.05652	6.06859	6.0981
0.5195	-2.30383	4.08943	4.09291	4.09056	4.10841
0.5195	-2.19911	2.65988	2.66315	2.65518	2.66155
0.5195	-2.0944	1.69174	1.69466	1.68738	1.69047
0.5195	-1.98968	1.07877	1.08092	1.07854	1.07911
0.5195	-1.88496	0.706335	0.708309	0.710998	0.710642
0.5195	-1.78024	0.436304	0.435492	0.434787	0.437983
0.5195	-1.67552	0.267716	0.267404	0.273397	0.275585
0.5195	-1.5708	0.215766	0.216719	0.229466	0.229224
0.5195	-1.46608	0.25008	0.249423	0.258317	0.255158
0.5195	-1.36136	0.385302	0.38293	0.391897	0.384085
0.5195	-1.25664	0.673547	0.664258	0.677235	0.662223
0.5195	-1.15192	1.13879	1.13394	1.14842	1.13422
0.5195	-1.0472	1.95341	1.93263	1.95502	1.92741
0.5195	-0.942478	3.19345	3.16322	3.19338	3.16598
0.5195	-0.837758	4.98658	4.96257	4.98133	4.98544
0.5195	-0.733038	7.39424	7.35662	7.38989	7.3983
0.5195	-0.628319	10.5769	10.5504	10.5582	10.6227
0.5195	-0.523599	14.7036	14.6355	14.6632	14.8079
0.5195	-0.418879	19.8307	19.7221	19.808	20.0171
0.5195	-0.314159	26.044	25.9114	26.0668	26.339
0.5195	-0.20944	33.1543	33.0226	33.2043	33.5346
0.5195	-0.10472	41.2696	41.1428	41.3716	41.801
0.5195	1.11022e-16	50.5086	50.3866	50.6241	51.2165
0.5195	0.10472	60.3811	60.2823	60.5063	61.2947
0.5195	0.20944	71.1274	71.0304	71.2842	72.2599
0.5195	0.314159	82.2998	82.2212	82.4849	83.6681
0.5195	0.418879	93.8379	93.7526	94.0821	95.4522
0.5195	0.523599	105.394	105.317	105.694	107.253
0.5195	0.628319	116.78	116.683	117.174	118.891
0.5195	0.733038	127.716	127.578	128.007	130.057
0.5195	0.837758	137.895	137.756	138.127	140.47
0.5195	0.942478	147.307	147.124	147.489	150.073
0.5195	1.0472	155.615	155.439	155.797	158.417
0.5195	1.15192	162.471	162.442	162.794	165.411
0.5195	1.25664	167.776	167.853	168.171	170.83
0.5195	1.36136	171.36	171.375	171.632	174.498
0.5195	1.46608	173.111	173.059	173.264	176.186
0.5195	1.5708	172.822	172.861	173.016	175.779
0.5195	1.67552	170.562	170.772	170.871	173.483
0.5195	1.78024	166.532	166.668	166.704	169.39
0.5195	1.88496	160.886	160.95	160.925	163.533
0.5195	1.98968	153.683	153.822	153.737	156.091
0.5195	2.0944	145.204	145.468	145.377	147.473
0.5195	2.19911	135.829	136.023	135.959	137.948
0.5195	2.30383	125.835	125.963	125.858	127.793
0.5195	2.40855	115.221	115.289	115.145	116.851
0.5195	2.51327	104.109	104.278	104.087	105.542
0.5195	2.61799	92.9027	93.111	92.9513	94.1899
0.5195	2.72271	81.7675	81.926	81.8658	82.8915
0.5195	2.82743	71.0362	71.1522	71.1715	72.0171
0.5195	2.93215	60.7031	60.7858	60.8582	61.535
0.5195	3.03687	51.2158	51.2717	51.3328	51.9153
0.5195	3.14159	42.2694	42.3062	42.3528	42.8407
0.528	-3.14159	41.6587	41.671	41.7669	42.3718
0.528	-3.03687	33.9476	33.9899	34.0669	34.5581
0.528	-2.93215	26.9903	26.9865	27.0489	27.4349
0.528	-2.82743	21.0163	21.0103	21.0732	21.3679
0.528	-2.72271	16.0185	16.0121	16.0896	16.3087
0.528	-2.61799	11.9285	11.923	12.0289	12.1477
0.528	-2.51327	8.54083	8.53942	8.62934	8.69244
0.528	-2.40855	5.88893	5.88861	5.94809	5.98863
0.528	-2.30383	3.89989	3.89783	3.93469	3.95935
0.528	-2.19911	2.4658	2.46612	2.48194	2.49574
0.528	-2.0944	1.48224	1.48201	1.48547	1.49194
0.528	-1.98968	0.852478	0.851296	0.84959	0.850834
0.528	-1.88496	0.475439	0.474128	0.473829	0.472866
0.528	-1.78024	0.242085	0.243821	0.247778	0.248926
0.528	-1.67552	0.0569623	0.0603288	0.0608485	0.0613322
0.528	-1.5708	0	0	0	0
0.528	-1.46608	0.0459534	0.045609	0.0459182	0.0454491
0.528	-1.36136	0.20393	0.202337	0.203891	0.202223
0.528	-1.25664	0.523051	0.518993	0.523277	0.52041
0.528	-1.15192	1.0316	1.02168	1.03251	1.02764
0.528	-1.0472	1.85269	1.83194	1.8579	1.85248
0.528	-0.942478	3.10556	3.07496	3.1152	3.11683
0.528	-0.837758	4.91567	4.87272	4.93224	4.94898
0.528	-0.733038	7.40929	7.35128	7.43608	7.47876
0.528	-0.628319	10.6983	10.6358	10.7109	10.8137
0.528	-0.523599	14.729	14.6396	14.7357	14.9176
0.528	-0.418879	19.7144	19.6028	19.7568	20.0193
0.528	-0.314159	25.7615	25.6253	25.8522	26.1929
0.528	-0.20944	32.9236	32.7607	33.05	33.5102
0.528	-0.10472	40.8654	40.7144	41.0227	41.5706
0.528	1.11022e-16	49.8019	49.6515	50.0469	50.6973
0.528	0.10472	59.6094	59.4795	59.8722	60.7221
0.528	0.20944	69.9738	69.8422	70.2812	71.3185
0.528	0.314159	81.0251	80.9101	81.3178	82.614
0.528	0.418879	92.1256	92.0013	92.5412	93.9723
0.528	0.523599	103.532	103.392	103.96	105.636
0.528	0.628319	114.47	114.332	114.884	116.829
0.528	0.733038	125.191	125.025	125.593	127.808
0.528	0.837758	135.04	134.86	135.372	137.875
0.528	0.942478	144.054	143.832	144.353	146.97
0.528	1.0472	151.939	151.791	152.321	154.975
0.528	1.15192	158.497	158.495	159.029	161.682
0.528	1.25664	163.572	163.593	164.07	166.878
0.528	1.36136	167	166.962	167.394	170.397
0.528	1.46608	168.677	168.575	168.965	171.908
0.528	1.5708	168.333	168.391	168.737	171.524
0.528	1.67552	166.173	166.322	166.592	169.333
0.528	1.78024	162.323	162.402	162.614	165.424
0.528	1.88496	156.929	156.941	157.094	159.722
0.528	1.98968	149.977	150.134	150.225	152.603
0.528	2.0944	141.868	142.076	142.206	144.357
0.528	2.19911	132.902	133.044	133.127	135.24
0.528	2.30383	123.236	123.311	123.363	125.354
0.528	2.40855	112.792	112.858	112.855	114.586
0.528	2.51327	102.093	102.294	102.245	103.734
0.528	2.61799	91.0287	91.1897	91.2377	92.506
0.528	2.72271	80.3308	80.4478	80.5812	81.64
0.528	2.82743	69.6976	69.7759	69.9484	70.8614
0.528	2.93215	59.7459	59.7961	59.942	60.7532
0.528	3.03687	50.3009	50.3278	50.4386	51.1703
0.528	3.14159	41.6587	41.671	41.7669	42.3718
0.5365	-3.14159	41.7496	41.7346	41.9668	42.608
0.5365	-3.03687	34.0529	34.0575	34.2474	34.7644
0.5365	-2.93215	27.2278	27.2494	27.4056	27.8134
0.5365	-2.82743	21.4028	21.4254	21.5572	21.8746
0.5365	-2.72271	16.5343	16.5385	16.6599	16.9032
0.5365	-2.61799	12.3532	12.3449	12.4572	12.6429
0.5365	-2.51327	8.98036	8.97616	9.11703	9.24799
0.5365	-2.40855	6.35036	6.34936	6.54703	6.61555
0.5365	-2.30383	4.3623	4.36323	4.5241	4.56144
0.5365	-2.19911	2.91384	2.9152	3.0343	3.05723
0.5365	-2.0944	1.90687	1.90607	1.99218	2.00496
0.5365	-1.98968	1.27303	1.2693	1.31584	1.31619
0.5365	-1.88496	0.888101	0.885431	0.926405	0.923108
0.5365	-1.78024	0.682552	0.681341	0.717086	0.713599
0.5365	-1.67552	0.493965	0.501661	0.555771	0.557214
0.5365	-1.5708	0.440551	0.442738	0.473512	0.473872
0.5365	-1.46608	0.506704	0.508402	0.539755	0.543048
0.5365	-1.36136	0.692245	0.692283	0.727477	0.734115
0.5365	-1.25664	1.04331	1.04019	1.08367	1.09445
0.5365	-1.15192	1.60726	1.5967	1.66648	1.677
0.5365	-1.0472	2.45463	2.43499	2.51957	2.54262
0.5365	-0.942478	3.73027	3.69913	3.80948	3.84822
0.5365	-0.837758	5.54945	5.50419	5.64761	5.71069
0.5365	-0.733038	8.03231	7.97016	8.1546	8.2532
0.5365	-0.628319	11.298	11.2162	11.4503	11.5983
0.5365	-0.523599	15.4585	15.354	15.6298	15.861
0.5365	-0.418879	20.349	20.2271	20.5548	20.879
0.5365	-0.314159	26.2539	26.1054	26.5157	26.9377
0.5365	-0.20944	33.2293	33.0523	33.5455	34.0954
0.5365	-0.10472	41.1856	41.0204	41.5019	42.25
0.5365	1.11022e-16	49.9049	49.7131	50.2823	51.1844
0.5365	0.10472	59.5741	59.3692	60.0294	61.0619
0.5365	0.20944	69.6716	69.4818	70.1779	71.4121
0.5365	0.314159	80.3865	80.1867	80.9668	82.3984
0.5365	0.418879	91.285	91.0934	91.8802	93.5652
0.5365	0.523599	102.275	102.066	102.913	104.841
0.5365	0.628319	113.054	112.843	113.672	115.88
0.5365	0.733038	123.363	123.123	123.995	126.465
0.5365	0.837758	133.098	132.843	133.682	136.276
0.5365	0.942478	141.691	141.455	142.327	144.999
0.5365	1.0472	149.207	149.094	149.993	152.705
0.5365	1.15192	155.497	155.475	156.332	159.16
0.5365	1.25664	160.363	160.291	161.121	164.161
0.5365	1.36136	163.653	163.526	164.329	167.432
0.5365	1.46608	165.193	165.08	165.852	168.837
0.5365	1.5708	164.83	164.915	165.622	168.484
0.5365	1.67552	162.766	162.806	163.441	166.397
0.5365	1.78024	159.085	159.075	159.644	162.545
0.5365	1.88496	153.863	153.856	154.368	157.035
0.5365	1.98968	147.162	147.342	147.796	150.217
0.5365	2.0944	139.397	139.514	139.954	142.315
0.5365	2.19911	130.808	130.868	131.255	133.534
0.5365	2.30383	121.249	121.253	121.606	123.635
0.5365	2.40855	111.115	111.228	111.515	113.287
0.5365	2.51327	100.561	100.699	101.051	102.59
0.5365	2.61799	89.9181	90.0124	90.4536	91.7659
0.5365	2.72271	79.3962	79.4528	79.8624	81.0916
0.5365	2.82743	69.106	69.1352	69.5	70.6249
0.5365	2.93215	59.3961	59.4033	59.7266	60.6857
0.5365	3.03687	50.1209	50.1145	50.3909	51.1801
0.5365	3.14159	41.7496	41.7346	41.9668	42.608
0.545	-3.14159	43.1109	43.15	43.755	44.4588
0.545	-3.03687	35.4723	35.5013	36.0847	36.6565
0.545	-2.93215	28.8175	28.8378	29.3832	29.8432
0.545	-2.82743	23.1299	23.1421	23.6378	24.0008
0.545	-2.72271	18.226	18.2297	18.6571	18.9403
0.545	-2.61799	14.1302	14.1301	14.4881	14.7039
0.545	-2.51327	10.851	10.8579	11.1711	11.3172
0.545	-2.40855	8.22815	8.2418	8.6124	8.7081
0.545	-2.30383	6.22764	6.24418	6.68942	6.74689
0.545	-2.19911	4.75486	4.77258	5.16565	5.20516
0.545	-2.0944	3.77531	3.77727	4.06533	4.09169
0.545	-1.98968	3.13173	3.13624	3.35116	3.35014
0.545	-1.88496	2.73952	2.7458	2.94415	2.9395
0.545	-1.78024	2.53245	2.54185	2.72548	2.72042
0.545	-1.67552	2.35045	2.36506	2.61547	2.62431
0.545	-1.5708	2.33446	2.34945	2.52364	2.52461
0.545	-1.46608	2.42528	2.43924	2.61487	2.62252
0.545	-1.36136	2.64402	2.65541	2.83876	2.85502
0.545	-1.25664	3.03479	3.04192	3.23996	3.26737
0.545	-1.15192	3.66071	3.66214	3.88437	3.92569
0.545	-1.0472	4.54901	4.54038	4.80522	4.86274
0.545	-0.942478	5.85781	5.83561	6.14354	6.22665
0.545	-0.837758	7.6982	7.65996	8.01923	8.1377
0.545	-0.733038	10.1847	10.1272	10.5486	10.7148
0.545	-0.628319	13.4303	13.3494	13.845	14.0732
0.545	-0.523599	17.5411	17.4339	18.0152	18.3214
0.545	-0.418879	22.5017	22.3727	23.0204	23.4384
0.545	-0.314159	28.2869	28.128	28.8779	29.4147
0.545	-0.20944	35.1009	34.9102	35.7726	36.4482
0.545	-0.10472	42.96	42.736	43.6722	44.5539
0.545	1.11022e-16	51.4661	51.25	52.2357	53.2987
0.545	0.10472	60.8618	60.616	61.7242	62.9859
0.545	0.20944	70.8871	70.6489	71.738	73.2718
0.545	0.314159	81.2761	81.0068	82.2129	83.9808
0.545	0.418879	91.9809	91.7149	92.955	94.9798
0.545	0.523599	102.595	102.307	103.643	105.869
0.545	0.628319	113.181	112.889	114.233	116.644
0.545	0.733038	123.115	122.794	124.215	126.774
0.545	0.837758	132.538	132.23	133.719	136.396
0.545	0.942478	140.831	140.652	142.118	144.876
0.545	1.0472	148.057	147.964	149.401	152.316
0.545	1.15192	154.104	153.972	155.41	158.547
0.545	1.25664	158.782	158.607	160.041	163.286
0.545	1.36136	161.946	161.724	163.147	166.315
0.545	1.46608	163.293	163.229	164.634	167.688
0.545	1.5708	162.952	162.947	164.214	167.367
0.545	1.67552	160.978	160.922	162.143	165.314
0.545	1.78024	157.454	157.348	158.516	161.476
0.545	1.88496	152.312	152.359	153.466	156.197
0.545	1.98968	145.889	145.956	146.99	149.658
0.545	2.0944	138.441	138.459	139.433	142.04
0.545	2.19911	130.041	130.009	130.956	133.315
0.545	2.30383	120.679	120.716	121.588	123.684
0.545	2.40855	110.897	110.993	111.878	113.719
0.545	2.51327	100.524	100.577	101.501	103.206
0.545	2.61799	90.2647	90.287	91.1513	92.755
0.545	2.72271	79.9148	79.9111	80.731	82.1499
0.545	2.82743	69.9691	69.9489	70.7003	71.909
0.545	2.93215	60.3923	60.3606	61.0536	62.077
0.545	3.03687	51.3284	51.3622	51.982	52.8339
0.545	3.14159	43.1109	43.15	43.755	44.4588
0.5535	-3.14159	46.7834	46.7905	48.1014	48.8968
0.5535	-3.03687	39.333	39.3372	40.5866	41.2461
0.5535	-2.93215	32.83	32.8313	34.0011	34.5413
0.5535	-2.82743	27.2599	27.2587	28.3309	28.7674
0.5535	-2.72271	22.3711	22.3716	23.3368	23.6733
0.5535	-2.61799	18.3369	18.3388	19.1819	19.4462
0.5535	-2.51327	15.0579	15.1086	15.8991	16.0651
0.5535	-2.40855	12.4318	12.4907	13.3412	13.4492
0.5535	-2.30383	10.4504	10.479	11.4064	11.4728
0.5535	-2.19911	9.04301	9.06824	9.92444	9.99162
0.5535	-2.0944	8.05753	8.08826	8.75626	8.80947
0.5535	-1.98968	7.40514	7.44108	8.02896	8.0274
0.5535	-1.88496	7.00798	7.04811	7.60494	7.59693
0.5535	-1.78024	6.75886	6.80681	7.37905	7.37015
0.5535	-1.67552	6.64349	6.69328	7.28679	7.30172
0.5535	-1.5708	6.64774	6.69771	7.21907	7.22049
0.5535	-1.46608	6.76934	6.81758	7.3415	7.35396
0.5535	-1.36136	7.02847	7.07277	7.60935	7.63636
0.5535	-1.25664	7.46713	7.50509	8.06517	8.11078
0.5535	-1.15192	8.14617	8.17652	8.77169	8.84092
0.5535	-1.0472	9.09224	9.1128	9.77274	9.86712
0.5535	-0.942478	10.4459	10.4519	11.1749	11.3064
0.5535	-0.837758	12.32	12.305	13.1071	13.2849
0.5535	-0.733038	14.8237	14.7848	15.6774	15.9137
0.5535	-0.628319	18.0644	17.9993	18.9943	19.3055
0.5535	-0.523599	22.1427	22.0486	23.1601	23.5629
0.5535	-0.418879	27.1107	26.9885	28.172	28.7186
0.5535	-0.314159	32.797	32.6411	33.9639	34.6406
0.5535	-0.20944	39.4725	39.2808	40.7525	41.5806
0.5535	-0.10472	47.1513	46.922	48.5523	49.5509
0.5535	1.11022e-16	55.5021	55.2694	56.9333	58.1595
0.5535	0.10472	64.6392	64.3732	66.1957	67.629
0.5535	0.20944	74.4481	74.1897	76.0082	77.7128
0.5535	0.314159	84.518	84.2334	86.21	88.1336
0.5535	0.418879	95.0314	94.713	96.7405	98.9087
0.5535	0.523599	105.281	104.957	107.123	109.489
0.5535	0.628319	115.541	115.227	117.502	120.058
0.5535	0.733038	125.154	124.864	127.179	129.884
0.5535	0.837758	134.201	133.943	136.383	139.211
0.5535	0.942478	142.346	142.137	144.464	147.553
0.5535	1.0472	149.309	149.09	151.437	154.757
0.5535	1.15192	155.134	154.885	157.258	160.661
0.5535	1.25664	159.639	159.355	161.747	165.118
0.5535	1.36136	162.564	162.367	164.764	168.064
0.5535	1.46608	163.837	163.741	165.983	169.41
0.5535	1.5708	163.517	163.387	165.592	169.058
0.5535	1.67552	161.628	161.459	163.623	166.909
0.5535	1.78024	158.138	158.044	160.154	163.235
0.5535	1.88496	153.157	153.149	155.121	158.169
0.5535	1.98968	146.988	146.941	148.85	151.827
0.5535	2.0944	139.83	139.747	141.588	144.305
0.5535	2.19911	131.53	131.478	133.291	135.758
0.5535	2.30383	122.421	122.453	124.241	126.472
0.5535	2.40855	112.865	112.863	114.624	116.787
0.5535	2.51327	102.842	102.817	104.501	106.485
0.5535	2.61799	92.9142	92.8703	94.4903	96.2273
0.5535	2.72271	82.7956	82.742	84.2844	85.7972
0.5535	2.82743	73.1593	73.1061	74.5492	75.8507
0.5535	2.93215	63.6775	63.7027	65.0739	66.1846
0.5535	3.03687	54.8563	54.876	56.2301	57.1696
0.5535	3.14159	46.7834	46.7905	48.1014	48.8968
0.562	-3.14159	53.9081	53.9082	56.2238	57.117
0.562	-3.03687	46.6222	46.6242	48.8397	49.5907
0.562	-2.93215	40.25	40.2543	42.3476	42.9737
0.562	-2.82743	34.779	34.7863	36.7356	37.2532
0.562	-2.72271	29.9353	30.0071	31.798	32.207
0.562	-2.61799	25.8596	25.9859	27.7017	27.9744
0.562	-2.51327	22.6127	22.6875	24.4364	24.6197
0.562	-2.40855	20.0863	20.1546	21.8742	21.9944
0.562	-2.30383	18.1637	18.2424	19.9247	19.9952
0.562	-2.19911	16.7518	16.8405	18.4013	18.517
0.562	-2.0944	15.7593	15.8574	17.1825	17.2566
0.562	-1.98968	15.1016	15.2039	16.4764	16.4712
0.562	-1.88496	14.7022	14.8079	16.0388	16.0264
0.562	-1.78024	14.4486	14.5681	15.8107	15.7979
0.562	-1.67552	14.3492	14.4711	15.6633	15.7241
0.562	-1.5708	14.381	14.5029	15.6812	15.6831
0.562	-1.46608	14.5417	14.6608	15.8432	15.8609
0.562	-1.36136	14.8501	14.9636	16.1645	16.2032
0.562	-1.25664	15.3461	15.4509	16.6856	16.751
0.562	-1.15192	16.0735	16.1759	17.4661	17.5647
0.562	-1.0472	17.0767	17.162	18.5338	18.6681
0.562	-0.942478	18.4902	18.557	20.0141	20.1977
0.562	-0.837758	20.4108	20.4566	22.0191	22.2629
0.562	-0.733038	22.946	22.9621	24.6513	24.9668
0.562	-0.628319	26.1976	26.1807	28.0116	28.4113
0.562	-0.523599	30.2607	30.2076	32.1935	32.6968
0.562	-0.418879	35.1435	35.0638	37.1122	37.7865
0.562	-0.314159	40.7535	40.6362	42.86	43.682
0.562	-0.20944	47.3145	47.1539	49.569	50.5578
0.562	-0.10472	54.8376	54.633	57.1989	58.4229
0.562	1.11022e-16	62.9849	62.7583	65.4229	66.8532
0.562	0.10472	71.8896	71.625	74.4892	76.136
0.562	0.20944	81.4311	81.1602	84.0639	85.9694
0.562	0.314159	91.2058	90.9041	93.9917	96.134
0.562	0.418879	101.402	101.073	104.254	106.616
0.562	0.523599	111.33	110.983	114.365	116.915
0.562	0.628319	121.242	120.901	124.478	127.207
0.562	0.733038	130.555	130.219	133.85	136.787
0.562	0.837758	139.27	138.959	142.605	145.847
0.562	0.942478	147.166	146.897	150.458	153.974
0.562	1.0472	153.837	153.573	157.226	160.787
0.562	1.15192	159.452	159.129	162.875	166.449
0.562	1.25664	163.797	163.422	167.234	170.779
0.562	1.36136	166.534	166.336	169.918	173.647
0.562	1.46608	167.714	167.552	171.113	174.876
0.562	1.5708	167.399	167.178	170.761	174.38
0.562	1.67552	165.584	165.322	168.885	172.329
0.562	1.78024	162.141	162.052	165.344	168.804
0.562	1.88496	157.284	157.224	160.467	163.836
0.562	1.98968	151.345	151.202	154.436	157.558
0.562	2.0944	144.45	144.293	147.442	150.309
0.562	2.19911	136.318	136.249	139.267	141.989
0.562	2.30383	127.453	127.461	130.377	133.012
0.562	2.40855	118.12	118.112	121.032	123.403
0.562	2.51327	108.425	108.351	111.228	113.342
0.562	2.61799	98.763	98.6873	101.494	103.374
0.562	2.72271	88.9486	88.8835	91.5687	93.2152
0.562	2.82743	79.5896	79.5395	82.0994	83.5292
0.562	2.93215	70.3875	70.3772	72.8198	74.0736
0.562	3.03687	61.7927	61.7925	64.1801	65.2564
0.562	3.14159	53.9081	53.9082	56.2238	57.117
0.5705	-3.14159	65.1601	65.2681	69.1215	70.1369
0.5705	-3.03687	58.0225	58.1666	61.848	62.7173
0.5705	-2.93215	51.7481	51.9167	55.4322	56.1719
0.5705	-2.82743	46.3535	46.5064	49.8657	50.4901
0.5705	-2.72271	41.7884	41.9027	45.1168	45.5523
0.5705	-2.61799	37.8325	37.9745	41.0916	41.3678
0.5705	-2.51327	34.6376	34.7969	37.8308	38.0231
0.5705	-2.40855	32.1236	32.2998	35.2555	35.3841
0.5705	-2.30383	30.2039	30.3964	33.2817	33.3639
0.5705	-2.19911	28.7899	28.9975	31.6057	31.7903
0.5705	-2.0944	27.7945	28.0056	30.4594	30.4705
0.5705	-1.98968	27.137	27.3506	29.7364	29.7299
0.5705	-1.88496	26.691	26.929	29.2917	29.2766
0.5705	-1.78024	26.4503	26.6941	29.0688	29.0534
0.5705	-1.67552	26.3754	26.6221	28.8929	28.8822
0.5705	-1.5708	26.444	26.6903	28.9492	28.9527
0.5705	-1.46608	26.6533	26.8959	29.1609	29.1853
0.5705	-1.36136	27.0214	27.2565	29.5465	29.5988
0.5705	-1.25664	27.5741	27.8095	30.1445	30.232
0.5705	-1.15192	28.3275	28.5508	30.9736	31.0992
0.5705	-1.0472	29.4055	29.6076	32.1189	32.2963
0.5705	-0.942478	30.8929	31.0697	33.6913	33.931
0.5705	-0.837758	32.875	33.0303	35.7844	36.098
0.5705	-0.733038	35.4559	35.5817	38.4946	38.8954
0.5705	-0.628319	38.7337	38.8195	41.9172	42.4186
0.5705	-0.523599	42.7956	42.8405	46.022	46.6855
0.5705	-0.418879	47.4799	47.4787	50.8608	51.6603
0.5705	-0.314159	53.0296	52.9838	56.5893	57.5468
0.5705	-0.20944	59.4938	59.4017	63.2408	64.3774
0.5705	-0.10472	66.8808	66.7415	70.6341	72.0432
0.5705	1.11022e-16	74.7948	74.6286	78.7281	80.3537
0.5705	0.10472	83.4929	83.2788	87.6249	89.4786
0.5705	0.20944	92.7267	92.4803	96.868	99.0359
0.5705	0.314159	102.23	101.941	106.562	108.971
0.5705	0.418879	112.04	111.732	116.422	119.111
0.5705	0.523599	121.661	121.323	126.282	129.119
0.5705	0.628319	131.275	130.913	136.134	139.121
0.5705	0.733038	140.209	139.86	145.176	148.426
0.5705	0.837758	148.644	148.297	153.638	157.243
0.5705	0.942478	156.239	155.937	161.138	164.926
0.5705	1.0472	162.65	162.349	167.715	171.498
0.5705	1.15192	167.97	167.676	173.205	177.001
0.5705	1.25664	172.058	171.747	177.318	181.212
0.5705	1.36136	174.817	174.454	179.814	183.936
0.5705	1.46608	175.916	175.701	180.992	184.954
0.5705	1.5708	175.498	175.303	180.672	184.493
0.5705	1.67552	173.654	173.407	178.762	182.525
0.5705	1.78024	170.452	170.203	175.226	179.014
0.5705	1.88496	165.715	165.614	170.53	174.086
0.5705	1.98968	159.827	159.746	164.714	168.027
0.5705	2.0944	153.122	152.939	157.93	161.023
0.5705	2.19911	145.346	145.168	149.847	152.947
0.5705	2.30383	136.81	136.775	141.203	144.021
0.5705	2.40855	127.769	127.733	132.144	134.72
0.5705	2.51327	118.25	118.226	122.631	124.95
0.5705	2.61799	108.804	108.791	113.2	115.272
0.5705	2.72271	99.217	99.2086	103.539	105.375
0.5705	2.82743	90.0909	90.0995	94.2987	95.9176
0.5705	2.93215	81.1759	81.2153	85.3077	86.6967
0.5705	3.03687	72.8475	72.918	76.8425	78.0494
0.5705	3.14159	65.1601	65.2681	69.1215	70.1369
0.579	-3.14159	81.4473	81.5602	87.4516	88.6546
0.579	-3.03687	74.6161	74.7826	80.4308	81.4388
0.579	-2.93215	68.4554	68.6443	74.0799	74.9519
0.579	-2.82743	63.1403	63.3508	68.5472	69.2989
0.579	-2.72271	58.6409	58.8736	63.8952	64.4517
0.579	-2.61799	54.8728	55.165	60.0635	60.3933
0.579	-2.51327	51.7023	52.0346	56.9065	57.1231
0.579	-2.40855	49.2009	49.5571	54.3165	54.4695
0.579	-2.30383	47.2865	47.6606	52.1489	52.4208
0.579	-2.19911	45.8746	46.2544	50.475	50.6329
0.579	-2.0944	44.8398	45.2442	49.3877	49.403
0.579	-1.98968	44.132	44.5501	48.6555	48.6506
0.579	-1.88496	43.696	44.1249	48.2122	48.1976
0.579	-1.78024	43.4774	43.9136	47.8386	47.9619
0.579	-1.67552	43.4367	43.8765	47.7664	47.7569
0.579	-1.5708	43.5523	43.9916	47.8674	47.8758
0.579	-1.46608	43.8213	44.2558	48.14	48.1747
0.579	-1.36136	44.206	44.6551	48.5928	48.6713
0.579	-1.25664	44.7862	45.2195	49.2146	49.3227
0.579	-1.15192	45.6245	46.0372	50.1156	50.2771
0.579	-1.0472	46.7893	47.1766	51.3649	51.5902
0.579	-0.942478	48.3611	48.7183	53.0429	53.3438
0.579	-0.837758	50.4249	50.7504	55.2378	55.6269
0.579	-0.733038	53.0536	53.3558	58.0035	58.5275
0.579	-0.628319	56.3189	56.558	61.3191	61.9667
0.579	-0.523599	60.1922	60.39	65.379	66.166
0.579	-0.418879	64.8507	64.9961	70.2495	71.1918
0.579	-0.314159	70.3568	70.4517	75.9801	77.0867
0.579	-0.20944	76.7417	76.7825	82.5307	83.8857
0.579	-0.10472	83.8592	83.8443	89.6993	91.2832
0.579	1.11022e-16	91.6086	91.5446	97.688	99.493
0.579	0.10472	100.112	99.9978	106.334	108.465
0.579	0.20944	108.961	108.813	115.302	117.68
0.579	0.314159	118.215	118.021	124.782	127.409
0.579	0.418879	127.639	127.409	134.223	137.197
0.579	0.523599	136.972	136.707	143.735	146.95
0.579	0.628319	146.215	145.941	153.148	156.509
0.579	0.733038	154.827	154.53	162.066	165.584
0.579	0.837758	162.98	162.668	170.26	174.171
0.579	0.942478	170.22	169.923	177.372	181.492
0.579	1.0472	176.443	176.144	183.634	187.777
0.579	1.15192	181.543	181.268	188.968	193.104
0.579	1.25664	185.421	185.155	192.977	197.198
0.579	1.36136	187.951	187.699	195.323	199.744
0.579	1.46608	189.127	188.815	196.342	200.62
0.579	1.5708	188.695	188.503	196.042	200.185
0.579	1.67552	186.797	186.627	194.191	198.289
0.579	1.78024	183.518	183.372	190.639	194.75
0.579	1.88496	179.169	178.921	186.045	189.902
0.579	1.98968	173.436	173.352	180.42	184.038
0.579	2.0944	166.771	166.708	173.833	177.252
0.579	2.19911	159.17	159.119	166.047	169.352
0.579	2.30383	150.933	150.86	157.485	160.578
0.579	2.40855	142.421	142.39	148.796	151.583
0.579	2.51327	133.184	133.19	139.537	142.07
0.579	2.61799	123.984	124.006	130.345	132.634
0.579	2.72271	114.718	114.749	121.045	123.062
0.579	2.82743	105.719	105.763	112.01	113.809
0.579	2.93215	97.1273	97.2059	103.347	104.907
0.579	3.03687	88.9125	89.0083	95.0378	96.4111
0.579	3.14159	81.4473	81.5602	87.4516	88.6546
