#x	y	0	6a	7a	67
0.0178175	-3.14159	79.8167	79.6937	80.5971	81.1222
0.0178175	-3.03687	68.6171	68.5056	69.2279	69.6366
0.0178175	-2.93215	58.7923	58.6979	59.3301	59.6377
0.0178175	-2.82743	50.4081	50.329	50.8782	51.1007
0.0178175	-2.72271	43.4026	43.3374	43.8096	43.9628
0.0178175	-2.61799	37.6828	37.6303	38.0313	38.1296
0.0178175	-2.51327	33.1317	33.087	33.4258	33.4811
0.0178175	-2.40855	29.5826	29.5482	29.8336	29.8503
0.0178175	-2.30383	26.9173	26.8933	27.1212	27.1186
0.0178175	-2.19911	24.9892	24.9739	25.1505	25.1357
0.0178175	-2.0944	23.6537	23.6453	23.7769	23.7549
0.0178175	-1.98968	22.7766	22.7728	22.8667	22.8403
0.0178175	-1.88496	22.2403	22.2385	22.3025	22.2724
0.0178175	-1.78024	21.9495	21.9467	21.9892	21.9546
0.0178175	-1.67552	21.8359	21.8287	21.859	21.8174
0.0178175	-1.5708	21.8081	21.7929	21.8268	21.7719
0.0178175	-1.46608	21.8887	21.8607	21.9041	21.8346
0.0178175	-1.36136	22.1299	22.0845	22.1495	22.0616
0.0178175	-1.25664	22.5946	22.5268	22.6264	22.517
0.0178175	-1.15192	23.3762	23.2809	23.4288	23.2962
0.0178175	-1.0472	24.5689	24.4376	24.661	24.5
0.0178175	-0.942478	26.2825	26.1118	26.4154	26.2336
0.0178175	-0.837758	28.7298	28.5142	28.9143	28.7176
0.0178175	-0.733038	32.0735	31.8077	32.3214	32.1187
0.0178175	-0.628319	36.4751	36.154	36.7988	36.6024
0.0178175	-0.523599	42.0867	41.7054	42.4993	42.3246
0.0178175	-0.418879	49.0003	48.5363	49.5409	49.3966
0.0178175	-0.314159	57.3421	56.8067	57.9987	57.9154
0.0178175	-0.20944	67.2119	66.6025	67.9949	67.9954
0.0178175	-0.10472	78.6383	77.9532	79.5578	79.6656
0.0178175	1.11022e-16	91.5994	90.8383	92.6652	92.9029
0.0178175	0.10472	105.792	104.986	107.236	107.626
0.0178175	0.20944	121.091	120.211	123.066	123.689
0.0178175	0.314159	137.449	136.498	139.611	140.526
0.0178175	0.418879	154.6	153.584	156.948	158.066
0.0178175	0.523599	172.219	171.145	174.748	176.076
0.0178175	0.628319	189.924	188.801	192.627	194.168
0.0178175	0.733038	207.292	206.222	210.154	211.905
0.0178175	0.837758	223.382	222.332	226.871	228.906
0.0178175	0.942478	238.257	237.218	242.267	244.637
0.0178175	1.0472	251.457	250.431	255.508	258.195
0.0178175	1.15192	262.466	261.483	266.52	269.42
0.0178175	1.25664	271.006	270.043	275.047	278.115
0.0178175	1.36136	276.793	275.858	280.712	283.99
0.0178175	1.46608	279.586	278.735	283.371	286.733
0.0178175	1.5708	279.255	278.449	282.984	286.351
0.0178175	1.67552	275.908	275.151	279.576	282.891
0.0178175	1.78024	269.675	268.969	273.126	276.447
0.0178175	1.88496	260.688	260.081	264.031	267.201
0.0178175	1.98968	249.33	248.776	252.598	255.565
0.0178175	2.0944	236.003	235.501	239.194	241.92
0.0178175	2.19911	221.121	220.67	224.122	226.67
0.0178175	2.30383	205.122	204.721	207.49	209.838
0.0178175	2.40855	188.428	188.088	190.212	192.263
0.0178175	2.51327	170.974	170.731	172.685	174.416
0.0178175	2.61799	153.636	153.423	155.304	156.721
0.0178175	2.72271	136.854	136.613	138.419	139.629
0.0178175	2.82743	120.91	120.685	122.327	123.363
0.0178175	2.93215	105.968	105.794	107.265	108.139
0.0178175	3.03687	92.2297	92.0821	93.4154	94.0752
0.0178175	3.14159	79.8167	79.6937	80.5971	81.1222
0.0184709	-3.14159	69.9168	69.8194	70.5129	71.086
0.0184709	-3.03687	59.2103	59.1267	59.7501	60.1869
0.0184709	-2.93215	49.8915	49.821	50.3685	50.6998
0.0184709	-2.82743	41.9381	41.8795	42.3561	42.5997
0.0184709	-2.72271	35.2909	35.243	35.6543	35.8261
0.0184709	-2.61799	29.8608	29.8228	30.1738	30.2888
0.0184709	-2.51327	25.5361	25.5073	25.8025	25.874
0.0184709	-2.40855	22.1886	22.1682	22.4121	22.4518
0.0184709	-2.30383	19.6804	19.6676	19.8646	19.8825
0.0184709	-2.19911	17.8709	17.8646	18.0195	18.0233
0.0184709	-2.0944	16.6227	16.6217	16.7397	16.7349
0.0184709	-1.98968	15.8085	15.8112	15.8978	15.8879
0.0184709	-1.88496	15.3166	15.321	15.3824	15.369
0.0184709	-1.78024	15.0448	15.0497	15.0968	15.0771
0.0184709	-1.67552	14.8829	14.8843	14.9208	14.8959
0.0184709	-1.5708	14.8472	14.8418	14.8766	14.8436
0.0184709	-1.46608	14.9339	14.9181	14.9608	14.9163
0.0184709	-1.36136	15.1714	15.1412	15.2021	15.1431
0.0184709	-1.25664	15.6194	15.5706	15.6609	15.5851
0.0184709	-1.15192	16.3366	16.263	16.4041	16.3061
0.0184709	-1.0472	17.4172	17.3146	17.5118	17.3961
0.0184709	-0.942478	19.0451	18.9087	19.1759	19.046
0.0184709	-0.837758	21.3687	21.1935	21.5455	21.4077
0.0184709	-0.733038	24.5427	24.3239	24.7762	24.64
0.0184709	-0.628319	28.7191	28.4494	29.0227	28.9005
0.0184709	-0.523599	34.0004	33.6649	34.4065	34.3047
0.0184709	-0.418879	40.5404	40.1449	41.0377	40.9838
0.0184709	-0.314159	48.4633	48.0047	49.0618	49.0768
0.0184709	-0.20944	57.8376	57.3135	58.5475	58.6538
0.0184709	-0.10472	68.6905	68.0993	69.5224	69.7424
0.0184709	1.11022e-16	81.0009	80.3422	81.9644	82.3207
0.0184709	0.10472	94.682	93.968	95.7967	96.3108
0.0184709	0.20944	109.204	108.432	110.882	111.575
0.0184709	0.314159	124.73	123.895	126.731	127.763
0.0184709	0.418879	141.007	140.114	143.181	144.421
0.0184709	0.523599	157.724	156.78	160.068	161.521
0.0184709	0.628319	174.521	173.533	177.024	178.693
0.0184709	0.733038	190.994	189.996	193.643	195.523
0.0184709	0.837758	206.466	205.464	209.489	211.57
0.0184709	0.942478	220.489	219.562	224.114	226.462
0.0184709	1.0472	232.974	232.069	236.912	239.618
0.0184709	1.15192	243.436	242.589	247.323	250.234
0.0184709	1.25664	251.5	250.673	255.372	258.444
0.0184709	1.36136	256.949	256.151	260.793	263.975
0.0184709	1.46608	259.602	258.839	263.272	266.624
0.0184709	1.5708	259.287	258.612	262.861	266.213
0.0184709	1.67552	256.071	255.441	259.585	262.88
0.0184709	1.78024	250.118	249.536	253.534	256.753
0.0184709	1.88496	241.644	241.11	244.875	248.013
0.0184709	1.98968	230.857	230.413	233.997	236.932
0.0184709	2.0944	218.189	217.791	221.256	223.952
0.0184709	2.19911	204.053	203.699	206.692	209.209
0.0184709	2.30383	188.865	188.553	190.99	193.211
0.0184709	2.40855	172.818	172.598	174.627	176.548
0.0184709	2.51327	156.263	156.071	157.995	159.672
0.0184709	2.61799	139.932	139.687	141.508	142.973
0.0184709	2.72271	124.061	123.867	125.499	126.776
0.0184709	2.82743	108.943	108.779	110.248	111.345
0.0184709	2.93215	94.7996	94.6625	95.9781	96.9066
0.0184709	3.03687	81.8015	81.6881	82.6552	83.3695
0.0184709	3.14159	69.9168	69.8194	70.5129	71.086
0.0191243	-3.14159	61.5422	61.4877	62.0589	62.6597
0.0191243	-3.03687	51.3929	51.347	51.8492	52.3245
0.0191243	-2.93215	42.5629	42.5244	42.9642	43.3308
0.0191243	-2.82743	35.0296	34.9974	35.3809	35.6556
0.0191243	-2.72271	28.7362	28.7099	29.0425	29.2413
0.0191243	-2.61799	23.5981	23.5773	23.8633	24.0016
0.0191243	-2.51327	19.5088	19.4934	19.7364	19.8279
0.0191243	-2.40855	16.3469	16.3366	16.5397	16.5966
0.0191243	-2.30383	13.9813	13.976	14.1424	14.175
0.0191243	-2.19911	12.2785	12.2777	12.4109	12.4275
0.0191243	-2.0944	11.1083	11.1113	11.215	11.2218
0.0191243	-1.98968	10.3497	10.3555	10.434	10.435
0.0191243	-1.88496	9.843	9.85153	9.91262	9.90764
0.0191243	-1.78024	9.54899	9.55733	9.60302	9.59542
0.0191243	-1.67552	9.40776	9.41364	9.45041	9.43904
0.0191243	-1.5708	9.38575	9.38654	9.42158	9.40437
0.0191243	-1.46608	9.47927	9.47199	9.51322	9.48768
0.0191243	-1.36136	9.71523	9.69657	9.75271	9.71651
0.0191243	-1.25664	10.1111	10.0769	10.1641	10.1124
0.0191243	-1.15192	10.7529	10.6988	10.8223	10.7572
0.0191243	-1.0472	11.786	11.7077	11.879	11.8021
0.0191243	-0.942478	13.3382	13.2316	13.463	13.3784
0.0191243	-0.837758	15.548	15.4075	15.716	15.6304
0.0191243	-0.733038	18.5651	18.3859	18.7862	18.7094
0.0191243	-0.628319	22.4905	22.2589	22.7885	22.7245
0.0191243	-0.523599	27.4933	27.2132	27.8597	27.8328
0.0191243	-0.418879	33.7129	33.3807	34.1568	34.1857
0.0191243	-0.314159	41.2462	40.8591	41.7774	41.8826
0.0191243	-0.20944	50.1583	49.7138	50.7883	50.9901
0.0191243	-0.10472	60.4748	59.9715	61.2151	61.5345
0.0191243	1.11022e-16	72.1756	71.6129	73.0364	73.4956
0.0191243	0.10472	85.1885	84.5672	86.1785	86.7999
0.0191243	0.20944	99.1732	98.5026	100.51	101.313
0.0191243	0.314159	113.916	113.19	115.759	116.842
0.0191243	0.418879	129.37	128.593	131.373	132.741
0.0191243	0.523599	145.239	144.417	147.398	148.983
0.0191243	0.628319	161.18	160.32	163.486	165.287
0.0191243	0.733038	176.807	175.918	179.249	181.262
0.0191243	0.837758	191.699	190.79	194.273	196.486
0.0191243	0.942478	204.985	204.103	208.133	210.529
0.0191243	1.0472	216.754	215.945	220.413	223.036
0.0191243	1.15192	226.666	225.901	230.398	233.335
0.0191243	1.25664	234.301	233.603	237.997	241.085
0.0191243	1.36136	239.432	238.762	243.099	246.289
0.0191243	1.46608	241.909	241.273	245.498	248.774
0.0191243	1.5708	241.653	241.054	245.062	248.399
0.0191243	1.67552	238.565	238.054	241.909	245.189
0.0191243	1.78024	232.879	232.411	236.158	239.328
0.0191243	1.88496	224.803	224.379	227.99	231.027
0.0191243	1.98968	214.617	214.237	217.639	220.55
0.0191243	2.0944	202.599	202.297	205.339	208.101
0.0191243	2.19911	189.167	188.904	191.442	193.93
0.0191243	2.30383	174.744	174.515	176.524	178.719
0.0191243	2.40855	159.273	159.14	160.994	162.896
0.0191243	2.51327	143.636	143.445	145.24	146.943
0.0191243	2.61799	128.143	127.96	129.619	131.123
0.0191243	2.72271	113.095	112.941	114.446	115.758
0.0191243	2.82743	98.7558	98.6276	99.989	101.116
0.0191243	2.93215	85.3402	85.234	86.3414	87.2414
0.0191243	3.03687	72.9936	72.9216	73.577	74.3197
0.0191243	3.14159	61.5422	61.4877	62.0589	62.6597
0.0197777	-3.14159	54.7902	54.7692	55.1853	55.8373
0.0197777	-3.03687	45.163	45.1502	45.5181	46.037
0.0197777	-2.93215	36.7892	36.7781	37.1105	37.5121
0.0197777	-2.82743	29.6468	29.6369	29.9326	30.2335
0.0197777	-2.72271	23.6816	23.673	23.931	24.1523
0.0197777	-2.61799	18.8133	18.8061	19.0295	19.1866
0.0197777	-2.51327	14.9407	14.9353	15.127	15.2338
0.0197777	-2.40855	11.9485	11.9452	12.1078	12.1769
0.0197777	-2.30383	9.71251	9.71156	9.84718	9.88959
0.0197777	-2.19911	8.09125	8.09291	8.20976	8.22888
0.0197777	-2.0944	6.94873	6.95347	7.04635	7.05596
0.0197777	-1.98968	6.19208	6.19928	6.27157	6.27571
0.0197777	-1.88496	5.72056	5.72926	5.78481	5.78608
0.0197777	-1.78024	5.45269	5.46159	5.50478	5.50413
0.0197777	-1.67552	5.33022	5.33766	5.37347	5.37049
0.0197777	-1.5708	5.32124	5.32522	5.3593	5.35269
0.0197777	-1.46608	5.42222	5.42038	5.4591	5.44714
0.0197777	-1.36136	5.605	5.59514	5.64993	5.62871
0.0197777	-1.25664	5.95757	5.93529	6.01095	5.98116
0.0197777	-1.15192	6.57634	6.53938	6.64574	6.58181
0.0197777	-1.0472	7.56548	7.50794	7.62241	7.54095
0.0197777	-0.942478	9.04898	8.96704	9.1026	9.01147
0.0197777	-0.837758	11.1611	11.0478	11.2278	11.1272
0.0197777	-0.733038	13.9886	13.8384	14.0844	13.9897
0.0197777	-0.628319	17.7141	17.5263	17.885	17.8094
0.0197777	-0.523599	22.4806	22.2516	22.768	22.7277
0.0197777	-0.418879	28.4032	28.1298	28.7938	28.8693
0.0197777	-0.314159	35.574	35.2534	36.0434	36.2246
0.0197777	-0.20944	44.0546	43.6847	44.6131	44.8967
0.0197777	-0.10472	53.8691	53.4484	54.5271	54.9363
0.0197777	1.11022e-16	64.9981	64.526	65.7654	66.322
0.0197777	0.10472	77.3727	76.828	78.2575	78.9821
0.0197777	0.20944	90.8554	90.2552	91.8824	92.7904
0.0197777	0.314159	104.873	104.227	106.441	107.552
0.0197777	0.418879	119.552	118.862	121.389	122.882
0.0197777	0.523599	134.621	133.906	136.602	138.315
0.0197777	0.628319	149.754	149.016	151.87	153.803
0.0197777	0.733038	164.585	163.823	166.825	168.972
0.0197777	0.837758	178.724	177.945	181.074	183.421
0.0197777	0.942478	191.522	190.719	194.212	196.741
0.0197777	1.0472	202.667	201.902	205.844	208.533
0.0197777	1.15192	212.017	211.321	215.574	218.464
0.0197777	1.25664	219.248	218.639	222.762	225.881
0.0197777	1.36136	224.08	223.53	227.564	230.779
0.0197777	1.46608	226.391	225.874	229.833	233.091
0.0197777	1.5708	226.109	225.627	229.433	232.747
0.0197777	1.67552	223.229	222.807	226.397	229.676
0.0197777	1.78024	217.794	217.434	220.898	224.064
0.0197777	1.88496	210.096	209.775	213.132	216.138
0.0197777	1.98968	200.399	200.116	203.283	206.139
0.0197777	2.0944	189.025	188.777	191.434	194.117
0.0197777	2.19911	176.309	176.115	178.218	180.678
0.0197777	2.30383	162.4	162.328	164.041	166.212
0.0197777	2.40855	147.744	147.626	149.288	151.255
0.0197777	2.51327	132.902	132.76	134.329	136.093
0.0197777	2.61799	118.188	118.072	119.502	121.064
0.0197777	2.72271	103.901	103.806	105.105	106.471
0.0197777	2.82743	90.2906	90.2139	91.3879	92.5386
0.0197777	2.93215	77.5598	77.4977	78.2026	79.1865
0.0197777	3.03687	65.6489	65.6208	66.0985	66.9057
0.0197777	3.14159	54.7902	54.7692	55.1853	55.8373
0.0204311	-3.14159	49.5387	49.5512	49.8506	50.5095
0.0204311	-3.03687	40.4051	40.4154	40.6821	41.2084
0.0204311	-2.93215	32.4626	32.4703	32.7066	33.1205
0.0204311	-2.82743	25.6852	25.6941	25.9024	26.2224
0.0204311	-2.72271	20.0249	20.0306	20.2177	20.4574
0.0204311	-2.61799	15.4063	15.4095	15.574	15.7333
0.0204311	-2.51327	11.7333	11.7349	11.8445	11.9039
0.0204311	-2.40855	8.84774	8.84523	8.90754	8.94468
0.0204311	-2.30383	6.67735	6.67639	6.71347	6.73556
0.0204311	-2.19911	5.12363	5.12347	5.14218	5.15447
0.0204311	-2.0944	4.05518	4.05484	4.07035	4.0761
0.0204311	-1.98968	3.3481	3.35178	3.3603	3.36171
0.0204311	-1.88496	2.90899	2.91541	2.92216	2.92165
0.0204311	-1.78024	2.6644	2.6714	2.67509	2.67337
0.0204311	-1.67552	2.55902	2.56553	2.56141	2.55777
0.0204311	-1.5708	2.52853	2.52449	2.52084	2.51308
0.0204311	-1.46608	2.55041	2.54183	2.54131	2.52748
0.0204311	-1.36136	2.6921	2.67689	2.68335	2.66129
0.0204311	-1.25664	3.00783	2.9836	3.00162	2.9699
0.0204311	-1.15192	3.57779	3.54185	3.57685	3.53547
0.0204311	-1.0472	4.5049	4.45428	4.51266	4.46352
0.0204311	-0.942478	5.89334	5.81904	5.91646	5.85858
0.0204311	-0.837758	7.84523	7.74829	7.88363	7.82817
0.0204311	-0.733038	10.5508	10.4279	10.6103	10.5656
0.0204311	-0.628319	14.1491	13.9969	14.2355	14.2145
0.0204311	-0.523599	18.7707	18.586	18.8908	18.9103
0.0204311	-0.418879	24.5092	24.2905	24.6926	24.7708
0.0204311	-0.314159	31.3424	31.0841	31.7343	31.8922
0.0204311	-0.20944	39.4199	39.12	39.9062	40.2795
0.0204311	-0.10472	48.7643	48.4055	49.3395	49.8459
0.0204311	1.11022e-16	59.3279	58.9194	60.0203	60.6749
0.0204311	0.10472	71.0754	70.6224	71.8715	72.7026
0.0204311	0.20944	83.8965	83.4002	84.8019	85.8284
0.0204311	0.314159	97.4272	96.873	98.6407	99.877
0.0204311	0.418879	111.379	110.785	113.096	114.613
0.0204311	0.523599	125.71	125.08	127.549	129.384
0.0204311	0.628319	140.11	139.451	142.019	144.101
0.0204311	0.733038	154.195	153.551	156.185	158.508
0.0204311	0.837758	167.612	166.959	169.691	172.226
0.0204311	0.942478	179.962	179.272	182.164	184.864
0.0204311	1.0472	190.519	189.831	193.23	196.012
0.0204311	1.15192	199.367	198.713	202.395	205.373
0.0204311	1.25664	206.206	205.628	209.426	212.656
0.0204311	1.36136	210.746	210.31	214.042	217.288
0.0204311	1.46608	212.902	212.496	216.155	219.436
0.0204311	1.5708	212.595	212.222	215.795	219.061
0.0204311	1.67552	209.844	209.506	212.903	216.184
0.0204311	1.78024	204.719	204.453	207.641	210.815
0.0204311	1.88496	197.377	197.153	200.209	203.122
0.0204311	1.98968	188.143	187.951	190.628	193.377
0.0204311	2.0944	177.364	177.159	179.326	181.995
0.0204311	2.19911	165.28	165.117	166.782	169.207
0.0204311	2.30383	151.947	151.81	153.361	155.521
0.0204311	2.40855	138.035	137.939	139.385	141.322
0.0204311	2.51327	123.929	123.856	125.175	126.957
0.0204311	2.61799	109.95	109.895	111.096	112.711
0.0204311	2.72271	96.3786	96.3383	97.4192	98.8432
0.0204311	2.82743	83.4537	83.4241	84.1896	85.3582
0.0204311	2.93215	71.2814	71.2805	71.6775	72.667
0.0204311	3.03687	59.8491	59.8626	60.1995	61.0125
0.0204311	3.14159	49.5387	49.5512	49.8506	50.5095
0.0210845	-3.14159	45.7056	45.7182	45.9541	46.6193
0.0210845	-3.03687	37.0265	37.0634	37.2526	37.7851
0.0210845	-2.93215	29.4793	29.5081	29.6808	30.1004
0.0210845	-2.82743	23.0436	23.0646	23.1996	23.5006
0.0210845	-2.72271	17.6351	17.6312	17.6993	17.9243
0.0210845	-2.61799	13.1303	13.1279	13.2252	13.3456
0.0210845	-2.51327	9.54223	9.54163	9.6279	9.69279
0.0210845	-2.40855	6.76602	6.7663	6.82362	6.86503
0.0210845	-2.30383	4.68928	4.69014	4.72374	4.7489
0.0210845	-2.19911	3.19772	3.19875	3.21471	3.22904
0.0210845	-2.0944	2.18084	2.1816	2.18607	2.19343
0.0210845	-1.98968	1.51871	1.51911	1.52299	1.52609
0.0210845	-1.88496	1.11565	1.11606	1.11792	1.11899
0.0210845	-1.78024	0.89488	0.895338	0.895333	0.895834
0.0210845	-1.67552	0.739553	0.740211	0.738573	0.738616
0.0210845	-1.5708	0.683661	0.68271	0.681763	0.679909
0.0210845	-1.46608	0.717304	0.713943	0.714674	0.709605
0.0210845	-1.36136	0.866133	0.858866	0.863669	0.85394
0.0210845	-1.25664	1.18158	1.16859	1.18058	1.16549
0.0210845	-1.15192	1.7398	1.71915	1.74214	1.72233
0.0210845	-1.0472	2.61429	2.57837	2.62364	2.59689
0.0210845	-0.942478	3.90661	3.8565	3.92397	3.89848
0.0210845	-0.837758	5.78359	5.71651	5.8122	5.79551
0.0210845	-0.733038	8.37809	8.2912	8.42211	8.42452
0.0210845	-0.628319	11.822	11.7129	11.8865	11.9217
0.0210845	-0.523599	16.2397	16.1059	16.3306	16.4156
0.0210845	-0.418879	21.7403	21.5791	21.8648	22.0182
0.0210845	-0.314159	28.4117	28.1989	28.5778	28.8199
0.0210845	-0.20944	36.1404	35.8815	36.4978	36.8414
0.0210845	-0.10472	45.0058	44.7074	45.5167	46.1052
0.0210845	1.11022e-16	55.0616	54.7227	55.6582	56.409
0.0210845	0.10472	66.2457	65.8665	66.9348	67.8676
0.0210845	0.20944	78.4479	78.0295	79.235	80.3672
0.0210845	0.314159	91.5073	91.0432	92.3957	93.7167
0.0210845	0.418879	104.779	104.27	106.189	107.688
0.0210845	0.523599	118.399	117.858	120.039	122.021
0.0210845	0.628319	132.079	131.512	133.778	136.045
0.0210845	0.733038	145.491	144.903	147.238	149.748
0.0210845	0.837758	158.253	157.68	160.071	162.721
0.0210845	0.942478	169.991	169.442	171.919	174.675
0.0210845	1.0472	180.182	179.6	182.436	185.26
0.0210845	1.15192	188.558	187.985	191.08	194.147
0.0210845	1.25664	195.033	194.477	197.747	201.043
0.0210845	1.36136	199.352	198.889	202.242	205.487
0.0210845	1.46608	201.343	201.007	204.369	207.573
0.0210845	1.5708	201.007	200.708	203.966	207.24
0.0210845	1.67552	198.365	198.091	201.184	204.5
0.0210845	1.78024	193.517	193.255	196.087	199.177
0.0210845	1.88496	186.535	186.376	188.926	191.785
0.0210845	1.98968	177.781	177.612	179.77	182.569
0.0210845	2.0944	167.531	167.337	169.033	171.746
0.0210845	2.19911	155.816	155.728	157.124	159.571
0.0210845	2.30383	143.144	143.064	144.386	146.567
0.0210845	2.40855	129.95	129.892	131.161	133.082
0.0210845	2.51327	116.55	116.526	117.663	119.444
0.0210845	2.61799	103.273	103.265	104.275	105.949
0.0210845	2.72271	90.4067	90.3798	91.2514	92.5477
0.0210845	2.82743	78.1092	78.1227	78.5337	79.7217
0.0210845	2.93215	66.3171	66.3129	66.6634	67.6592
0.0210845	3.03687	55.498	55.4823	55.7738	56.5931
0.0210845	3.14159	45.7056	45.7182	45.9541	46.6193
0.0217379	-3.14159	43.1926	43.1751	43.405	44.0645
0.0217379	-3.03687	34.9402	34.9556	35.1409	35.6694
0.0217379	-2.93215	27.764	27.7669	27.8271	28.2184
0.0217379	-2.82743	21.496	21.4901	21.547	21.8466
0.0217379	-2.72271	16.2507	16.2449	16.3122	16.5371
0.0217379	-2.61799	11.9619	11.9583	12.0531	12.1779
0.0217379	-2.51327	8.54083	8.53942	8.62934	8.69244
0.0217379	-2.40855	5.88893	5.88861	5.94809	5.98863
0.0217379	-2.30383	3.89989	3.89783	3.93469	3.95935
0.0217379	-2.19911	2.4658	2.46612	2.48194	2.49574
0.0217379	-2.0944	1.48224	1.48201	1.48547	1.49194
0.0217379	-1.98968	0.852478	0.851296	0.84959	0.850834
0.0217379	-1.88496	0.475439	0.474128	0.473829	0.472866
0.0217379	-1.78024	0.242085	0.243821	0.247778	0.248926
0.0217379	-1.67552	0.0569623	0.0603288	0.0608485	0.0613322
0.0217379	-1.5708	0	0	0	0
0.0217379	-1.46608	0.0459534	0.045609	0.0459182	0.0454491
0.0217379	-1.36136	0.20393	0.202337	0.203891	0.202223
0.0217379	-1.25664	0.523051	0.518993	0.523277	0.52041
0.0217379	-1.15192	1.0316	1.02168	1.03251	1.02764
0.0217379	-1.0472	1.85269	1.83194	1.8579	1.85248
0.0217379	-0.942478	3.10556	3.07496	3.1152	3.11683
0.0217379	-0.837758	4.91567	4.87272	4.93224	4.94898
0.0217379	-0.733038	7.40929	7.35128	7.43608	7.47876
0.0217379	-0.628319	10.7116	10.6358	10.7528	10.8352
0.0217379	-0.523599	14.9406	14.844	15.0014	15.1398
0.0217379	-0.418879	20.1771	20.0315	20.2698	20.4712
0.0217379	-0.314159	26.5026	26.3276	26.6384	26.925
0.0217379	-0.20944	34.0006	33.7941	34.1779	34.5807
0.0217379	-0.10472	42.5448	42.2933	42.9203	43.4621
0.0217379	1.11022e-16	52.1274	51.8403	52.6433	53.4588
0.0217379	0.10472	62.7807	62.458	63.379	64.381
0.0217379	0.20944	74.3993	74.042	75.0851	76.2533
0.0217379	0.314159	86.8296	86.4396	87.6062	88.935
0.0217379	0.418879	99.6514	99.206	100.687	102.238
0.0217379	0.523599	112.599	112.125	114.058	115.908
0.0217379	0.628319	125.599	125.103	127.119	129.486
0.0217379	0.733038	138.339	137.826	139.915	142.456
0.0217379	0.837758	150.483	149.958	152.112	154.788
0.0217379	0.942478	161.668	161.158	163.372	166.149
0.0217379	1.0472	171.516	171.036	173.341	176.204
0.0217379	1.15192	179.471	178.974	181.523	184.643
0.0217379	1.25664	185.59	185.11	187.848	191.169
0.0217379	1.36136	189.697	189.239	192.109	195.373
0.0217379	1.46608	191.595	191.223	194.171	197.336
0.0217379	1.5708	191.239	190.942	193.757	197.002
0.0217379	1.67552	188.692	188.416	191.039	194.336
0.0217379	1.78024	184.052	183.785	186.19	189.283
0.0217379	1.88496	177.483	177.24	179.385	182.251
0.0217379	1.98968	169.137	168.97	170.659	173.481
0.0217379	2.0944	159.244	159.191	160.458	163.189
0.0217379	2.19911	148.002	147.951	149.15	151.609
0.0217379	2.30383	135.939	135.909	137.059	139.249
0.0217379	2.40855	123.376	123.371	124.51	126.431
0.0217379	2.51327	110.628	110.653	111.684	113.483
0.0217379	2.61799	98.0267	98.0271	98.9794	100.511
0.0217379	2.72271	85.8165	85.7969	86.4031	87.6942
0.0217379	2.82743	73.9285	73.9455	74.3308	75.5118
0.0217379	2.93215	62.7326	62.7331	63.0641	64.0518
0.0217379	3.03687	52.46	52.4484	52.7277	53.5399
0.0217379	3.14159	43.1926	43.1751	43.405	44.0645
0.0223914	-3.14159	41.8872	41.8714	42.1026	42.7486
0.0223914	-3.03687	33.9476	33.9899	34.0669	34.5581
0.0223914	-2.93215	26.9903	26.9865	27.0489	27.4349
0.0223914	-2.82743	21.0163	21.0103	21.0732	21.3679
0.0223914	-2.72271	16.0185	16.0121	16.0896	16.3087
0.0223914	-2.61799	11.9285	11.923	12.0061	12.0843
0.0223914	-2.51327	8.62561	8.62751	8.6567	8.70638
0.0223914	-2.40855	6.0556	6.05652	6.06859	6.0981
0.0223914	-2.30383	4.13651	4.13749	4.13677	4.15259
0.0223914	-2.19911	2.7423	2.74322	2.7386	2.74121
0.0223914	-2.0944	1.80056	1.80041	1.79981	1.79807
0.0223914	-1.98968	1.21502	1.21456	1.21888	1.21697
0.0223914	-1.88496	0.867848	0.867085	0.876357	0.876158
0.0223914	-1.78024	0.584634	0.582549	0.584902	0.588022
0.0223914	-1.67552	0.411764	0.410431	0.417417	0.419596
0.0223914	-1.5708	0.353522	0.353972	0.367087	0.367953
0.0223914	-1.46608	0.401158	0.402798	0.415365	0.414971
0.0223914	-1.36136	0.546184	0.544432	0.556117	0.552195
0.0223914	-1.25664	0.78217	0.775398	0.787437	0.776747
0.0223914	-1.15192	1.22232	1.22017	1.23572	1.22589
0.0223914	-1.0472	2.0154	2.00346	2.02467	1.99746
0.0223914	-0.942478	3.21824	3.19922	3.22192	3.19601
0.0223914	-0.837758	4.98521	4.95691	4.98133	4.96438
0.0223914	-0.733038	7.39424	7.35662	7.38989	7.3983
0.0223914	-0.628319	10.5769	10.5504	10.5582	10.6227
0.0223914	-0.523599	14.7036	14.6355	14.6632	14.8079
0.0223914	-0.418879	19.7144	19.6028	19.7568	20.0171
0.0223914	-0.314159	25.7615	25.6253	25.8522	26.1929
0.0223914	-0.20944	32.9236	32.7607	33.0581	33.5102
0.0223914	-0.10472	41.2222	41.0308	41.3987	41.9378
0.0223914	1.11022e-16	50.432	50.1939	50.867	51.5007
0.0223914	0.10472	60.5856	60.3164	61.1065	62.127
0.0223914	0.20944	71.6541	71.3548	72.2543	73.4232
0.0223914	0.314159	83.477	83.1631	84.1458	85.507
0.0223914	0.418879	95.8574	95.5051	96.5935	98.1801
0.0223914	0.523599	108.203	107.794	109.363	111.2
0.0223914	0.628319	120.561	120.132	121.948	124.287
0.0223914	0.733038	132.666	132.223	134.116	136.658
0.0223914	0.837758	144.199	143.747	145.713	148.384
0.0223914	0.942478	154.832	154.378	156.417	159.185
0.0223914	1.0472	164.197	163.796	165.849	168.74
0.0223914	1.15192	171.977	171.549	173.618	176.757
0.0223914	1.25664	177.76	177.348	179.62	182.936
0.0223914	1.36136	181.628	181.237	183.663	186.913
0.0223914	1.46608	183.451	183.087	185.617	188.761
0.0223914	1.5708	183.109	182.826	185.179	188.427
0.0223914	1.67552	180.651	180.399	182.586	185.871
0.0223914	1.78024	176.206	175.985	177.973	181.047
0.0223914	1.88496	169.932	169.743	171.506	174.347
0.0223914	1.98968	161.918	161.888	163.189	166.001
0.0223914	2.0944	152.349	152.317	153.496	156.213
0.0223914	2.19911	141.715	141.658	142.756	145.196
0.0223914	2.30383	130.226	130.243	131.278	133.444
0.0223914	2.40855	118.253	118.303	119.366	121.267
0.0223914	2.51327	106.147	106.182	107.177	108.96
0.0223914	2.61799	94.1818	94.1895	95.0277	96.4044
0.0223914	2.72271	82.4783	82.5258	82.9548	84.224
0.0223914	2.82743	71.0858	71.1089	71.4866	72.6476
0.0223914	2.93215	60.4513	60.4555	60.7828	61.7502
0.0223914	3.03687	50.6925	50.684	50.9618	51.7577
0.0223914	3.14159	41.8872	41.8714	42.1026	42.7486
0.0230448	-3.14159	41.6587	41.671	41.7669	42.3718
0.0230448	-3.03687	34.0027	34.0052	34.0833	34.562
0.0230448	-2.93215	27.3393	27.3359	27.4043	27.7773
0.0230448	-2.82743	21.6223	21.6281	21.7011	21.8885
0.0230448	-2.72271	16.7107	16.7161	16.7653	16.8693
0.0230448	-2.61799	12.4722	12.4741	12.5204	12.5847
0.0230448	-2.51327	9.10968	9.11041	9.13748	9.1752
0.0230448	-2.40855	6.4617	6.46082	6.50694	6.52628
0.0230448	-2.30383	4.48739	4.48606	4.51109	4.51835
0.0230448	-2.19911	3.09038	3.08771	3.09945	3.0987
0.0230448	-2.0944	2.15618	2.15188	2.15704	2.15167
0.0230448	-1.98968	1.57956	1.57357	1.57841	1.57057
0.0230448	-1.88496	1.24949	1.24427	1.24975	1.24472
0.0230448	-1.78024	1.0808	1.07762	1.07731	1.08168
0.0230448	-1.67552	0.913836	0.917005	0.910639	0.919446
0.0230448	-1.5708	0.849266	0.849981	0.849334	0.85554
0.0230448	-1.46608	0.869462	0.870345	0.868551	0.873702
0.0230448	-1.36136	0.981506	0.981645	0.979693	0.981501
0.0230448	-1.25664	1.23886	1.23684	1.23675	1.23351
0.0230448	-1.15192	1.71181	1.70553	1.71063	1.70283
0.0230448	-1.0472	2.46259	2.44773	2.46318	2.44869
0.0230448	-0.942478	3.65726	3.63295	3.66138	3.64637
0.0230448	-0.837758	5.42816	5.39531	5.42534	5.41735
0.0230448	-0.733038	7.85544	7.82186	7.85047	7.85384
0.0230448	-0.628319	11.0696	11.0417	11.0538	11.0983
0.0230448	-0.523599	15.1973	15.1725	15.1504	15.2807
0.0230448	-0.418879	20.1974	20.1217	20.1337	20.3958
0.0230448	-0.314159	26.126	26.0262	26.1128	26.4369
0.0230448	-0.20944	32.9732	32.8512	33.05	33.5346
0.0230448	-0.10472	40.8654	40.7144	41.0227	41.5706
0.0230448	1.11022e-16	49.8019	49.6515	50.0469	50.6973
0.0230448	0.10472	59.5741	59.3692	60.0294	60.8641
0.0230448	0.20944	70.0872	69.8762	70.6331	71.8332
0.0230448	0.314159	81.331	81.1091	81.9541	83.3525
0.0230448	0.418879	93.1208	92.8844	93.8084	95.4304
0.0230448	0.523599	105.129	104.781	105.968	107.836
0.0230448	0.628319	116.88	116.516	118.146	120.302
0.0230448	0.733038	128.386	128.009	129.721	132.266
0.0230448	0.837758	139.341	138.958	140.75	143.422
0.0230448	0.942478	149.435	149.052	150.929	153.692
0.0230448	1.0472	158.288	157.987	159.878	162.775
0.0230448	1.15192	165.703	165.48	167.253	170.393
0.0230448	1.25664	171.443	171.097	172.95	176.247
0.0230448	1.36136	175.085	174.759	176.783	180.011
0.0230448	1.46608	176.783	176.482	178.632	181.751
0.0230448	1.5708	176.468	176.21	178.19	181.418
0.0230448	1.67552	174.139	173.946	175.713	178.969
0.0230448	1.78024	169.878	169.713	171.318	174.363
0.0230448	1.88496	163.835	163.745	165.165	167.977
0.0230448	1.98968	156.011	156.038	157.251	160.032
0.0230448	2.0944	146.913	146.893	148.033	150.723
0.0230448	2.19911	136.822	136.762	137.824	140.241
0.0230448	2.30383	125.904	125.94	126.917	129.063
0.0230448	2.40855	114.519	114.597	115.602	117.486
0.0230448	2.51327	103.019	103.061	104.027	105.588
0.0230448	2.61799	91.6551	91.6692	92.2734	93.6263
0.0230448	2.72271	80.3274	80.3806	80.7947	82.0465
0.0230448	2.82743	69.502	69.5286	69.9	71.0412
0.0230448	2.93215	59.3961	59.4033	59.7266	60.6857
0.0230448	3.03687	50.1209	50.1145	50.3909	51.1703
0.0230448	3.14159	41.6587	41.671	41.7669	42.3718
0.0236982	-3.14159	42.3965	42.4096	42.5087	43.1099
0.0236982	-3.03687	35.1058	35.1085	35.1922	35.634
0.0236982	-2.93215	28.6278	28.6379	28.6976	28.9469
0.0236982	-2.82743	22.7073	22.7116	22.7813	22.9553
0.0236982	-2.72271	17.6706	17.6648	17.7254	17.8858
0.0236982	-2.61799	13.4499	13.4445	13.5312	13.6266
0.0236982	-2.51327	10.1094	10.1047	10.1903	10.2251
0.0236982	-2.40855	7.54328	7.53956	7.59534	7.61138
0.0236982	-2.30383	5.63995	5.63608	5.66954	5.673
0.0236982	-2.19911	4.28799	4.28265	4.30077	4.29612
0.0236982	-2.0944	3.37813	3.37089	3.38018	3.37045
0.0236982	-1.98968	2.81219	2.80035	2.80716	2.79383
0.0236982	-1.88496	2.5016	2.48974	2.50008	2.48524
0.0236982	-1.78024	2.30474	2.30935	2.30444	2.31205
0.0236982	-1.67552	2.13119	2.13266	2.12934	2.13468
0.0236982	-1.5708	2.05919	2.05808	2.05954	2.06171
0.0236982	-1.46608	2.08917	2.08757	2.0918	2.09288
0.0236982	-1.36136	2.21567	2.21537	2.21784	2.21864
0.0236982	-1.25664	2.48431	2.48448	2.48561	2.4852
0.0236982	-1.15192	2.88847	2.88446	2.88851	2.88416
0.0236982	-1.0472	3.62872	3.62045	3.62925	3.62469
0.0236982	-0.942478	4.79613	4.78155	4.79843	4.79765
0.0236982	-0.837758	6.51946	6.49602	6.52482	6.53554
0.0236982	-0.733038	8.93002	8.89515	8.94156	8.97382
0.0236982	-0.628319	12.1592	12.1102	12.1806	12.248
0.0236982	-0.523599	16.2247	16.1998	16.1871	16.3177
0.0236982	-0.418879	21.2522	21.175	21.1997	21.4277
0.0236982	-0.314159	27.2655	27.1444	27.1889	27.4792
0.0236982	-0.20944	33.9729	33.8395	34.0017	34.3662
0.0236982	-0.10472	41.5856	41.4532	41.7182	42.2667
0.0236982	1.11022e-16	50.1141	49.9836	50.3428	51.0157
0.0236982	0.10472	59.6094	59.4665	59.8722	60.7221
0.0236982	0.20944	69.6716	69.4818	70.1779	71.3185
0.0236982	0.314159	80.3865	80.1867	80.9668	82.3984
0.0236982	0.418879	91.6186	91.405	92.2593	93.914
0.0236982	0.523599	103.153	102.92	103.84	105.739
0.0236982	0.628319	114.47	114.133	115.46	117.618
0.0236982	0.733038	125.42	125.065	126.652	129.202
0.0236982	0.837758	135.829	135.484	137.144	139.818
0.0236982	0.942478	145.382	145.098	146.825	149.587
0.0236982	1.0472	153.792	153.576	155.32	158.224
0.0236982	1.15192	160.838	160.646	162.324	165.465
0.0236982	1.25664	166.295	166.061	167.73	171.012
0.0236982	1.36136	169.983	169.712	171.366	174.577
0.0236982	1.46608	171.561	171.32	173.115	176.216
0.0236982	1.5708	171.226	171.025	172.675	175.886
0.0236982	1.67552	169.003	168.837	170.306	173.54
0.0236982	1.78024	164.925	164.777	166.118	169.141
0.0236982	1.88496	158.975	158.992	160.264	163.054
0.0236982	1.98968	151.53	151.568	152.736	155.489
0.0236982	2.0944	142.878	142.869	143.967	146.634
0.0236982	2.19911	133.288	133.238	134.262	136.658
0.0236982	2.30383	122.916	122.954	123.897	126.025
0.0236982	2.40855	112.095	112.18	113.147	115.004
0.0236982	2.51327	101.167	101.216	101.932	103.481
0.0236982	2.61799	90.2275	90.3187	90.7715	92.1042
0.0236982	2.72271	79.3962	79.4528	79.8624	81.0916
0.0236982	2.82743	69.106	69.1352	69.5	70.6249
0.0236982	2.93215	59.499	59.5073	59.8267	60.7532
0.0236982	3.03687	50.622	50.6507	50.7714	51.4822
0.0236982	3.14159	42.3965	42.4096	42.5087	43.1099
0.0243516	-3.14159	44.1873	44.2009	44.3048	44.7967
0.0243516	-3.03687	36.9719	36.9902	37.045	37.3847
0.0243516	-2.93215	30.2331	30.2409	30.2996	30.569
0.0243516	-2.82743	24.3141	24.3067	24.3687	24.5968
0.0243516	-2.72271	19.3387	19.3307	19.4025	19.563
0.0243516	-2.61799	15.2908	15.2831	15.3813	15.4785
0.0243516	-2.51327	12.0813	12.0741	12.1762	12.2073
0.0243516	-2.40855	9.61083	9.60347	9.67471	9.68685
0.0243516	-2.30383	7.77327	7.76532	7.81129	7.81064
0.0243516	-2.19911	6.46193	6.453	6.47997	6.471
0.0243516	-2.0944	5.55148	5.55098	5.57785	5.56356
0.0243516	-1.98968	5.00787	4.99072	5.00965	4.99186
0.0243516	-1.88496	4.70468	4.68866	4.70648	4.6816
0.0243516	-1.78024	4.49244	4.49469	4.49536	4.49966
0.0243516	-1.67552	4.31454	4.3139	4.314	4.31594
0.0243516	-1.5708	4.23833	4.23547	4.23802	4.23699
0.0243516	-1.46608	4.27067	4.2663	4.27298	4.269
0.0243516	-1.36136	4.41312	4.41157	4.41507	4.4133
0.0243516	-1.25664	4.65415	4.65346	4.65469	4.65473
0.0243516	-1.15192	5.03696	5.03444	5.03744	5.03591
0.0243516	-1.0472	5.76177	5.75903	5.75955	5.76337
0.0243516	-0.942478	6.90843	6.90161	6.90653	6.91773
0.0243516	-0.837758	8.58559	8.57336	8.58518	8.61211
0.0243516	-0.733038	10.9212	10.9005	10.924	10.9777
0.0243516	-0.628319	13.9926	13.9578	14.011	14.0795
0.0243516	-0.523599	17.9779	17.9226	17.9842	18.1252
0.0243516	-0.418879	22.9632	22.8807	22.9645	23.2069
0.0243516	-0.314159	28.8852	28.8104	28.8248	29.1798
0.0243516	-0.20944	35.7073	35.6066	35.7257	36.0551
0.0243516	-0.10472	43.2276	43.1353	43.313	43.7808
0.0243516	1.11022e-16	51.4893	51.3777	51.691	52.3814
0.0243516	0.10472	60.553	60.4433	60.7978	61.6678
0.0243516	0.20944	70.3642	70.1948	70.7299	71.7863
0.0243516	0.314159	80.5798	80.3998	81.1183	82.5809
0.0243516	0.418879	91.285	91.0934	91.8802	93.5652
0.0243516	0.523599	102.275	102.066	102.913	104.841
0.0243516	0.628319	113.245	112.932	113.981	116.165
0.0243516	0.733038	123.679	123.336	124.819	127.268
0.0243516	0.837758	133.59	133.249	134.823	137.498
0.0243516	0.942478	142.641	142.398	144.034	146.794
0.0243516	1.0472	150.635	150.486	152.1	155.009
0.0243516	1.15192	157.328	157.158	158.753	161.894
0.0243516	1.25664	162.511	162.297	163.886	167.156
0.0243516	1.36136	166.019	165.76	167.335	170.531
0.0243516	1.46608	167.546	167.439	168.991	172.076
0.0243516	1.5708	167.196	167.161	168.556	171.748
0.0243516	1.67552	165.034	164.949	166.291	169.502
0.0243516	1.78024	161.15	161.017	162.299	165.3
0.0243516	1.88496	155.482	155.511	156.727	159.497
0.0243516	1.98968	148.396	148.445	149.567	152.292
0.0243516	2.0944	140.167	140.168	141.225	143.871
0.0243516	2.19911	131.05	131.01	131.995	134.372
0.0243516	2.30383	121.197	121.235	122.143	124.254
0.0243516	2.40855	110.909	111.001	111.77	113.554
0.0243516	2.51327	100.524	100.577	101.051	102.59
0.0243516	2.61799	89.9181	90.0124	90.4536	91.7659
0.0243516	2.72271	79.6195	79.6776	80.0782	81.289
0.0243516	2.82743	69.8344	69.8641	70.2223	71.3244
0.0243516	2.93215	60.6968	60.705	60.9031	61.7
0.0243516	3.03687	52.0212	52.0504	52.1734	52.8703
0.0243516	3.14159	44.1873	44.2009	44.3048	44.7967
0.025005	-3.14159	46.6177	46.6475	46.7156	47.1666
0.025005	-3.03687	39.1968	39.2005	39.2759	39.6353
0.025005	-2.93215	32.4767	32.4695	32.5451	32.8546
0.025005	-2.82743	26.7538	26.7441	26.8175	27.0418
0.025005	-2.72271	21.9836	21.9732	22.0572	22.2122
0.025005	-2.61799	18.0967	18.0861	18.196	18.2919
0.025005	-2.51327	14.9162	14.916	15.0408	15.095
0.025005	-2.40855	12.4363	12.438	12.6281	12.6293
0.025005	-2.30383	10.5891	10.591	10.7536	10.7501
0.025005	-2.19911	9.26733	9.26793	9.38958	9.37558
0.025005	-2.0944	8.36786	8.3656	8.45173	8.4311
0.025005	-1.98968	7.8174	7.79165	7.84762	7.82121
0.025005	-1.88496	7.52918	7.50496	7.54257	7.49547
0.025005	-1.78024	7.37596	7.37301	7.40601	7.36411
0.025005	-1.67552	7.18724	7.20315	7.23683	7.23235
0.025005	-1.5708	7.09954	7.10801	7.1341	7.12648
0.025005	-1.46608	7.15701	7.15264	7.17	7.15272
0.025005	-1.36136	7.30608	7.30423	7.32015	7.309
0.025005	-1.25664	7.59439	7.59427	7.61096	7.60627
0.025005	-1.15192	7.98787	7.99263	8.03732	8.03981
0.025005	-1.0472	8.72221	8.72108	8.75671	8.76736
0.025005	-0.942478	9.87765	9.87092	9.92289	9.9469
0.025005	-0.837758	11.5638	11.549	11.5773	11.6186
0.025005	-0.733038	13.8236	13.7906	13.8452	13.8813
0.025005	-0.628319	16.7603	16.732	16.7805	16.8605
0.025005	-0.523599	20.5901	20.5614	20.5967	20.7512
0.025005	-0.418879	25.396	25.3379	25.3968	25.6494
0.025005	-0.314159	31.2311	31.1552	31.2549	31.6195
0.025005	-0.20944	38.0024	37.8955	37.9911	38.389
0.025005	-0.10472	45.5945	45.5168	45.6508	46.0983
0.025005	1.11022e-16	53.7861	53.7179	53.8699	54.5187
0.025005	0.10472	62.5315	62.4406	62.757	63.647
0.025005	0.20944	71.9727	71.8825	72.2386	73.3139
0.025005	0.314159	81.854	81.695	82.3513	83.6544
0.025005	0.418879	92.0606	91.8898	92.6116	94.3243
0.025005	0.523599	102.536	102.348	103.127	105.081
0.025005	0.628319	113.054	112.843	113.672	115.88
0.025005	0.733038	123.115	122.794	123.995	126.465
0.025005	0.837758	132.538	132.23	133.719	136.396
0.025005	0.942478	141.145	140.936	142.486	145.244
0.025005	1.0472	148.744	148.632	150.149	153.061
0.025005	1.15192	155.106	154.955	156.47	159.61
0.025005	1.25664	160.029	159.835	161.345	164.602
0.025005	1.36136	163.36	163.119	164.618	167.799
0.025005	1.46608	164.793	164.709	166.186	169.255
0.025005	1.5708	164.447	164.428	165.758	168.931
0.025005	1.67552	162.381	162.312	163.592	166.783
0.025005	1.78024	158.682	158.563	159.787	162.768
0.025005	1.88496	153.283	153.322	154.484	157.233
0.025005	1.98968	146.537	146.596	147.674	150.37
0.025005	2.0944	138.708	138.72	139.735	142.361
0.025005	2.19911	130.041	130.009	130.956	133.315
0.025005	2.30383	120.679	120.716	121.588	123.635
0.025005	2.40855	110.897	110.993	111.515	113.287
0.025005	2.51327	100.857	100.996	101.322	102.851
0.025005	2.61799	90.7329	90.828	91.2463	92.5494
0.025005	2.72271	80.9364	80.9949	81.3863	82.5785
0.025005	2.82743	71.6275	71.6574	71.9815	72.861
0.025005	2.93215	62.7151	62.7668	62.9137	63.6933
0.025005	3.03687	54.4425	54.4725	54.5985	55.1773
0.025005	3.14159	46.6177	46.6475	46.7156	47.1666
0.0256584	-3.14159	49.4804	49.4862	49.5836	50.0311
0.0256584	-3.03687	42.0627	42.0589	42.1586	42.5676
0.0256584	-2.93215	35.6234	35.6142	35.702	36.0082
0.0256584	-2.82743	30.1384	30.1265	30.2124	30.4312
0.0256584	-2.72271	25.4206	25.4238	25.5772	25.7303
0.0256584	-2.61799	21.5551	21.5458	21.6772	21.7736
0.0256584	-2.51327	18.4539	18.4514	18.5933	18.6446
0.0256584	-2.40855	16.056	16.0551	16.2384	16.2482
0.0256584	-2.30383	14.2629	14.2621	14.4408	14.4344
0.0256584	-2.19911	12.9732	12.971	13.1031	13.0873
0.0256584	-2.0944	12.0872	12.0806	12.1771	12.1524
0.0256584	-1.98968	11.5174	11.5037	11.5743	11.5431
0.0256584	-1.88496	11.2431	11.2094	11.2485	11.1882
0.0256584	-1.78024	11.0772	11.0893	11.1249	11.0699
0.0256584	-1.67552	10.8827	10.8959	10.9401	10.9314
0.0256584	-1.5708	10.7902	10.7964	10.8306	10.819
0.0256584	-1.46608	10.8416	10.8306	10.8503	10.8238
0.0256584	-1.36136	11.0068	10.9997	11.0167	10.9986
0.0256584	-1.25664	11.2879	11.3021	11.3214	11.3126
0.0256584	-1.15192	11.6544	11.6598	11.7099	11.714
0.0256584	-1.0472	12.3709	12.3707	12.4028	12.4167
0.0256584	-0.942478	13.5113	13.5082	13.5489	13.5806
0.0256584	-0.837758	15.1618	15.1533	15.2125	15.2694
0.0256584	-0.733038	17.4414	17.4248	17.51	17.602
0.0256584	-0.628319	20.4362	20.3921	20.4634	20.5548
0.0256584	-0.523599	24.1265	24.1135	24.1326	24.3004
0.0256584	-0.418879	28.7559	28.7218	28.745	29.0121
0.0256584	-0.314159	34.3722	34.3227	34.3709	34.762
0.0256584	-0.20944	41.0357	40.957	41.0573	41.5786
0.0256584	-0.10472	48.5036	48.4157	48.5721	49.0533
0.0256584	1.11022e-16	56.7721	56.7181	56.8259	57.4523
0.0256584	0.10472	65.4692	65.4223	65.5552	66.3979
0.0256584	0.20944	74.5136	74.4416	74.7564	75.8502
0.0256584	0.314159	84.1549	84.0171	84.4499	85.73
0.0256584	0.418879	93.8926	93.7414	94.3993	96.0862
0.0256584	0.523599	103.881	103.713	104.425	106.402
0.0256584	0.628319	113.906	113.715	114.475	116.705
0.0256584	0.733038	123.683	123.37	124.312	126.794
0.0256584	0.837758	132.644	132.365	133.682	136.276
0.0256584	0.942478	140.831	140.652	142.118	144.876
0.0256584	1.0472	148.057	147.964	149.401	152.316
0.0256584	1.15192	154.104	153.972	155.41	158.547
0.0256584	1.25664	158.782	158.607	160.041	163.286
0.0256584	1.36136	161.946	161.724	163.147	166.315
0.0256584	1.46608	163.293	163.229	164.634	167.688
0.0256584	1.5708	162.952	162.947	164.214	167.367
0.0256584	1.67552	160.978	160.922	162.143	165.314
0.0256584	1.78024	157.454	157.348	158.516	161.476
0.0256584	1.88496	152.312	152.359	153.466	156.197
0.0256584	1.98968	145.889	145.956	146.99	149.658
0.0256584	2.0944	138.441	138.459	139.433	142.04
0.0256584	2.19911	130.199	130.172	131.081	133.423
0.0256584	2.30383	121.304	121.335	121.982	123.997
0.0256584	2.40855	111.999	112.097	112.382	114.143
0.0256584	2.51327	102.247	102.388	102.686	104.206
0.0256584	2.61799	92.6138	92.7093	93.102	94.3984
0.0256584	2.72271	83.2918	83.351	83.7323	84.7778
0.0256584	2.82743	74.3087	74.3904	74.5583	75.4182
0.0256584	2.93215	65.7195	65.7723	65.9198	66.6182
0.0256584	3.03687	57.5012	57.5477	57.6337	58.1526
0.0256584	3.14159	49.4804	49.4862	49.5836	50.0311
