#x	y	0	6a	7a	67
-3.14159	0.002464	71.1271	70.2623	75.6031	74.3392
-3.14159	0.0024715	63.3395	62.6023	66.93	65.991
-3.14159	0.002479	56.8273	56.2177	59.651	59.0045
-3.14159	0.0024865	51.5377	51.0552	53.6978	53.315
-3.14159	0.002494	47.4207	47.0646	49.007	48.8623
-3.14159	0.0025015	44.4299	44.1989	45.5198	45.5905
-3.14159	0.002509	42.5223	42.4144	43.1822	43.4484
-3.14159	0.0025165	41.6587	41.671	41.9464	42.3894
-3.14159	0.002524	41.7747	41.8564	41.7669	42.3718
-3.14159	0.0025315	42.6129	42.7245	42.5634	43.2857
-3.14159	0.002539	43.8374	43.951	43.8965	44.6543
-3.14159	0.0025465	45.5184	45.6462	45.5742	46.3723
-3.14159	0.002554	47.7015	47.8413	47.7727	48.5896
-3.03687	0.002464	63.55	62.8618	67.624	66.4392
-3.03687	0.0024715	55.7732	55.1777	59.0168	58.0976
-3.03687	0.002479	49.2637	48.7639	51.79	51.1342
-3.03687	0.0024865	43.9691	43.5675	45.902	45.4821
-3.03687	0.002494	39.8399	39.5385	41.2782	41.079
-3.03687	0.0025015	36.8303	36.6302	37.8192	37.8382
-3.03687	0.002509	34.8974	34.795	35.4981	35.6817
-3.03687	0.0025165	33.9476	33.9899	34.2564	34.597
-3.03687	0.002524	34.0529	34.1147	34.0669	34.5581
-3.03687	0.0025315	34.7922	34.8726	34.8037	35.3796
-3.03687	0.002539	35.996	36.0897	36.0344	36.6315
-3.03687	0.0025465	37.6787	37.784	37.7225	38.3725
-3.03687	0.002554	39.8611	39.9758	39.9177	40.5847
-2.93215	0.002464	56.6592	56.096	60.2993	59.2459
-2.93215	0.0024715	48.8724	48.3801	51.7754	50.9704
-2.93215	0.002479	42.3512	41.9337	44.6432	44.0597
-2.93215	0.0024865	37.0425	36.7035	38.7979	38.4265
-2.93215	0.002494	32.8966	32.6391	34.1806	33.9933
-2.93215	0.0025015	29.8672	29.6933	30.7474	30.7222
-2.93215	0.002509	27.9115	27.8224	28.4456	28.5666
-2.93215	0.0025165	26.9903	26.9865	27.2273	27.4827
-2.93215	0.002524	27.0685	27.15	27.0489	27.4349
-2.93215	0.0025315	27.8601	27.9558	27.7905	28.2428
-2.93215	0.002539	29.1026	29.2115	29.0279	29.4996
-2.93215	0.0025465	30.8266	30.9471	30.7517	31.2424
-2.93215	0.002554	33.0542	33.1445	32.995	33.5026
-2.82743	0.002464	50.471	50.0703	53.6772	52.7187
-2.82743	0.0024715	42.7419	42.3806	45.2292	44.4917
-2.82743	0.002479	36.2676	35.9534	38.1661	37.6244
-2.82743	0.0024865	30.9969	30.7358	29.752	32.0506
-2.82743	0.002494	26.8805	26.6776	27.9217	27.7088
-2.82743	0.0025015	23.8725	23.7322	24.6167	24.542
-2.82743	0.002509	21.9306	21.8563	22.394	22.4689
-2.82743	0.0025165	21.0163	21.0103	21.2178	21.4049
-2.82743	0.002524	21.095	21.159	21.0732	21.3679
-2.82743	0.0025315	21.8902	21.9669	21.8255	22.1715
-2.82743	0.002539	23.1412	23.2285	23.0717	23.4351
-2.82743	0.0025465	24.871	24.9685	24.8022	25.182
-2.82743	0.002554	27.0555	27.1172	27.0499	27.4452
-2.72271	0.002464	45.1239	44.8664	47.7932	47.0002
-2.72271	0.0024715	37.4724	37.2267	39.4991	38.8861
-2.72271	0.002479	31.0655	30.8091	32.5711	32.1168
-2.72271	0.0024865	25.8519	25.6186	26.9412	26.6271
-2.72271	0.002494	21.7835	21.6034	22.5463	22.3565
-2.72271	0.0025015	18.816	18.7082	19.3282	19.2493
-2.72271	0.002509	16.9071	16.848	17.2314	17.2543
-2.72271	0.0025165	16.0185	16.0121	16.1825	16.316
-2.72271	0.002524	16.1163	16.1658	16.0896	16.3087
-2.72271	0.0025315	16.9199	16.9786	16.8606	17.1173
-2.72271	0.002539	18.1597	18.2207	18.1177	18.3897
-2.72271	0.0025465	19.7875	19.854	19.7723	20.0487
-2.72271	0.002554	21.9258	21.9964	21.9222	22.2136
-2.61799	0.002464	40.5479	40.384	42.7046	42.1027
-2.61799	0.0024715	32.9783	32.759	34.6131	34.1225
-2.61799	0.002479	26.6081	26.4076	27.8375	27.4716
-2.61799	0.0024865	21.4477	21.275	22.3425	22.086
-2.61799	0.002494	17.4469	17.3097	18.0663	17.9064
-2.61799	0.0025015	14.5591	14.4637	14.9521	14.8779
-2.61799	0.002509	12.7413	12.6927	12.9444	12.9495
-2.61799	0.0025165	11.9285	11.923	12.0061	12.0843
-2.61799	0.002524	12.0632	12.0989	12.0289	12.1886
-2.61799	0.0025315	12.7703	12.8102	12.7505	12.9322
-2.61799	0.002539	13.9292	13.9747	13.9112	14.1027
-2.61799	0.0025465	15.5723	15.6222	15.5588	15.7604
-2.61799	0.002554	17.7267	17.78	17.7237	17.9395
-2.51327	0.002464	36.6481	36.5433	38.3508	37.9084
-2.51327	0.0024715	29.1456	29.0219	30.4653	30.1171
-2.51327	0.002479	22.8843	22.7593	23.882	23.5958
-2.51327	0.0024865	17.8218	17.7064	18.5376	18.3347
-2.51327	0.002494	13.9089	13.8123	14.3976	14.2712
-2.51327	0.0025015	11.0996	11.0296	11.4032	11.3396
-2.51327	0.002509	9.3419	9.31038	9.50084	9.49639
-2.51327	0.0025165	8.54083	8.53942	8.62934	8.69244
-2.51327	0.002524	8.69406	8.71631	8.67947	8.79491
-2.51327	0.0025315	9.41091	9.43937	9.39428	9.51872
-2.51327	0.002539	10.589	10.6215	10.5739	10.7068
-2.51327	0.0025465	12.2516	12.2874	12.2401	12.3818
-2.51327	0.002554	14.427	14.4666	14.4259	14.5815
-2.40855	0.002464	33.2814	33.2641	34.6636	34.3478
-2.40855	0.0024715	25.9467	25.9021	26.9624	26.7138
-2.40855	0.002479	19.8268	19.7662	20.5612	20.3653
-2.40855	0.0024865	14.8807	14.8141	15.3879	15.2451
-2.40855	0.002494	11.0738	11.0119	11.4061	11.3127
-2.40855	0.0025015	8.33098	8.30037	8.55851	8.5087
-2.40855	0.002509	6.61202	6.59235	6.79392	6.79311
-2.40855	0.0025165	5.88893	5.88861	5.94809	5.98863
-2.40855	0.002524	6.0967	6.1112	6.08396	6.15777
-2.40855	0.0025315	6.83545	6.85406	6.82206	6.90284
-2.40855	0.002539	8.03715	8.05881	8.02469	8.11244
-2.40855	0.0025465	9.7233	9.74813	9.71431	9.80969
-2.40855	0.002554	11.9272	11.9557	11.9288	12.0401
-2.30383	0.002464	30.4148	30.5	31.5243	31.3168
-2.30383	0.0024715	23.2696	23.289	24.035	23.8789
-2.30383	0.002479	17.3165	17.3066	17.8348	17.7203
-2.30383	0.0024865	12.4977	12.4939	12.861	12.774
-2.30383	0.002494	8.78584	8.78016	9.0429	8.98566
-2.30383	0.0025015	6.14203	6.1297	6.34391	6.31261
-2.30383	0.002509	4.52651	4.51667	4.65685	4.65385
-2.30383	0.0025165	3.89989	3.89783	3.93469	3.95935
-2.30383	0.002524	4.168	4.1764	4.1577	4.20109
-2.30383	0.0025315	4.93393	4.94488	4.92328	4.97214
-2.30383	0.002539	6.16335	6.17701	6.15361	6.20814
-2.30383	0.0025465	7.8787	7.89489	7.87232	7.93354
-2.30383	0.002554	10.073	10.084	10.0854	10.1243
-2.19911	0.002464	27.9616	28.1437	28.8625	28.7533
-2.19911	0.0024715	20.994	21.1101	21.6024	21.5248
-2.19911	0.002479	15.2093	15.2817	15.6137	15.56
-2.19911	0.0024865	10.5596	10.5973	10.8351	10.7991
-2.19911	0.002494	6.98841	7.00417	7.20657	7.16535
-2.19911	0.0025015	4.47386	4.47516	4.63216	4.61009
-2.19911	0.002509	2.97744	2.97446	3.06646	3.06384
-2.19911	0.0025165	2.4658	2.46612	2.48194	2.49574
-2.19911	0.002524	2.79486	2.79878	2.78732	2.81008
-2.19911	0.0025315	3.59314	3.59901	3.58513	3.61202
-2.19911	0.002539	4.85558	4.86344	4.84858	4.87994
-2.19911	0.0025465	6.60695	6.61697	6.60307	6.64054
-2.19911	0.002554	8.81908	8.84247	8.83069	8.84476
-2.0944	0.002464	25.857	26.0791	26.5859	26.5555
-2.0944	0.0024715	19.0804	19.2328	19.5627	19.5482
-2.0944	0.002479	13.4753	13.5733	13.7943	13.7895
-2.0944	0.0024865	8.99429	9.05145	9.22045	9.19928
-2.0944	0.002494	5.59336	5.62171	5.74898	5.73377
-2.0944	0.0025015	3.2237	3.23408	3.34873	3.34085
-2.0944	0.002509	1.86316	1.86398	1.91942	1.91828
-2.0944	0.0025165	1.48224	1.48201	1.48547	1.49194
-2.0944	0.002524	1.86778	1.86883	1.86237	1.8723
-2.0944	0.0025315	2.70325	2.70571	2.69773	2.71062
-2.0944	0.002539	4.00481	4.00878	4.00022	4.0167
-2.0944	0.0025465	5.80046	5.80658	5.79878	5.82133
-2.0944	0.002554	8.00268	8.00502	8.00483	8.01282
-1.98968	0.002464	24.0137	24.2586	24.6029	24.6306
-1.98968	0.0024715	17.4401	17.6109	17.8228	17.8484
-1.98968	0.002479	12.0269	12.1392	12.2818	12.2823
-1.98968	0.0024865	7.72741	7.79526	7.88768	7.89054
-1.98968	0.002494	4.4983	4.53404	4.61528	4.61904
-1.98968	0.0025015	2.29722	2.31241	2.38316	2.38371
-1.98968	0.002509	1.08815	1.09069	1.12008	1.12044
-1.98968	0.0025165	0.852478	0.851296	0.84959	0.850834
-1.98968	0.002524	1.28392	1.28347	1.28046	1.28345
-1.98968	0.0025315	2.16233	2.16288	2.15889	2.16402
-1.98968	0.002539	3.50959	3.51138	3.50698	3.51497
-1.98968	0.0025465	5.36081	5.36503	5.36088	5.37526
-1.98968	0.002554	7.62764	7.62851	7.62604	7.63001
-1.88496	0.002464	22.3584	22.6096	22.8353	22.8864
-1.88496	0.0024715	15.998	16.1737	16.3027	16.3287
-1.88496	0.002479	10.7875	10.9034	10.9679	10.989
-1.88496	0.0024865	6.68068	6.75114	6.79207	6.81114
-1.88496	0.002494	3.635	3.67243	3.7283	3.74301
-1.88496	0.0025015	1.61116	1.62647	1.66127	1.66654
-1.88496	0.002509	0.569712	0.572348	0.585154	0.58635
-1.88496	0.0025165	0.475439	0.474128	0.473829	0.472866
-1.88496	0.002524	0.953563	0.952679	0.951701	0.951796
-1.88496	0.0025315	1.88086	1.88076	1.87911	1.88071
-1.88496	0.002539	3.28107	3.28216	3.27984	3.28398
-1.88496	0.0025465	5.20293	5.27146	5.28031	5.15776
-1.88496	0.002554	7.53696	7.53791	7.53122	7.53503
-1.78024	0.002464	20.8349	21.0772	21.2227	21.2677
-1.78024	0.0024715	14.6964	14.8646	14.9247	14.9563
-1.78024	0.002479	9.69751	9.80748	9.82093	9.85079
-1.78024	0.0024865	5.79304	5.85888	5.87029	5.89542
-1.78024	0.002494	2.94095	2.97509	3.0045	3.01744
-1.78024	0.0025015	1.10283	1.11609	1.12972	1.13629
-1.78024	0.002509	0.242085	0.243821	0.247778	0.248926
-1.78024	0.0025165	0.27379	0.272869	0.273107	0.272063
-1.78024	0.002524	0.80389	0.803333	0.803159	0.802776
-1.78024	0.0025315	1.78607	1.78626	1.78538	1.7862
-1.78024	0.002539	3.2477	3.24936	3.24713	3.25057
-1.78024	0.0025465	5.17652	5.1789	5.17574	5.18072
-1.78024	0.002554	7.64768	7.64977	7.63735	7.64278
-1.67552	0.002464	19.4084	19.6276	19.7231	19.751
-1.67552	0.0024715	13.4982	13.6477	13.664	13.691
-1.67552	0.002479	8.71829	8.81359	8.79973	8.82529
-1.67552	0.0024865	5.02399	5.07894	5.07746	5.09885
-1.67552	0.002494	2.37406	2.40082	2.41201	2.42204
-1.67552	0.0025015	0.730727	0.739868	0.743162	0.747933
-1.67552	0.002509	0.0569623	0.0603288	0.0608485	0.0613322
-1.67552	0.0025165	0.195432	0.195159	0.1953	0.194965
-1.67552	0.002524	0.782596	0.782818	0.78248	0.782693
-1.67552	0.0025315	1.82563	1.82675	1.82539	1.82674
-1.67552	0.002539	3.3601	3.36324	3.35932	3.36386
-1.67552	0.0025465	5.34708	5.35047	5.34595	5.35118
-1.67552	0.002554	7.89956	7.90328	7.88427	7.89137
-1.5708	0.002464	18.0671	18.2505	18.3222	18.323
-1.5708	0.0024715	12.3898	12.5106	12.5099	12.5169
-1.5708	0.002479	7.83413	7.90733	7.88509	7.89434
-1.5708	0.0024865	4.35611	4.39502	4.39256	4.40136
-1.5708	0.002494	1.91502	1.93134	1.93797	1.94018
-1.5708	0.0025015	0.473886	0.477734	0.478744	0.47942
-1.5708	0.002509	0	0	0	0
-1.5708	0.0025165	0.211841	0.212157	0.211883	0.212121
-1.5708	0.002524	0.860768	0.861881	0.860777	0.861722
-1.5708	0.0025315	1.97087	1.97317	1.97049	1.9728
-1.5708	0.002539	3.53935	3.54305	3.53827	3.54234
-1.5708	0.0025465	5.63412	5.63903	5.63216	5.6386
-1.5708	0.002554	8.25834	8.26355	8.23804	8.24555
-1.46608	0.002464	16.8237	16.9604	17.0362	16.9959
-1.46608	0.0024715	11.3819	11.4656	11.4705	11.4437
-1.46608	0.002479	7.05394	7.09882	7.08336	7.06586
-1.46608	0.0024865	3.79626	3.81507	3.82	3.80887
-1.46608	0.002494	1.56889	1.57269	1.58538	1.57623
-1.46608	0.0025015	0.335659	0.333964	0.337788	0.333325
-1.46608	0.002509	0.0459534	0.045609	0.0459182	0.0454491
-1.46608	0.0025165	0.319814	0.320323	0.319741	0.319976
-1.46608	0.002524	1.03476	1.0365	1.0345	1.03585
-1.46608	0.0025315	2.21941	2.22268	2.21844	2.2216
-1.46608	0.002539	3.85611	3.86103	3.85448	3.85959
-1.46608	0.0025465	6.03276	6.01524	6.02988	6.03776
-1.46608	0.002554	8.7179	8.72382	8.6931	8.69892
-1.36136	0.002464	15.7164	15.7966	15.9025	15.8082
-1.36136	0.0024715	10.5106	10.5497	10.5803	10.5082
-1.36136	0.002479	6.41151	6.42304	6.42678	6.37431
-1.36136	0.0024865	3.37633	3.37212	3.39025	3.35392
-1.36136	0.002494	1.36564	1.35592	1.38183	1.35957
-1.36136	0.0025015	0.344146	0.33765	0.346156	0.33738
-1.36136	0.002509	0.20393	0.202337	0.203891	0.202223
-1.36136	0.0025165	0.542113	0.542048	0.541871	0.541617
-1.36136	0.002524	1.32691	1.3286	1.32634	1.32777
-1.36136	0.0025315	2.595	2.59847	2.59336	2.5974
-1.36136	0.002539	4.29808	4.30371	4.29598	4.30223
-1.36136	0.0025465	6.56353	6.57054	6.55175	6.55216
-1.36136	0.002554	9.30091	9.30577	9.27306	9.27478
-1.25664	0.002464	14.8072	14.8227	14.9705	14.8244
-1.25664	0.0024715	9.83554	9.8244	9.89833	9.77239
-1.25664	0.002479	5.96468	5.93927	5.9728	5.87984
-1.25664	0.0024865	3.15215	3.12324	3.15878	3.09454
-1.25664	0.002494	1.35921	1.33605	1.37896	1.34443
-1.25664	0.0025015	0.55145	0.541775	0.553883	0.543822
-1.25664	0.002509	0.523051	0.518993	0.523277	0.52041
-1.25664	0.0025165	0.926865	0.925296	0.926824	0.926263
-1.25664	0.002524	1.78564	1.78605	1.78518	1.78695
-1.25664	0.0025315	3.0911	3.09468	3.08995	3.09509
-1.25664	0.002539	4.9116	4.91687	4.90979	4.91776
-1.25664	0.0025465	7.21983	7.22045	7.19771	7.19234
-1.25664	0.002554	10.0438	10.0355	10.0144	10.0118
-1.15192	0.002464	14.1793	14.1144	14.33	14.1272
-1.15192	0.0024715	9.43828	9.3442	9.48936	9.32194
-1.15192	0.002479	5.79291	5.70442	5.80178	5.66598
-1.15192	0.0024865	3.20125	3.14706	3.20419	3.11236
-1.15192	0.002494	1.62528	1.58969	1.65039	1.60711
-1.15192	0.0025015	1.0316	1.02168	1.03251	1.02764
-1.15192	0.002509	1.0759	1.06792	1.07702	1.07434
-1.15192	0.0025165	1.54694	1.54274	1.54753	1.54762
-1.15192	0.002524	2.48448	2.48147	2.48552	2.48881
-1.15192	0.0025315	3.85927	3.86089	3.85936	3.86727
-1.15192	0.002539	5.76497	5.75984	5.749	5.73591
-1.15192	0.0025465	8.11439	8.10985	8.09381	8.08186
-1.15192	0.002554	10.9765	10.8526	10.8337	10.8563
-1.0472	0.002464	13.9235	13.7565	14.0841	13.7969
-1.0472	0.0024715	9.40427	9.24267	9.45633	9.2366
-1.0472	0.002479	5.97616	5.8453	5.9876	5.82824
-1.0472	0.0024865	3.61989	3.5274	3.6249	3.50909
-1.0472	0.002494	2.25836	2.21204	2.28884	2.23489
-1.0472	0.0025015	1.85269	1.83194	1.8579	1.85248
-1.0472	0.002509	1.95553	1.94198	1.95867	1.95936
-1.0472	0.0025165	2.49515	2.48613	2.49764	2.50165
-1.0472	0.002524	3.47716	3.59137	3.48014	3.49036
-1.0472	0.0025315	4.95547	4.95324	4.95891	4.9857
-1.0472	0.002539	6.90424	6.89164	6.89196	6.87323
-1.0472	0.0025465	9.35863	9.3453	9.34361	9.32586
-1.0472	0.002554	11.8529	11.857	11.837	11.8351
-0.942478	0.002464	14.1181	13.875	14.3514	13.9788
-0.942478	0.0024715	9.82016	9.60881	9.92377	9.64207
-0.942478	0.002479	6.61515	6.45306	6.65423	6.45463
-0.942478	0.0024865	4.48325	4.37636	4.49057	4.36583
-0.942478	0.002494	3.36761	3.31365	3.38687	3.3321
-0.942478	0.0025015	3.10556	3.07496	3.1152	3.11683
-0.942478	0.002509	3.27116	3.25007	3.2781	3.28758
-0.942478	0.0025165	3.88085	3.86444	3.88755	3.90046
-0.942478	0.002524	4.9285	4.91981	4.93622	4.95709
-0.942478	0.0025315	6.48677	6.47833	6.45691	6.50382
-0.942478	0.002539	8.51194	8.48843	8.5079	8.48681
-0.942478	0.0025465	10.929	11.0035	11.0621	10.9962
-0.942478	0.002554	13.5873	13.5868	13.5774	13.5772
-0.837758	0.002464	14.9264	14.6048	15.2601	14.8056
-0.837758	0.0024715	10.8402	10.5795	11.0186	10.681
-0.837758	0.002479	7.85744	7.65926	7.93603	7.70442
-0.837758	0.0024865	5.93387	5.80924	5.96044	5.8249
-0.837758	0.002494	5.04309	4.99883	5.04669	5.00835
-0.837758	0.0025015	4.91567	4.87272	4.93224	4.94898
-0.837758	0.002509	5.14332	5.1124	5.15666	5.18287
-0.837758	0.0025165	5.82585	5.79853	5.84019	5.86987
-0.837758	0.002524	6.93602	6.9195	6.94897	6.98848
-0.837758	0.0025315	8.57164	8.5554	8.59295	8.63552
-0.837758	0.002539	10.7236	10.6855	10.734	10.7165
-0.837758	0.0025465	12.9217	13.1378	13.1047	12.9256
-0.837758	0.002554	15.9191	15.9115	15.9192	15.927
-0.733038	0.002464	14.3375	16.0747	16.9431	16.4141
-0.733038	0.0024715	12.5894	12.2723	12.8733	12.4885
-0.733038	0.002479	9.80478	9.5733	9.96401	9.70778
-0.733038	0.0024865	8.08169	7.94603	8.14843	8.03499
-0.733038	0.002494	7.39424	7.35662	7.38989	7.3983
-0.733038	0.0025015	7.40929	7.35128	7.40528	7.4323
-0.733038	0.002509	7.69798	7.65459	7.7214	7.77491
-0.733038	0.0025165	8.42004	8.41855	8.44025	8.50073
-0.733038	0.002524	9.62293	9.59608	9.64466	9.713
-0.733038	0.0025315	11.335	11.3109	11.3725	11.4463
-0.733038	0.002539	13.6059	13.5774	13.6596	13.7088
-0.733038	0.0025465	15.9088	15.8873	15.923	16.0686
-0.733038	0.002554	18.9894	18.9723	19.0048	19.0295
-0.628319	0.002464	18.8935	18.4109	19.4858	18.9173
-0.628319	0.0024715	15.1913	14.8123	15.5679	15.1665
-0.628319	0.002479	12.5927	12.3302	12.8018	12.563
-0.628319	0.0024865	11.0663	10.9218	11.1438	11.0623
-0.628319	0.002494	10.5769	10.5504	10.5582	10.6227
-0.628319	0.0025015	10.6353	10.5877	10.6295	10.6932
-0.628319	0.002509	11.0605	11.0017	11.06	11.1403
-0.628319	0.0025165	11.8413	11.7964	11.8751	11.9769
-0.628319	0.002524	13.1133	13.0735	13.1499	13.2584
-0.628319	0.0025315	14.9039	14.8658	14.9598	15.0762
-0.628319	0.002539	17.1302	17.2291	17.0849	17.47
-0.628319	0.0025465	19.6572	19.6534	19.6994	19.8425
-0.628319	0.002554	22.9253	22.9103	22.9737	23.0302
-0.523599	0.002464	22.287	21.7133	23.005	22.3791
-0.523599	0.0024715	18.7585	18.3261	19.2191	18.801
-0.523599	0.002479	16.3446	16.0539	16.5934	16.3774
-0.523599	0.0024865	15.0043	14.8544	15.0892	15.0596
-0.523599	0.002494	14.7036	14.6355	14.6632	14.8079
-0.523599	0.0025015	14.7739	14.7106	14.773	14.8899
-0.523599	0.002509	15.2685	15.2249	15.2397	15.3747
-0.523599	0.0025165	16.1741	16.1248	16.165	16.318
-0.523599	0.002524	17.5235	17.4682	17.5808	17.7438
-0.523599	0.0025315	19.391	19.3361	19.4714	19.646
-0.523599	0.002539	21.6728	21.7006	21.5177	21.7095
-0.523599	0.0025465	24.2453	24.2317	24.3115	24.5157
-0.523599	0.002554	27.5903	27.5825	27.6643	27.8727
-0.418879	0.002464	26.764	26.1087	27.6186	26.9562
-0.418879	0.0024715	23.4048	22.9196	23.9448	23.5384
-0.418879	0.002479	21.1619	20.8448	21.4504	21.2791
-0.418879	0.0024865	19.9599	19.796	20.0849	20.1302
-0.418879	0.002494	19.7144	19.6028	19.7568	20.0171
-0.418879	0.0025015	19.8168	19.7304	19.874	20.1291
-0.418879	0.002509	20.3676	20.302	20.3868	20.6615
-0.418879	0.0025165	21.4402	21.2881	21.3657	21.6598
-0.418879	0.002524	22.7947	22.7735	22.8436	23.146
-0.418879	0.0025315	24.8008	24.7752	24.8775	25.1877
-0.418879	0.002539	26.9847	27.1274	27.0156	27.3452
-0.418879	0.0025465	29.8428	29.8242	29.9399	30.2231
-0.418879	0.002554	33.2589	33.2429	33.3678	33.6546
-0.314159	0.002464	32.2909	31.5848	33.4062	32.738
-0.314159	0.0024715	29.0817	28.559	29.8365	29.462
-0.314159	0.002479	26.9686	26.6256	27.4418	27.3499
-0.314159	0.0024865	25.9131	25.7453	26.1076	26.3009
-0.314159	0.002494	25.7615	25.6253	25.8522	26.1929
-0.314159	0.0025015	25.9103	25.8023	25.9944	26.3501
-0.314159	0.002509	26.4819	26.4036	26.5498	26.9264
-0.314159	0.0025165	27.5187	27.4662	27.5819	27.9793
-0.314159	0.002524	29.0469	29.0129	29.1228	29.5275
-0.314159	0.0025315	31.1341	31.0812	31.2343	31.3567
-0.314159	0.002539	33.3312	33.3562	33.3796	33.8203
-0.314159	0.0025465	36.316	36.3419	36.3895	36.8332
-0.314159	0.002554	39.8605	39.8919	39.9621	40.408
-0.20944	0.002464	38.9719	38.1826	40.1738	39.5699
-0.20944	0.0024715	35.8944	35.3183	36.6932	36.4101
-0.20944	0.002479	33.917	33.5477	34.4014	34.4135
-0.20944	0.0024865	33.0017	32.8319	33.2058	33.5308
-0.20944	0.002494	32.9236	32.7607	33.05	33.5102
-0.20944	0.0025015	33.1156	32.9836	33.2342	33.714
-0.20944	0.002509	33.7292	33.6311	33.8267	34.3267
-0.20944	0.0025165	34.8156	34.7462	34.9083	35.4302
-0.20944	0.002524	36.3985	36.3502	36.5083	37.0362
-0.20944	0.0025315	38.5606	38.4992	38.778	39.2503
-0.20944	0.002539	40.7677	40.7879	40.8408	41.4064
-0.20944	0.0025465	43.8104	43.8327	43.9088	44.4788
-0.20944	0.002554	47.4154	47.4427	47.5465	48.1174
-0.10472	0.002464	46.4931	45.6564	48.0095	47.5191
-0.10472	0.0024715	43.5308	42.9306	44.5402	44.4021
-0.10472	0.002479	41.6671	41.2958	42.2477	42.4334
-0.10472	0.0024865	40.8654	40.7144	41.0848	41.5706
-0.10472	0.002494	40.9006	40.7548	41.0227	41.672
-0.10472	0.0025015	41.2094	41.0966	41.2972	41.9668
-0.10472	0.002509	41.9366	41.8616	42.0239	42.7192
-0.10472	0.0025165	43.1477	43.1033	43.2299	43.9505
-0.10472	0.002524	44.8284	44.7401	44.9489	45.6903
-0.10472	0.0025315	46.7675	46.8762	46.8566	47.6331
-0.10472	0.002539	49.2591	49.241	49.4162	50.1275
-0.10472	0.0025465	52.3168	52.3048	52.536	53.2534
-0.10472	0.002554	55.9367	55.931	56.2329	56.9495
1.11022e-16	0.002464	55.1443	54.2272	56.8392	56.4056
1.11022e-16	0.0024715	52.2712	51.6204	53.4017	53.3593
1.11022e-16	0.002479	50.5025	50.1075	51.1533	51.4707
1.11022e-16	0.0024865	49.8019	49.6515	50.0469	50.6973
1.11022e-16	0.002494	49.8927	49.7131	50.0594	50.8734
1.11022e-16	0.0025015	50.2204	50.0634	50.3568	51.1947
1.11022e-16	0.002509	50.9617	50.8425	51.1159	51.9809
1.11022e-16	0.0025165	52.1801	52.0924	52.3594	53.2511
1.11022e-16	0.002524	53.8942	53.8335	54.138	55.0654
1.11022e-16	0.0025315	55.9995	56.026	56.0681	56.9887
1.11022e-16	0.002539	58.5511	58.5685	58.7387	59.6782
1.11022e-16	0.0025465	61.7088	61.6909	61.9609	62.9052
1.11022e-16	0.002554	65.3753	65.3627	65.7449	66.7176
0.10472	0.002464	64.748	63.7876	66.6069	66.2933
0.10472	0.0024715	61.9419	61.2704	63.184	63.2892
0.10472	0.002479	60.2409	59.8397	60.9545	61.4457
0.10472	0.0024865	59.5741	59.3712	59.8722	60.7221
0.10472	0.002494	59.5876	59.3692	59.9225	61.0125
0.10472	0.0025015	59.9284	59.7477	60.3195	61.4289
0.10472	0.002509	60.6943	60.5554	61.0712	62.2395
0.10472	0.0025165	61.9423	61.8378	62.3071	63.5043
0.10472	0.002524	63.6896	63.6145	64.0618	65.3004
0.10472	0.0025315	66.0047	65.9391	66.0281	67.2527
0.10472	0.002539	68.4008	68.4119	68.7009	69.9417
0.10472	0.0025465	71.6075	71.6462	71.9259	73.1695
0.10472	0.002554	75.3772	75.432	75.7226	76.9543
0.20944	0.002464	74.8379	73.8289	77.0407	76.8061
0.20944	0.0024715	72.049	71.3254	73.5953	73.8192
0.20944	0.002479	70.3382	69.888	71.3577	72.0033
0.20944	0.0024865	69.6716	69.4818	70.2812	71.3185
0.20944	0.002494	69.7817	69.5894	70.1779	71.5911
0.20944	0.0025015	70.2164	70.0641	70.5892	71.9926
0.20944	0.002509	71.075	70.9683	71.436	72.8674
0.20944	0.0025165	72.4231	72.3531	72.7726	74.235
0.20944	0.002524	74.2754	74.2316	74.6461	76.0819
0.20944	0.0025315	76.4082	76.5889	76.6837	78.1591
0.20944	0.002539	79.0728	79.0781	79.4244	80.873
0.20944	0.0025465	82.3075	82.3431	82.6772	84.1278
0.20944	0.002554	86.1056	86.1612	86.5038	87.9415
0.314159	0.002464	85.4948	84.4033	88.2336	88.1316
0.314159	0.0024715	82.7178	81.9383	84.7088	85.1299
0.314159	0.002479	81.0265	80.5444	82.3272	83.2302
0.314159	0.0024865	80.3865	80.1867	81.087	82.3984
0.314159	0.002494	80.5298	80.3167	80.9668	82.627
0.314159	0.0025015	80.9731	80.8031	81.4064	83.0315
0.314159	0.002509	81.8407	81.72	82.2599	83.9135
0.314159	0.0025165	83.2005	83.1195	83.6063	85.2915
0.314159	0.002524	85.0665	85.0192	85.4992	87.2303
0.314159	0.0025315	87.2081	87.4822	87.5308	89.2394
0.314159	0.002539	90.0017	90.0538	90.3247	92.0509
0.314159	0.0025465	93.3361	93.4202	93.6649	95.405
0.314159	0.002554	97.2286	97.3416	97.5781	99.3204
0.418879	0.002464	96.436	95.2967	99.4251	99.5442
0.418879	0.0024715	93.6418	92.834	95.7884	96.4101
0.418879	0.002479	91.9362	91.4445	93.3452	94.4302
0.418879	0.0024865	91.285	91.0934	92.0495	93.5652
0.418879	0.002494	91.5046	91.3298	91.8802	93.8224
0.418879	0.0025015	92.0224	91.8932	92.4215	94.3315
0.418879	0.002509	92.9651	92.8884	93.3503	95.2903
0.418879	0.0025165	94.4044	94.3696	94.7761	96.7463
0.418879	0.002524	96.3287	96.2749	96.7583	98.7622
0.418879	0.0025315	98.473	98.7417	98.8429	100.779
0.418879	0.002539	101.272	101.324	101.64	103.594
0.418879	0.0025465	104.613	104.699	104.986	106.953
0.418879	0.002554	108.513	108.59	108.906	110.874
0.523599	0.002464	107.54	106.317	110.811	111.008
0.523599	0.0024715	104.7	103.832	107.065	107.8
0.523599	0.002479	102.956	102.427	104.527	105.758
0.523599	0.0024865	102.275	102.066	103.151	104.841
0.523599	0.002494	102.511	102.324	102.913	105.055
0.523599	0.0025015	103.016	102.878	103.471	105.611
0.523599	0.002509	103.949	103.867	104.385	106.556
0.523599	0.0025165	105.379	105.307	105.798	107.999
0.523599	0.002524	107.284	107.222	107.767	110.003
0.523599	0.0025315	109.534	109.658	109.857	112.077
0.523599	0.002539	112.333	112.496	112.728	114.966
0.523599	0.0025465	115.691	115.757	116.15	118.401
0.523599	0.002554	119.607	119.669	120.14	122.4
0.628319	0.002464	118.538	117.267	122.036	122.345
0.628319	0.0024715	115.62	114.721	118.164	119.032
0.628319	0.002479	113.804	113.258	115.509	116.89
0.628319	0.0024865	113.054	112.843	114.02	115.88
0.628319	0.002494	113.261	113.051	113.672	116.001
0.628319	0.0025015	113.736	113.54	114.279	116.699
0.628319	0.002509	114.616	114.49	115.246	117.698
0.628319	0.0025165	115.974	115.872	116.714	119.198
0.628319	0.002524	117.829	117.766	118.74	121.221
0.628319	0.0025315	120.212	120.181	120.833	123.279
0.628319	0.002539	123.158	122.882	123.65	126.147
0.628319	0.0025465	126.182	126.254	126.993	129.561
0.628319	0.002554	130.078	130.181	130.901	133.537
0.733038	0.002464	129.075	127.784	132.954	133.308
0.733038	0.0024715	126.034	125.081	128.913	129.857
0.733038	0.002479	124.058	123.429	126.103	127.591
0.733038	0.0024865	123.115	122.794	124.475	126.465
0.733038	0.002494	123.154	122.96	123.995	126.472
0.733038	0.0025015	123.635	123.493	124.574	127.209
0.733038	0.002509	124.559	124.485	125.445	128.171
0.733038	0.0025165	125.96	125.916	126.815	129.633
0.733038	0.002524	127.86	127.856	128.707	131.595
0.733038	0.0025315	130.287	130.317	131.05	133.733
0.733038	0.002539	133.455	133.357	133.708	136.591
0.733038	0.0025465	136.355	136.436	137.1	139.995
0.733038	0.002554	140.219	140.332	141.059	143.932
0.837758	0.002464	138.92	137.548	143.325	143.746
0.837758	0.0024715	135.744	134.728	139.103	140.13
0.837758	0.002479	133.644	132.967	136.121	137.706
0.837758	0.0024865	132.585	132.23	134.327	136.427
0.837758	0.002494	132.538	132.363	133.682	136.276
0.837758	0.0025015	132.993	132.853	133.993	136.952
0.837758	0.002509	133.894	133.799	134.802	137.814
0.837758	0.0025165	135.229	135.191	136.122	139.167
0.837758	0.002524	137.081	137.086	137.961	141.043
0.837758	0.0025315	139.458	139.5	140.397	143.15
0.837758	0.002539	142.121	142.493	142.882	145.961
0.837758	0.0025465	145.463	145.61	146.227	149.317
0.837758	0.002554	149.364	149.554	150.139	153.236
0.942478	0.002464	147.827	146.411	152.785	153.201
0.942478	0.0024715	144.491	143.439	148.338	149.387
0.942478	0.002479	142.235	141.531	145.146	146.776
0.942478	0.0024865	141.025	140.652	143.134	145.323
0.942478	0.002494	140.831	140.753	142.118	144.876
0.942478	0.0025015	141.342	141.266	142.206	145.366
0.942478	0.002509	142.261	142.235	143.069	146.297
0.942478	0.0025165	143.625	143.654	144.41	147.673
0.942478	0.002524	145.5	145.517	146.269	149.569
0.942478	0.0025315	147.814	147.871	148.711	152.046
0.942478	0.002539	150.716	150.782	151.221	154.473
0.942478	0.0025465	153.724	154.189	154.506	157.77
0.942478	0.002554	157.566	157.835	158.358	161.628
1.0472	0.002464	155.758	154.266	161.345	161.75
1.0472	0.0024715	152.233	151.117	156.603	157.709
1.0472	0.002479	149.797	149.041	153.083	154.861
1.0472	0.0024865	148.416	148	150.735	153.041
1.0472	0.002494	148.057	147.964	149.517	152.316
1.0472	0.0025015	148.516	148.452	149.401	152.691
1.0472	0.002509	149.368	149.356	150.196	153.566
1.0472	0.0025165	150.67	150.714	151.466	154.871
1.0472	0.002524	152.476	152.566	153.251	156.692
1.0472	0.0025315	154.802	154.932	155.6	159.089
1.0472	0.002539	157.698	157.841	158.12	161.563
1.0472	0.0025465	160.763	161.013	161.421	164.876
1.0472	0.002554	164.621	164.966	165.288	168.751
1.15192	0.002464	162.607	161.044	168.544	169.07
1.15192	0.0024715	158.868	157.69	163.539	164.706
1.15192	0.002479	156.228	155.418	159.771	161.527
1.15192	0.0024865	154.651	154.189	157.188	159.486
1.15192	0.002494	154.104	153.972	155.746	158.547
1.15192	0.0025015	154.479	154.429	155.41	158.695
1.15192	0.002509	155.254	155.259	156.09	159.57
1.15192	0.0025165	156.486	156.569	157.281	160.795
1.15192	0.002524	158.214	158.323	158.983	162.532
1.15192	0.0025315	160.458	160.609	161.226	164.838
1.15192	0.002539	163.247	163.432	163.717	167.271
1.15192	0.0025465	166.288	167.054	166.936	170.504
1.15192	0.002554	170.065	170.478	170.723	174.298
1.25664	0.002464	168.175	166.546	174.454	174.894
1.25664	0.0024715	164.2	162.963	169.169	170.265
1.25664	0.002479	161.334	160.47	165.135	166.833
1.25664	0.0024865	159.539	159.029	162.298	164.549
1.25664	0.002494	158.782	158.607	160.613	163.376
1.25664	0.0025015	159.033	159.001	160.041	163.286
1.25664	0.002509	159.727	159.751	160.581	164.111
1.25664	0.0025165	160.917	160.973	161.662	165.25
1.25664	0.002524	162.523	162.652	163.273	166.896
1.25664	0.0025315	164.678	164.85	165.42	169.081
1.25664	0.002539	167.371	167.58	167.859	171.489
1.25664	0.0025465	170.361	170.963	170.988	174.633
1.25664	0.002554	174.048	174.522	174.684	178.338
1.36136	0.002464	172.302	170.614	178.908	179.235
1.36136	0.0024715	168.073	166.781	173.33	174.325
1.36136	0.002479	164.962	164.046	169.016	170.622
1.36136	0.0024865	162.931	162.372	165.912	168.079
1.36136	0.002494	161.946	161.724	163.969	166.654
1.36136	0.0025015	161.976	162.015	163.147	166.315
1.36136	0.002509	162.635	162.68	163.428	167.062
1.36136	0.0025165	163.715	163.811	164.46	168.085
1.36136	0.002524	165.257	165.407	165.977	169.636
1.36136	0.0025315	167.317	167.512	168.023	171.718
1.36136	0.002539	169.91	170.161	170.654	174.073
1.36136	0.0025465	173.092	173.384	173.437	177.122
1.36136	0.002554	176.433	176.955	177.036	180.75
1.46608	0.002464	174.876	173.141	181.787	181.98
1.46608	0.0024715	170.379	169.039	175.908	176.776
1.46608	0.002479	167.009	166.045	171.306	172.79
1.46608	0.0024865	164.728	164.121	167.925	169.975
1.46608	0.002494	163.5	163.229	165.715	168.286
1.46608	0.0025015	163.293	163.339	164.634	167.688
1.46608	0.002509	163.88	163.946	164.649	168.17
1.46608	0.0025165	164.867	164.986	165.582	169.205
1.46608	0.002524	166.322	166.516	167.002	170.659
1.46608	0.0025315	168.285	168.502	168.946	172.636
1.46608	0.002539	170.774	171.064	171.442	175.197
1.46608	0.0025465	173.821	174.111	174.197	177.884
1.46608	0.002554	177.451	177.692	177.695	181.423
1.5708	0.002464	175.84	174.07	183.028	183.07
1.5708	0.0024715	171.066	169.688	176.846	177.565
1.5708	0.002479	167.429	166.422	171.952	173.289
1.5708	0.0024865	164.888	164.234	168.29	170.194
1.5708	0.002494	163.406	163.087	165.808	168.232
1.5708	0.0025015	162.952	162.947	164.462	167.367
1.5708	0.002509	163.422	163.509	164.214	167.572
1.5708	0.0025165	164.317	164.458	165.009	168.573
1.5708	0.002524	165.701	165.887	166.315	169.931
1.5708	0.0025315	167.549	167.787	168.156	171.805
1.5708	0.002539	169.936	170.249	170.543	174.228
1.5708	0.0025465	172.872	173.189	173.559	176.894
1.5708	0.002554	176.39	176.68	176.638	180.329
1.67552	0.002464	175.198	173.407	182.627	182.507
1.67552	0.0024715	170.142	168.736	176.145	176.699
1.67552	0.002479	166.232	165.19	170.961	172.131
1.67552	0.0024865	163.426	162.731	167.018	168.751
1.67552	0.002494	161.686	161.32	164.264	166.514
1.67552	0.0025015	160.978	160.922	162.652	165.38
1.67552	0.002509	161.275	161.389	162.143	165.314
1.67552	0.0025165	162.088	162.249	162.715	166.234
1.67552	0.002524	163.375	163.584	163.943	167.481
1.67552	0.0025315	165.138	165.395	165.686	169.256
1.67552	0.002539	167.425	167.746	167.966	171.571
1.67552	0.0025465	170.254	170.648	170.823	174.501
1.67552	0.002554	173.666	174.03	173.902	177.507
1.78024	0.002464	173.006	171.211	180.634	180.349
1.78024	0.0024715	167.67	166.248	173.862	174.241
1.78024	0.002479	163.487	162.42	168.395	169.383
1.78024	0.0024865	160.415	159.685	164.177	165.723
1.78024	0.002494	158.416	158.007	161.156	163.211
1.78024	0.0025015	157.454	157.348	159.283	161.808
1.78024	0.002509	157.5	157.665	158.516	161.476
1.78024	0.0025165	158.262	158.441	158.824	162.199
1.78024	0.002524	159.46	159.687	159.995	163.398
1.78024	0.0025315	161.162	161.428	161.622	165.081
1.78024	0.002539	163.331	163.643	163.802	167.293
1.78024	0.0025465	166.057	166.47	166.541	170.079
1.78024	0.002554	169.348	169.851	169.584	173.068
1.88496	0.002464	169.375	167.594	177.156	176.707
1.88496	0.0024715	163.764	162.342	170.106	170.31
1.88496	0.002479	159.313	158.232	164.369	165.169
1.88496	0.0024865	155.979	155.224	159.888	161.234
1.88496	0.002494	153.725	153.278	156.609	158.454
1.88496	0.0025015	152.513	152.359	154.483	156.788
1.88496	0.002509	152.312	152.435	153.466	156.197
1.88496	0.0025165	152.974	153.167	153.524	156.652
1.88496	0.002524	154.091	154.331	154.553	157.849
1.88496	0.0025315	155.701	155.982	156.107	159.422
1.88496	0.002539	157.794	158.117	158.195	161.542
1.88496	0.0025465	160.426	160.813	160.833	164.214
1.88496	0.002554	163.613	164.091	164.073	167.177
1.98968	0.002464	164.459	162.712	172.342	171.705
1.98968	0.0024715	158.584	157.176	165.033	165.018
1.98968	0.002479	153.873	152.791	159.043	159.646
1.98968	0.0024865	150.287	149.515	154.313	155.455
1.98968	0.002494	147.784	147.307	150.79	152.418
1.98968	0.0025015	146.329	146.132	148.424	150.499
1.98968	0.002509	145.889	145.956	147.17	149.658
1.98968	0.0025165	146.404	146.607	146.99	149.861
1.98968	0.002524	147.449	147.697	147.842	150.962
1.98968	0.0025315	148.979	149.269	149.325	152.471
1.98968	0.002539	150.998	151.35	151.331	154.507
1.98968	0.0025465	153.545	153.907	153.877	157.086
1.98968	0.002554	156.638	157.076	156.995	160.264
2.0944	0.002464	158.447	156.753	166.295	165.334
2.0944	0.0024715	152.32	150.945	158.692	158.379
2.0944	0.002479	147.364	146.295	152.467	152.745
2.0944	0.0024865	143.537	142.76	147.557	148.373
2.0944	0.002494	140.798	140.299	143.9	145.21
2.0944	0.0025015	139.111	138.877	141.31	143.151
2.0944	0.002509	138.441	138.459	139.834	142.073
2.0944	0.0025165	138.76	138.974	139.433	142.04
2.0944	0.002524	139.748	140	140.075	143.001
2.0944	0.0025315	141.211	141.502	141.507	144.575
2.0944	0.002539	143.118	143.405	143.427	146.47
2.0944	0.0025465	145.47	145.793	145.866	148.859
2.0944	0.002554	148.375	148.817	148.786	151.811
2.19911	0.002464	151.49	149.831	159.084	158.011
2.19911	0.0024715	145.106	143.75	151.264	150.809
2.19911	0.002479	139.9	138.835	144.824	144.933
2.19911	0.0024865	135.83	135.042	139.701	140.325
2.19911	0.002494	132.855	132.332	135.834	136.928
2.19911	0.0025015	130.937	130.666	133.17	134.693
2.19911	0.002509	130.041	130.009	131.576	133.575
2.19911	0.0025165	130.137	130.32	130.956	133.315
2.19911	0.002524	130.971	131.187	131.379	134.069
2.19911	0.0025315	132.272	132.526	132.638	135.372
2.19911	0.002539	134.068	134.355	134.397	137.153
2.19911	0.0025465	136.36	136.68	136.687	139.472
2.19911	0.002554	139.192	139.538	139.53	142.344
2.30383	0.002464	143.478	141.913	150.984	149.756
2.30383	0.0024715	136.88	135.591	142.92	142.297
2.30383	0.002479	131.463	130.44	136.246	136.173
2.30383	0.0024865	127.184	126.416	130.897	131.325
2.30383	0.002494	124.003	123.479	126.811	127.696
2.30383	0.0025015	121.882	121.591	123.934	125.235
2.30383	0.002509	120.784	120.716	122.214	123.895
2.30383	0.0025165	120.679	120.821	121.588	123.635
2.30383	0.002524	121.435	121.648	121.822	124.231
2.30383	0.0025315	122.688	122.936	122.991	125.504
2.30383	0.002539	124.429	124.71	124.715	127.238
2.30383	0.0025465	126.688	126.994	126.933	129.498
2.30383	0.002554	129.437	129.747	129.709	132.302
2.40855	0.002464	135.002	133.422	142.038	140.751
2.40855	0.0024715	128.193	126.815	133.817	133.097
2.40855	0.002479	122.516	121.432	126.983	126.78
2.40855	0.0024865	118.029	117.225	121.472	121.74
2.40855	0.002494	114.686	114.15	117.224	117.92
2.40855	0.0025015	112.444	112.164	114.181	115.268
2.40855	0.002509	111.185	111.087	112.294	113.738
2.40855	0.0025165	110.897	110.993	111.515	113.287
2.40855	0.002524	111.502	111.677	111.807	113.882
2.40855	0.0025315	112.608	112.816	112.983	115.231
2.40855	0.002539	114.198	114.436	114.55	116.851
2.40855	0.0025465	116.293	116.558	116.618	118.936
2.40855	0.002554	118.892	119.182	119.228	121.572
2.51327	0.002464	125.891	124.283	132.767	131.377
2.51327	0.0024715	118.772	117.45	124.363	123.521
2.51327	0.002479	112.897	111.847	117.353	117.007
2.51327	0.0024865	108.215	107.427	111.67	111.775
2.51327	0.002494	104.682	104.144	107.252	107.767
2.51327	0.0025015	102.254	101.954	104.044	104.932
2.51327	0.002509	100.893	100.817	101.993	103.221
2.51327	0.0025165	100.524	100.577	101.051	102.59
2.51327	0.002524	101.006	101.174	101.179	103.003
2.51327	0.0025315	102.083	102.28	102.25	104.209
2.51327	0.002539	103.638	103.863	103.842	105.832
2.51327	0.0025465	105.693	105.943	105.934	107.943
2.51327	0.002554	108.472	108.559	108.534	110.605
2.61799	0.002464	116.288	114.821	122.935	121.547
2.61799	0.0024715	109.023	107.806	114.439	113.554
2.61799	0.002479	103	102.025	107.33	106.902
2.61799	0.0024865	98.1705	97.429	101.543	101.53
2.61799	0.002494	94.4889	93.9709	97.0158	97.3806
2.61799	0.0025015	91.9122	91.6081	93.6926	94.4015
2.61799	0.002509	90.4006	90.3008	91.5215	92.5444
2.61799	0.0025165	89.9181	90.0124	90.4556	91.7659
2.61799	0.002524	90.4326	90.6655	90.4536	92.0281
2.61799	0.0025315	91.5369	91.7989	91.4412	93.1783
2.61799	0.002539	93.0661	93.2496	93.0066	94.7716
2.61799	0.0025465	94.9785	95.1844	95.0953	96.8587
2.61799	0.002554	97.4089	97.6334	97.5912	99.385
2.72271	0.002464	106.797	105.442	113.237	111.782
2.72271	0.0024715	99.3771	98.2473	104.664	103.641
2.72271	0.002479	93.2029	92.2911	97.4386	96.8787
2.72271	0.0024865	88.2251	87.5237	91.5358	91.4021
2.72271	0.002494	84.3973	83.8983	86.8937	87.1155
2.72271	0.0025015	81.6762	81.3712	83.4551	84.0001
2.72271	0.002509	80.0214	79.9017	81.1679	82.0068
2.72271	0.0025165	79.3962	79.4528	79.9844	81.0916
2.72271	0.002524	79.7677	79.9597	79.8624	81.2153
2.72271	0.0025315	80.7483	80.9637	80.7249	82.2318
2.72271	0.002539	82.1999	82.4422	82.1584	83.6915
2.72271	0.0025465	84.1482	84.4142	84.1019	85.6669
2.72271	0.002554	86.6525	86.9148	86.549	88.1256
2.82743	0.002464	97.2208	96.0304	103.319	101.803
2.82743	0.0024715	89.7077	88.7073	94.6098	93.5449
2.82743	0.002479	83.4373	82.6223	87.3242	86.668
2.82743	0.0024865	78.3603	77.7257	81.3928	81.1066
2.82743	0.002494	74.4304	73.9709	76.7504	76.7994
2.82743	0.0025015	71.6042	71.314	73.3276	73.6899
2.82743	0.002509	69.8417	69.7145	70.9691	71.6437
2.82743	0.0025165	69.106	69.1352	69.7072	70.6249
2.82743	0.002524	69.3642	69.5412	69.5	70.6408
2.82743	0.0025315	70.3384	70.5337	70.2951	71.5971
2.82743	0.002539	71.7782	71.9974	71.7177	73.0445
2.82743	0.0025465	73.7104	73.9507	73.6437	74.9969
2.82743	0.002554	76.0784	76.3142	76.0757	77.4442
2.93215	0.002464	88.1613	87.1425	93.585	92.1546
2.93215	0.0024715	80.5824	79.7149	84.8781	83.8511
2.93215	0.002479	74.2362	73.503	77.5831	76.9211
2.93215	0.0024865	69.0578	68.4818	71.6311	71.2994
2.93215	0.002494	65.0268	64.6039	66.958	66.9256
2.93215	0.0025015	62.0994	61.825	63.5043	63.7435
2.93215	0.002509	60.2349	60.104	61.2154	61.7016
2.93215	0.0025165	59.3961	59.4033	60.0103	60.7532
2.93215	0.002524	59.5497	59.6861	59.7266	60.6857
2.93215	0.0025315	60.405	60.558	60.4302	61.5265
2.93215	0.002539	61.7229	61.8973	61.7314	62.8505
2.93215	0.0025465	63.5289	63.7222	63.53	64.6783
2.93215	0.002554	65.8455	66.055	65.8624	67.0091
3.03687	0.002464	79.3401	78.4604	84.4013	83.0102
3.03687	0.0024715	71.6836	70.879	75.6681	74.6497
3.03687	0.002479	65.2652	64.5493	68.344	67.6615
3.03687	0.0024865	60.0077	59.4453	62.3596	61.9801
3.03687	0.002494	55.9253	55.5167	57.6503	57.5445
3.03687	0.0025015	52.9597	52.7137	54.1567	54.2981
3.03687	0.002509	51.0296	50.9051	51.8248	52.1891
3.03687	0.0025165	50.1209	50.1145	50.6032	51.1703
3.03687	0.002524	50.2004	50.3081	50.3909	51.1801
3.03687	0.0025315	51.0474	51.1805	51.0579	51.977
3.03687	0.002539	52.3629	52.5144	52.3582	53.2984
3.03687	0.0025465	54.1633	54.3311	54.1518	55.1196
3.03687	0.002554	56.47	56.6517	56.469	57.6399
3.14159	0.002464	71.1271	70.2623	75.6031	74.3392
3.14159	0.0024715	63.3395	62.6023	66.93	65.991
3.14159	0.002479	56.8273	56.2177	59.651	59.0045
3.14159	0.0024865	51.5377	51.0552	53.6978	53.315
3.14159	0.002494	47.4207	47.0646	49.007	48.8623
3.14159	0.0025015	44.4299	44.1989	45.5198	45.5905
3.14159	0.002509	42.5223	42.4144	43.1822	43.4484
3.14159	0.0025165	41.6587	41.671	41.9464	42.3894
3.14159	0.002524	41.7747	41.8564	41.7669	42.3718
3.14159	0.0025315	42.6129	42.7245	42.5634	43.2857
3.14159	0.002539	43.8374	43.951	43.8965	44.6543
3.14159	0.0025465	45.5184	45.6462	45.5742	46.3723
3.14159	0.002554	47.7015	47.8413	47.7727	48.5896
