
# Surface 0 of 1 surfaces

# Curve title: "file u (getx($1)):(gety($2)):(sqrt(column(c)))"

# Contour 0, label:        3
 0.553793 -2.09439  3 
 0.5535 -2.11679  3 
 0.552044 -2.19911  3 
 0.549445 -2.30383  3 
 0.545773 -2.40855  3 
 0.545 -2.42533  3 
 0.5365 -2.50885  3 
 0.534481 -2.51327  3 
 0.528 -2.52559  3 
 0.5195 -2.52485  3 
 0.511 -2.52179  3 
 0.5025 -2.51779  3 
 0.499021 -2.51327  3 
 0.494 -2.50605  3 
 0.4855 -2.47191  3 
 0.480303 -2.40855  3 
 0.477 -2.35504  3 
 0.475349 -2.30383  3 
 0.472941 -2.19911  3 
 0.47144 -2.09439  3 
 0.470552 -1.98967  3 
 0.470043 -1.88495  3 
 0.46979 -1.78023  3 
 0.469693 -1.67551  3 
 0.469699 -1.5708  3 
 0.469808 -1.46608  3 
 0.470041 -1.36136  3 
 0.470452 -1.25664  3 
 0.471199 -1.15192  3 
 0.472494 -1.0472  3 
 0.474587 -0.942477  3 
 0.477 -0.86153  3 
 0.478241 -0.837757  3 
 0.4855 -0.735585  3 
 0.486002 -0.733038  3 
 0.494 -0.698082  3 
 0.5025 -0.68542  3 
 0.511 -0.680262  3 
 0.5195 -0.6775  3 
 0.528 -0.680646  3 
 0.5365 -0.704415  3 
 0.539629 -0.733038  3 
 0.545 -0.795426  3 
 0.546813 -0.837757  3 
 0.550128 -0.942477  3 
 0.552352 -1.0472  3 
 0.5535 -1.12753  3 
 0.553767 -1.15192  3 
 0.554593 -1.25664  3 
 0.555127 -1.36136  3 
 0.555443 -1.46608  3 
 0.555591 -1.5708  3 
 0.555531 -1.67551  3 
 0.555413 -1.78023  3 
 0.555151 -1.88495  3 
 0.554654 -1.98967  3 
 0.553793 -2.09439  3 


# Contour 1, label:        2
 0.546436 -1.98967  2 
 0.545 -2.08522  2 
 0.544771 -2.09439  2 
 0.540632 -2.19911  2 
 0.5365 -2.2693  2 
 0.528972 -2.30383  2 
 0.528 -2.3076  2 
 0.524418 -2.30383  2 
 0.5195 -2.29783  2 
 0.511 -2.29317  2 
 0.5025 -2.2936  2 
 0.494 -2.27726  2 
 0.4855 -2.21051  2 
 0.484956 -2.19911  2 
 0.481498 -2.09439  2 
 0.479525 -1.98967  2 
 0.478446 -1.88495  2 
 0.477914 -1.78023  2 
 0.477711 -1.67551  2 
 0.477707 -1.5708  2 
 0.477875 -1.46608  2 
 0.478177 -1.36136  2 
 0.478935 -1.25664  2 
 0.48046 -1.15192  2 
 0.483209 -1.0472  2 
 0.4855 -0.990703  2 
 0.49031 -0.942477  2 
 0.494 -0.915202  2 
 0.5025 -0.894828  2 
 0.511 -0.893397  2 
 0.5195 -0.892341  2 
 0.528 -0.888493  2 
 0.5365 -0.930589  2 
 0.537278 -0.942477  2 
 0.5423 -1.0472  2 
 0.545 -1.13813  2 
 0.54525 -1.15192  2 
 0.546635 -1.25664  2 
 0.547495 -1.36136  2 
 0.54798 -1.46608  2 
 0.548184 -1.5708  2 
 0.548006 -1.67551  2 
 0.547785 -1.78023  2 
 0.547318 -1.88495  2 
 0.546436 -1.98967  2 


# Contour 2, label:     1.96
 0.546097 -1.98967  1.96 
 0.545 -2.06265  1.96 
 0.544209 -2.09439  1.96 
 0.539992 -2.19911  1.96 
 0.5365 -2.25842  1.96 
 0.528 -2.29778  1.96 
 0.5195 -2.28718  1.96 
 0.511 -2.28198  1.96 
 0.5025 -2.28265  1.96 
 0.494 -2.2663  1.96 
 0.485584 -2.19911  1.96 
 0.4855 -2.19816  1.96 
 0.48202 -2.09439  1.96 
 0.480011 -1.98967  1.96 
 0.478908 -1.88495  1.96 
 0.478363 -1.78023  1.96 
 0.478155 -1.67551  1.96 
 0.478139 -1.5708  1.96 
 0.4783 -1.46608  1.96 
 0.47861 -1.36136  1.96 
 0.479385 -1.25664  1.96 
 0.480941 -1.15192  1.96 
 0.483736 -1.0472  1.96 
 0.4855 -1.0037  1.96 
 0.491606 -0.942477  1.96 
 0.494 -0.92478  1.96 
 0.5025 -0.904275  1.96 
 0.511 -0.902973  1.96 
 0.5195 -0.901756  1.96 
 0.528 -0.897681  1.96 
 0.5365 -0.940452  1.96 
 0.536632 -0.942477  1.96 
 0.541738 -1.0472  1.96 
 0.544864 -1.15192  1.96 
 0.545 -1.15858  1.96 
 0.546308 -1.25664  1.96 
 0.547178 -1.36136  1.96 
 0.547668 -1.46608  1.96 
 0.547875 -1.5708  1.96 
 0.547692 -1.67551  1.96 
 0.547466 -1.78023  1.96 
 0.546992 -1.88495  1.96 
 0.546097 -1.98967  1.96 


# Contour 3, label:     1.65
 0.545218 -1.67551  1.645 
 0.545 -1.76187  1.645 
 0.544938 -1.78023  1.645 
 0.544201 -1.88495  1.645 
 0.542692 -1.98967  1.645 
 0.539782 -2.09439  1.645 
 0.5365 -2.1684  1.645 
 0.531552 -2.19911  1.645 
 0.528 -2.21696  1.645 
 0.5195 -2.20325  1.645 
 0.515645 -2.19911  1.645 
 0.511 -2.19273  1.645 
 0.5025 -2.19581  1.645 
 0.494 -2.17545  1.645 
 0.486926 -2.09439  1.645 
 0.4855 -2.06716  1.645 
 0.483833 -1.98967  1.645 
 0.482546 -1.88495  1.645 
 0.4819 -1.78023  1.645 
 0.481651 -1.67551  1.645 
 0.481536 -1.5708  1.645 
 0.481645 -1.46608  1.645 
 0.482016 -1.36136  1.645 
 0.482932 -1.25664  1.645 
 0.484731 -1.15192  1.645 
 0.4855 -1.12461  1.645 
 0.490609 -1.0472  1.645 
 0.494 -1.01236  1.645 
 0.5025 -0.985343  1.645 
 0.511 -0.984687  1.645 
 0.5195 -0.980726  1.645 
 0.528 -0.973739  1.645 
 0.5365 -1.03062  1.645 
 0.537311 -1.0472  1.645 
 0.540926 -1.15192  1.645 
 0.543264 -1.25664  1.645 
 0.544593 -1.36136  1.645 
 0.545 -1.42292  1.645 
 0.545217 -1.46608  1.645 
 0.545437 -1.5708  1.645 
 0.545218 -1.67551  1.645 


# Contour 4, label:        1
 0.536923 -1.88495  1 
 0.5365 -1.90623  1 
 0.530952 -1.98967  1 
 0.528 -2.01726  1 
 0.522304 -1.98967  1 
 0.5195 -1.96902  1 
 0.511 -1.9121  1 
 0.5025 -1.92479  1 
 0.495185 -1.88495  1 
 0.494 -1.87366  1 
 0.492226 -1.78023  1 
 0.491109 -1.67551  1 
 0.490545 -1.5708  1 
 0.490616 -1.46608  1 
 0.491599 -1.36136  1 
 0.494 -1.26168  1 
 0.494525 -1.25664  1 
 0.5025 -1.21017  1 
 0.511 -1.20673  1 
 0.5195 -1.18208  1 
 0.528 -1.15768  1 
 0.535403 -1.25664  1 
 0.5365 -1.27946  1 
 0.538003 -1.36136  1 
 0.539056 -1.46608  1 
 0.539444 -1.5708  1 
 0.538982 -1.67551  1 
 0.538119 -1.78023  1 
 0.536923 -1.88495  1 

