
# Surface 0 of 1 surfaces

# Curve title: "file u (getx($1)):(gety($2)):(sqrt(column(c)))"

# Contour 0, label:        3
 0.553729 -2.09439  3 
 0.5535 -2.11173  3 
 0.551944 -2.19911  3 
 0.549333 -2.30383  3 
 0.545582 -2.40855  3 
 0.545 -2.42098  3 
 0.5365 -2.50411  3 
 0.532738 -2.51327  3 
 0.528 -2.52335  3 
 0.5195 -2.5231  3 
 0.511 -2.52032  3 
 0.5025 -2.51647  3 
 0.499999 -2.51327  3 
 0.494 -2.50477  3 
 0.4855 -2.47015  3 
 0.480371 -2.40855  3 
 0.477 -2.35471  3 
 0.475342 -2.30383  3 
 0.472929 -2.19911  3 
 0.47141 -2.09439  3 
 0.470528 -1.98967  3 
 0.470028 -1.88495  3 
 0.469785 -1.78023  3 
 0.469691 -1.67551  3 
 0.469704 -1.5708  3 
 0.469816 -1.46608  3 
 0.470049 -1.36136  3 
 0.470458 -1.25664  3 
 0.471198 -1.15192  3 
 0.472488 -1.0472  3 
 0.474579 -0.942477  3 
 0.477 -0.861437  3 
 0.478236 -0.837757  3 
 0.4855 -0.735764  3 
 0.486042 -0.733038  3 
 0.494 -0.698621  3 
 0.5025 -0.685239  3 
 0.511 -0.680713  3 
 0.5195 -0.678661  3 
 0.528 -0.682867  3 
 0.5365 -0.708044  3 
 0.539199 -0.733038  3 
 0.545 -0.801082  3 
 0.546581 -0.837757  3 
 0.549947 -0.942477  3 
 0.552218 -1.0472  3 
 0.5535 -1.1353  3 
 0.553686 -1.15192  3 
 0.554538 -1.25664  3 
 0.555094 -1.36136  3 
 0.555428 -1.46608  3 
 0.555589 -1.5708  3 
 0.555504 -1.67551  3 
 0.555424 -1.78023  3 
 0.555161 -1.88495  3 
 0.554657 -1.98967  3 
 0.553729 -2.09439  3 


# Contour 1, label:        2
 0.546438 -1.98967  2 
 0.545 -2.08199  2 
 0.544681 -2.09439  2 
 0.540511 -2.19911  2 
 0.5365 -2.26712  2 
 0.528593 -2.30383  2 
 0.528 -2.30617  2 
 0.525666 -2.30383  2 
 0.5195 -2.2967  2 
 0.511 -2.2924  2 
 0.5025 -2.29298  2 
 0.494 -2.2768  2 
 0.4855 -2.2105  2 
 0.484954 -2.19911  2 
 0.481465 -2.09439  2 
 0.479491 -1.98967  2 
 0.478428 -1.88495  2 
 0.477914 -1.78023  2 
 0.477725 -1.67551  2 
 0.47773 -1.5708  2 
 0.477901 -1.46608  2 
 0.478196 -1.36136  2 
 0.47894 -1.25664  2 
 0.480446 -1.15192  2 
 0.483175 -1.0472  2 
 0.4855 -0.989653  2 
 0.490079 -0.942477  2 
 0.494 -0.91286  2 
 0.5025 -0.892903  2 
 0.511 -0.891999  2 
 0.5195 -0.891518  2 
 0.528 -0.888987  2 
 0.5365 -0.933104  2 
 0.53711 -0.942477  2 
 0.542144 -1.0472  2 
 0.545 -1.14318  2 
 0.54516 -1.15192  2 
 0.546572 -1.25664  2 
 0.547457 -1.36136  2 
 0.547961 -1.46608  2 
 0.548182 -1.5708  2 
 0.547985 -1.67551  2 
 0.547797 -1.78023  2 
 0.547329 -1.88495  2 
 0.546438 -1.98967  2 


# Contour 2, label:     1.96
 0.546099 -1.98967  1.96 
 0.545 -2.06023  1.96 
 0.54412 -2.09439  1.96 
 0.539873 -2.19911  1.96 
 0.5365 -2.25631  1.96 
 0.528 -2.29622  1.96 
 0.5195 -2.28611  1.96 
 0.511 -2.28126  1.96 
 0.5025 -2.28208  1.96 
 0.494 -2.26588  1.96 
 0.485579 -2.19911  1.96 
 0.4855 -2.19823  1.96 
 0.481988 -2.09439  1.96 
 0.479976 -1.98967  1.96 
 0.47889 -1.88495  1.96 
 0.478363 -1.78023  1.96 
 0.47817 -1.67551  1.96 
 0.478162 -1.5708  1.96 
 0.478326 -1.46608  1.96 
 0.478629 -1.36136  1.96 
 0.47939 -1.25664  1.96 
 0.480926 -1.15192  1.96 
 0.483701 -1.0472  1.96 
 0.4855 -1.00266  1.96 
 0.491341 -0.942477  1.96 
 0.494 -0.922397  1.96 
 0.5025 -0.902295  1.96 
 0.511 -0.901512  1.96 
 0.5195 -0.900754  1.96 
 0.528 -0.898109  1.96 
 0.536427 -0.942477  1.96 
 0.5365 -0.942959  1.96 
 0.541587 -1.0472  1.96 
 0.544736 -1.15192  1.96 
 0.545 -1.16478  1.96 
 0.546245 -1.25664  1.96 
 0.54714 -1.36136  1.96 
 0.54765 -1.46608  1.96 
 0.547872 -1.5708  1.96 
 0.547671 -1.67551  1.96 
 0.547478 -1.78023  1.96 
 0.547003 -1.88495  1.96 
 0.546099 -1.98967  1.96 


# Contour 3, label:     1.65
 0.545197 -1.67551  1.645 
 0.545 -1.76467  1.645 
 0.544954 -1.78023  1.645 
 0.544216 -1.88495  1.645 
 0.542694 -1.98967  1.645 
 0.539708 -2.09439  1.645 
 0.5365 -2.16652  1.645 
 0.531286 -2.19911  1.645 
 0.528 -2.21577  1.645 
 0.5195 -2.20271  1.645 
 0.51606 -2.19911  1.645 
 0.511 -2.19234  1.645 
 0.5025 -2.19557  1.645 
 0.494 -2.17536  1.645 
 0.486876 -2.09439  1.645 
 0.4855 -2.06839  1.645 
 0.483798 -1.98967  1.645 
 0.482527 -1.88495  1.645 
 0.481901 -1.78023  1.645 
 0.481668 -1.67551  1.645 
 0.481566 -1.5708  1.645 
 0.481674 -1.46608  1.645 
 0.482036 -1.36136  1.645 
 0.482933 -1.25664  1.645 
 0.484709 -1.15192  1.645 
 0.4855 -1.12363  1.645 
 0.490403 -1.0472  1.645 
 0.494 -1.00934  1.645 
 0.5025 -0.982593  1.645 
 0.511 -0.98248  1.645 
 0.5195 -0.978451  1.645 
 0.528 -0.973669  1.645 
 0.5365 -1.03281  1.645 
 0.537202 -1.0472  1.645 
 0.540835 -1.15192  1.645 
 0.543185 -1.25664  1.645 
 0.544544 -1.36136  1.645 
 0.545 -1.42795  1.645 
 0.545199 -1.46608  1.645 
 0.545434 -1.5708  1.645 
 0.545197 -1.67551  1.645 


# Contour 4, label:        1
 0.536942 -1.88495  1 
 0.5365 -1.90698  1 
 0.530933 -1.98967  1 
 0.528 -2.01684  1 
 0.522334 -1.98967  1 
 0.5195 -1.96892  1 
 0.511 -1.9107  1 
 0.5025 -1.92503  1 
 0.4953 -1.88495  1 
 0.494 -1.87208  1 
 0.492279 -1.78023  1 
 0.491205 -1.67551  1 
 0.490633 -1.5708  1 
 0.490678 -1.46608  1 
 0.491602 -1.36136  1 
 0.494 -1.25782  1 
 0.494117 -1.25664  1 
 0.5025 -1.20717  1 
 0.511 -1.20374  1 
 0.5195 -1.17901  1 
 0.528 -1.15683  1 
 0.535292 -1.25664  1 
 0.5365 -1.28216  1 
 0.537961 -1.36136  1 
 0.539034 -1.46608  1 
 0.539441 -1.5708  1 
 0.538967 -1.67551  1 
 0.53814 -1.78023  1 
 0.536942 -1.88495  1 

