
# Surface 0 of 1 surfaces

# Curve title: "file u (getx($1)):(gety($2)):(sqrt(column(c)))"

# Contour 0, label:        3
-1.41596  2.554  3 
-1.36136  2.55322  3 
-1.25664  2.55138  3 
-1.15192  2.54906  3 
-1.07573  2.5465  3 
-1.0472  2.54551  3 
-0.942477  2.54061  3 
-0.916985  2.539  3 
-0.837757  2.53314  3 
-0.819825  2.5315  3 
-0.754946  2.524  3 
-0.733038  2.52026  3 
-0.713684  2.5165  3 
-0.688631  2.509  3 
-0.677319  2.5015  3 
-0.676813  2.494  3 
-0.694005  2.4865  3 
-0.733038  2.48156  3 
-0.763207  2.479  3 
-0.837757  2.47541  3 
-0.942477  2.47284  3 
-1.0472  2.47198  3 
-1.15192  2.47214  3 
-1.25664  2.47295  3 
-1.36136  2.47411  3 
-1.46608  2.47551  3 
-1.5708  2.47706  3 
-1.67551  2.47868  3 
-1.69559  2.479  3 
-1.78023  2.48039  3 
-1.88495  2.48222  3 
-1.98967  2.48425  3 
-2.09025  2.4865  3 
-2.09439  2.4866  3 
-2.19911  2.48965  3 
-2.30383  2.49352  3 
-2.3147  2.494  3 
-2.40855  2.49946  3 
-2.43686  2.5015  3 
-2.50217  2.509  3 
-2.51327  2.51198  3 
-2.52862  2.5165  3 
-2.52276  2.524  3 
-2.51327  2.52698  3 
-2.49659  2.5315  3 
-2.44872  2.539  3 
-2.40855  2.54327  3 
-2.36759  2.5465  3 
-2.30383  2.5504  3 
-2.21279  2.554  3 


# Contour 1, label:        2
-0.897194  2.494  2 
-0.942477  2.48904  2 
-0.987519  2.4865  2 
-1.0472  2.48481  2 
-1.15192  2.48374  2 
-1.25664  2.48389  2 
-1.36136  2.48474  2 
-1.46608  2.48601  2 
-1.50028  2.4865  2 
-1.5708  2.48752  2 
-1.67551  2.4892  2 
-1.78023  2.49103  2 
-1.88495  2.49308  2 
-1.92608  2.494  2 
-1.98967  2.49559  2 
-2.09439  2.49886  2 
-2.16098  2.5015  2 
-2.19911  2.50372  2 
-2.27109  2.509  2 
-2.30383  2.51522  2 
-2.30978  2.5165  2 
-2.30383  2.51928  2 
-2.29151  2.524  2 
-2.2321  2.5315  2 
-2.19911  2.534  2 
-2.09439  2.53895  2 
-2.0926  2.539  2 
-1.98967  2.54114  2 
-1.88495  2.54192  2 
-1.78023  2.54213  2 
-1.67551  2.5416  2 
-1.5708  2.54079  2 
-1.46608  2.53954  2 
-1.43258  2.539  2 
-1.36136  2.53779  2 
-1.25664  2.53544  2 
-1.15192  2.5321  2 
-1.13782  2.5315  2 
-1.0472  2.52638  2 
-1.01318  2.524  2 
-0.942477  2.51752  2 
-0.934382  2.5165  2 
-0.897413  2.509  2 
-0.885616  2.5015  2 
-0.897194  2.494  2 


# Contour 2, label:     1.96
-0.907276  2.494  1.96 
-0.942477  2.49014  1.96 
-1.00711  2.4865  1.96 
-1.0472  2.48536  1.96 
-1.15192  2.48423  1.96 
-1.25664  2.48434  1.96 
-1.36136  2.48517  1.96 
-1.46608  2.48643  1.96 
-1.47103  2.4865  1.96 
-1.5708  2.48795  1.96 
-1.67551  2.48963  1.96 
-1.78023  2.49146  1.96 
-1.88495  2.49352  1.96 
-1.90641  2.494  1.96 
-1.98967  2.49609  1.96 
-2.09439  2.49938  1.96 
-2.14777  2.5015  1.96 
-2.19911  2.50448  1.96 
-2.26063  2.509  1.96 
-2.30013  2.5165  1.96 
-2.28021  2.524  1.96 
-2.21928  2.5315  1.96 
-2.19911  2.53303  1.96 
-2.09439  2.53811  1.96 
-2.05996  2.539  1.96 
-1.98967  2.54046  1.96 
-1.88495  2.5413  1.96 
-1.78023  2.5415  1.96 
-1.67551  2.54097  1.96 
-1.5708  2.54018  1.96 
-1.47235  2.539  1.96 
-1.46608  2.53892  1.96 
-1.36136  2.53714  1.96 
-1.25664  2.53479  1.96 
-1.15442  2.5315  1.96 
-1.15192  2.53141  1.96 
-1.0472  2.52547  1.96 
-1.02615  2.524  1.96 
-0.944043  2.5165  1.96 
-0.942477  2.51623  1.96 
-0.906554  2.509  1.96 
-0.894845  2.5015  1.96 
-0.907276  2.494  1.96 


# Contour 3, label:     1.65
-0.99761  2.494  1.645 
-1.0472  2.49097  1.645 
-1.15192  2.48839  1.645 
-1.25664  2.488  1.645 
-1.36136  2.48864  1.645 
-1.46608  2.48981  1.645 
-1.5708  2.49129  1.645 
-1.67551  2.49298  1.645 
-1.73256  2.494  1.645 
-1.78023  2.4949  1.645 
-1.88495  2.49717  1.645 
-1.98967  2.49997  1.645 
-2.03656  2.5015  1.645 
-2.09439  2.50416  1.645 
-2.1759  2.509  1.645 
-2.19911  2.51287  1.645 
-2.21846  2.5165  1.645 
-2.19911  2.52196  1.645 
-2.18954  2.524  1.645 
-2.09443  2.5315  1.645 
-2.09439  2.5315  1.645 
-1.98967  2.53474  1.645 
-1.88495  2.53616  1.645 
-1.78023  2.53646  1.645 
-1.67551  2.53606  1.645 
-1.5708  2.53527  1.645 
-1.46608  2.53394  1.645 
-1.36136  2.53204  1.645 
-1.33786  2.5315  1.645 
-1.25664  2.52947  1.645 
-1.15192  2.52534  1.645 
-1.12908  2.524  1.645 
-1.0472  2.51811  1.645 
-1.02883  2.5165  1.645 
-0.982854  2.509  1.645 
-0.970892  2.5015  1.645 
-0.99761  2.494  1.645 


# Contour 4, label:        1
-1.15603  2.5015  1 
-1.25664  2.49678  1 
-1.36136  2.49611  1 
-1.46608  2.49682  1 
-1.5708  2.49818  1 
-1.67551  2.49998  1 
-1.75012  2.5015  1 
-1.78023  2.50225  1 
-1.88495  2.50548  1 
-1.97353  2.509  1 
-1.98967  2.51173  1 
-2.01715  2.5165  1 
-1.98967  2.51926  1 
-1.90094  2.524  1 
-1.88495  2.52445  1 
-1.78023  2.52577  1 
-1.67551  2.52585  1 
-1.5708  2.52513  1 
-1.48719  2.524  1 
-1.46608  2.5237  1 
-1.36136  2.52125  1 
-1.25664  2.51726  1 
-1.2424  2.5165  1 
-1.16309  2.509  1 
-1.15603  2.5015  1 

