#x	y	new0_flux	flux_lukas_flux
-3.14159	0.002464	144.774	144.233
-3.14159	0.0024715	134.39	133.977
-3.14159	0.002479	125.224	124.92
-3.14159	0.0024865	117.3	117.086
-3.14159	0.002494	110.642	110.499
-3.14159	0.0025015	105.275	105.184
-3.14159	0.002509	101.223	101.164
-3.14159	0.0025165	98.5098	98.4638
-3.14159	0.002524	97.1592	97.107
-3.14159	0.0025315	97.195	97.1176
-3.14159	0.002539	98.6411	98.5194
-3.14159	0.0025465	101.521	101.336
-3.14159	0.002554	105.857	105.59
-3.03687	0.002464	125.955	125.449
-3.03687	0.0024715	115.633	115.238
-3.03687	0.002479	106.495	106.203
-3.03687	0.0024865	98.6044	98.398
-3.03687	0.002494	91.9869	91.846
-3.03687	0.0025015	86.6669	86.572
-3.03687	0.002509	82.6688	82.6005
-3.03687	0.0025165	80.0173	79.9559
-3.03687	0.002524	78.7364	78.6626
-3.03687	0.0025315	78.8506	78.7449
-3.03687	0.002539	80.3837	80.2269
-3.03687	0.0025465	83.3595	83.1326
-3.03687	0.002554	87.8016	87.4854
-2.93215	0.002464	108.909	108.431
-2.93215	0.0024715	98.6814	98.3233
-2.93215	0.002479	89.6727	89.4157
-2.93215	0.0024865	81.9075	81.7322
-2.93215	0.002494	75.4105	75.2975
-2.93215	0.0025015	70.2062	70.136
-2.93215	0.002509	66.3192	66.2723
-2.93215	0.0025165	63.7739	63.7307
-2.93215	0.002524	62.5946	62.5358
-2.93215	0.0025315	62.8055	62.7117
-2.93215	0.002539	64.4307	64.2827
-2.93215	0.0025465	67.436	67.2072
-2.93215	0.002554	71.8561	71.5444
-2.82743	0.002464	94.0104	93.5663
-2.82743	0.0024715	83.9431	83.6161
-2.82743	0.002479	75.0906	74.8615
-2.82743	0.0024865	67.4774	67.3267
-2.82743	0.002494	61.128	61.0291
-2.82743	0.0025015	56.0244	55.947
-2.82743	0.002509	52.2252	52.1613
-2.82743	0.0025165	49.665	49.604
-2.82743	0.002524	48.4701	48.3998
-2.82743	0.0025315	48.672	48.5729
-2.82743	0.002539	50.2947	50.1476
-2.82743	0.0025465	53.3621	53.1479
-2.82743	0.002554	57.8979	57.5975
-2.72271	0.002464	81.2411	80.8252
-2.72271	0.0024715	71.292	70.9725
-2.72271	0.002479	62.5329	62.3089
-2.72271	0.0024865	55.0185	54.852
-2.72271	0.002494	48.6744	48.5555
-2.72271	0.0025015	43.6077	43.5345
-2.72271	0.002509	39.8607	39.8137
-2.72271	0.0025165	37.4579	37.4177
-2.72271	0.002524	36.4237	36.3709
-2.72271	0.0025315	36.7825	36.6978
-2.72271	0.002539	38.5584	38.4225
-2.72271	0.0025465	41.7753	41.5692
-2.72271	0.002554	46.4567	46.1614
-2.61799	0.002464	70.2447	69.8178
-2.61799	0.0024715	60.388	60.0491
-2.61799	0.002479	51.7171	51.4789
-2.61799	0.0024865	44.2886	44.1318
-2.61799	0.002494	38.1272	38.0324
-2.61799	0.0025015	33.2576	33.2053
-2.61799	0.002509	29.7044	29.6752
-2.61799	0.0025165	27.4922	27.4666
-2.61799	0.002524	26.6454	26.6041
-2.61799	0.0025315	27.1884	27.1121
-2.61799	0.002539	29.1453	29.0147
-2.61799	0.0025465	32.5399	32.3361
-2.61799	0.002554	37.3959	37.1
-2.51327	0.002464	60.8055	60.3776
-2.51327	0.0024715	51.1484	50.8373
-2.51327	0.002479	42.7063	42.4927
-2.51327	0.0024865	35.504	35.3686
-2.51327	0.002494	29.5661	29.4895
-2.51327	0.0025015	24.9173	24.8801
-2.51327	0.002509	21.5799	21.5371
-2.51327	0.0025165	19.5474	19.505
-2.51327	0.002524	18.888	18.8264
-2.51327	0.0025315	19.6261	19.5259
-2.51327	0.002539	21.7861	21.628
-2.51327	0.0025465	25.3922	25.1571
-2.51327	0.002554	30.4682	30.1372
-2.40855	0.002464	53.0194	52.617
-2.40855	0.0024715	43.6138	43.325
-2.40855	0.002479	35.4212	35.2267
-2.40855	0.0024865	28.4661	28.3367
-2.40855	0.002494	22.7175	22.6371
-2.40855	0.0025015	18.2583	18.2144
-2.40855	0.002509	15.1204	15.0934
-2.40855	0.0025165	13.3287	13.299
-2.40855	0.002524	12.9078	12.8561
-2.40855	0.0025315	13.8825	13.7893
-2.40855	0.002539	16.2769	16.1231
-2.40855	0.0025465	20.1153	19.8818
-2.40855	0.002554	25.4215	25.0894
-2.30383	0.002464	46.6814	46.2994
-2.30383	0.0024715	37.5457	37.2743
-2.30383	0.002479	29.5831	29.3938
-2.30383	0.0024865	22.8252	22.7084
-2.30383	0.002494	17.3371	17.2733
-2.30383	0.0025015	13.1439	13.1137
-2.30383	0.002509	10.2705	10.2544
-2.30383	0.0025165	8.7418	8.72022
-2.30383	0.002524	8.58245	8.5361
-2.30383	0.0025315	9.81708	9.72666
-2.30383	0.002539	12.4401	12.2745
-2.30383	0.0025465	16.4507	16.2499
-2.30383	0.002554	21.9037	21.6156
-2.19911	0.002464	41.5434	41.1777
-2.19911	0.0024715	32.6483	32.3877
-2.19911	0.002479	24.9336	24.762
-2.19911	0.0024865	18.4628	18.3609
-2.19911	0.002494	13.261	13.2095
-2.19911	0.0025015	9.35325	9.33252
-2.19911	0.002509	6.7644	6.7551
-2.19911	0.0025165	5.51731	5.48543
-2.19911	0.002524	5.56855	5.52304
-2.19911	0.0025315	6.97808	6.90934
-2.19911	0.002539	9.80547	9.68095
-2.19911	0.0025465	14.0747	13.8756
-2.19911	0.002554	19.8096	19.5171
-2.0944	0.002464	37.3352	36.9853
-2.0944	0.0024715	28.7055	28.4612
-2.0944	0.002479	21.2945	21.1367
-2.0944	0.0024865	15.1272	15.0365
-2.0944	0.002494	10.2287	10.1857
-2.0944	0.0025015	6.61	6.58307
-2.0944	0.002509	4.21734	4.20866
-2.0944	0.0025165	3.1691	3.1595
-2.0944	0.002524	3.4899	3.46025
-2.0944	0.0025315	5.20416	5.13542
-2.0944	0.002539	8.33614	8.20939
-2.0944	0.0025465	12.9098	12.7063
-2.0944	0.002554	18.949	18.6501
-1.98968	0.002464	33.8314	33.4971
-1.98968	0.0024715	25.5186	25.2875
-1.98968	0.002479	18.425	18.2779
-1.98968	0.0024865	12.5423	12.4325
-1.98968	0.002494	7.85562	7.80019
-1.98968	0.0025015	4.46433	4.44406
-1.98968	0.002509	2.39325	2.38898
-1.98968	0.0025165	1.6671	1.65971
-1.98968	0.002524	2.3105	2.28093
-1.98968	0.0025315	4.34788	4.27716
-1.98968	0.002539	7.80349	7.67277
-1.98968	0.0025465	12.7013	12.4919
-1.98968	0.002554	19.0651	18.7585
-1.88496	0.002464	30.8634	30.5419
-1.88496	0.0024715	22.8585	22.596
-1.88496	0.002479	15.9868	15.8145
-1.88496	0.0024865	10.3618	10.2608
-1.88496	0.002494	6.00846	5.95962
-1.88496	0.0025015	2.95164	2.93587
-1.88496	0.002509	1.21618	1.21439
-1.88496	0.0025165	0.826821	0.819953
-1.88496	0.002524	1.80817	1.77724
-1.88496	0.0025315	4.18468	4.11079
-1.88496	0.002539	7.98058	7.84495
-1.88496	0.0025465	13.2199	13.0039
-1.88496	0.002554	19.9263	19.6115
-1.78024	0.002464	28.1874	27.8285
-1.78024	0.0024715	20.432	20.1802
-1.78024	0.002479	13.9002	13.7366
-1.78024	0.0024865	8.61679	8.52252
-1.78024	0.002494	4.60682	4.56282
-1.78024	0.0025015	1.89518	1.88239
-1.78024	0.002509	0.5067	0.50612
-1.78024	0.0025165	0.466139	0.45878
-1.78024	0.002524	1.79811	1.76506
-1.78024	0.0025315	4.52706	4.44948
-1.78024	0.002539	8.67721	8.53642
-1.78024	0.0025465	14.2726	14.05
-1.78024	0.002554	21.3368	21.0141
-1.67552	0.002464	25.7175	25.3692
-1.67552	0.0024715	18.3054	18.0623
-1.67552	0.002479	12.1192	11.9626
-1.67552	0.0024865	7.18387	7.09484
-1.67552	0.002494	3.52439	3.48396
-1.67552	0.0025015	1.16566	1.15487
-1.67552	0.002509	0.132544	0.132439
-1.67552	0.0025165	0.449802	0.441472
-1.67552	0.002524	2.14205	2.10665
-1.67552	0.0025315	5.23372	5.15251
-1.67552	0.002539	9.74904	9.60339
-1.67552	0.0025465	15.712	15.4834
-1.67552	0.002554	23.1463	22.8165
-1.5708	0.002464	23.4831	23.1435
-1.5708	0.0024715	16.4163	16.1804
-1.5708	0.002479	10.5785	10.4275
-1.5708	0.0024865	5.99452	5.90958
-1.5708	0.002494	2.68943	2.65169
-1.5708	0.0025015	0.688143	0.678715
-1.5708	0.002509	0.0155386	0.0155386
-1.5708	0.0025165	0.696376	0.686966
-1.5708	0.002524	2.75527	2.71768
-1.5708	0.0025315	6.21665	6.13222
-1.5708	0.002539	11.1047	10.9549
-1.5708	0.0025465	17.4435	17.2099
-1.5708	0.002554	25.2566	24.9209
-1.46608	0.002464	21.4848	21.1521
-1.46608	0.0024715	14.7621	14.5318
-1.46608	0.002479	9.27194	9.12525
-1.46608	0.0024865	5.03928	4.95746
-1.46608	0.002494	2.0891	2.05335
-1.46608	0.0025015	0.446371	0.437868
-1.46608	0.002509	0.135974	0.135903
-1.46608	0.0025165	1.18267	1.17227
-1.46608	0.002524	3.61108	3.57165
-1.46608	0.0025315	7.44563	7.35857
-1.46608	0.002539	12.7105	12.5574
-1.46608	0.0025465	19.4297	19.1921
-1.46608	0.002554	27.6267	27.2866
-1.36136	0.002464	19.7838	19.4562
-1.36136	0.0024715	13.4006	13.1744
-1.36136	0.002479	8.25403	8.11045
-1.36136	0.0024865	4.36912	4.28948
-1.36136	0.002494	1.77088	1.73643
-1.36136	0.0025015	0.484273	0.476264
-1.36136	0.002509	0.534199	0.533886
-1.36136	0.0025165	1.94542	1.93411
-1.36136	0.002524	4.74255	4.70162
-1.36136	0.0025315	8.95001	8.86094
-1.36136	0.002539	14.592	14.4364
-1.36136	0.0025465	21.6924	21.452
-1.36136	0.002554	30.2748	29.9316
-1.25664	0.002464	18.5003	18.1761
-1.25664	0.0024715	12.4486	12.2248
-1.25664	0.002479	7.63811	7.49626
-1.25664	0.0024865	4.09393	4.01533
-1.25664	0.002494	1.84108	1.80707
-1.25664	0.0025015	0.90457	0.896448
-1.25664	0.002509	1.30929	1.30838
-1.25664	0.0025165	3.08	3.06769
-1.25664	0.002524	6.24132	6.19906
-1.25664	0.0025315	10.8176	10.727
-1.25664	0.002539	16.8331	16.6758
-1.25664	0.0025465	24.3117	24.0695
-1.25664	0.002554	33.277	32.9319
-1.15192	0.002464	17.8091	17.4858
-1.15192	0.0024715	12.0773	11.8541
-1.15192	0.002479	7.59196	7.4501
-1.15192	0.0024865	4.37799	4.29897
-1.15192	0.002494	2.46049	2.42569
-1.15192	0.0025015	1.86445	1.85526
-1.15192	0.002509	2.61479	2.61259
-1.15192	0.0025165	4.73627	4.72252
-1.15192	0.002524	8.2535	8.20971
-1.15192	0.0025315	13.1909	13.0987
-1.15192	0.002539	19.5725	19.4137
-1.15192	0.0025465	27.4223	27.1787
-1.15192	0.002554	36.7639	36.4176
-1.0472	0.002464	17.9173	17.6063
-1.0472	0.0024715	12.505	12.2797
-1.0472	0.002479	8.33044	8.18632
-1.0472	0.0024865	5.43281	5.35137
-1.0472	0.002494	3.83715	3.79983
-1.0472	0.0025015	3.56848	3.55673
-1.0472	0.002509	4.65171	4.64699
-1.0472	0.0025165	7.11162	7.09543
-1.0472	0.002524	10.9728	10.9267
-1.0472	0.0025315	16.2596	16.1654
-1.0472	0.002539	22.9962	22.8356
-1.0472	0.0025465	31.1739	30.9437
-1.0472	0.002554	40.8099	40.4814
-0.942478	0.002464	18.9275	18.6483
-0.942478	0.0024715	13.8737	13.6865
-0.942478	0.002479	10.0369	9.89824
-0.942478	0.0024865	7.45571	7.375
-0.942478	0.002494	6.18744	6.14596
-0.942478	0.0025015	6.25738	6.23644
-0.942478	0.002509	7.65892	7.64979
-0.942478	0.0025165	10.4414	10.4212
-0.942478	0.002524	14.631	14.5813
-0.942478	0.0025315	20.2466	20.1547
-0.942478	0.002539	27.2514	27.0979
-0.942478	0.0025465	35.7367	35.5035
-0.942478	0.002554	45.726	45.3954
-0.837758	0.002464	21.2582	20.9725
-0.837758	0.0024715	16.469	16.2757
-0.837758	0.002479	12.9422	12.8227
-0.837758	0.0024865	10.699	10.6072
-0.837758	0.002494	9.71614	9.66407
-0.837758	0.0025015	10.0776	10.0466
-0.837758	0.002509	11.8087	11.7802
-0.837758	0.0025165	14.9344	14.8898
-0.837758	0.002524	19.4795	19.4004
-0.837758	0.0025315	25.3486	25.25
-0.837758	0.002539	32.6769	32.5175
-0.837758	0.0025465	41.4918	41.2536
-0.837758	0.002554	51.8167	51.4821
-0.733038	0.002464	25.2083	24.9117
-0.733038	0.0024715	20.6607	20.457
-0.733038	0.002479	17.3817	17.2524
-0.733038	0.0024865	15.3965	15.3231
-0.733038	0.002494	14.7305	14.6945
-0.733038	0.0025015	15.4088	15.3918
-0.733038	0.002509	17.4567	17.4167
-0.733038	0.0025165	20.8659	20.8088
-0.733038	0.002524	25.699	25.6083
-0.733038	0.0025315	31.9727	31.8399
-0.733038	0.002539	39.6029	39.4345
-0.733038	0.0025465	48.7259	48.48
-0.733038	0.002554	59.3652	59.0241
-0.628319	0.002464	31.0618	30.7613
-0.628319	0.0024715	26.7426	26.5233
-0.628319	0.002479	23.6858	23.5418
-0.628319	0.0024865	21.9292	21.8421
-0.628319	0.002494	21.4983	21.4494
-0.628319	0.0025015	22.4181	22.3891
-0.628319	0.002509	24.7138	24.6862
-0.628319	0.0025165	28.4103	28.3658
-0.628319	0.002524	33.5324	33.4526
-0.628319	0.0025315	40.0922	39.9623
-0.628319	0.002539	48.1017	47.9029
-0.628319	0.0025465	57.6101	57.3244
-0.628319	0.002554	68.6407	68.2507
-0.523599	0.002464	38.9187	38.6105
-0.523599	0.0024715	34.823	34.6092
-0.523599	0.002479	32.0004	31.8628
-0.523599	0.0024865	30.4762	30.3965
-0.523599	0.002494	30.2753	30.2353
-0.523599	0.0025015	31.4228	31.4041
-0.523599	0.002509	33.9435	33.928
-0.523599	0.0025165	37.8621	37.8315
-0.523599	0.002524	43.203	43.1392
-0.523599	0.0025315	49.9905	49.8755
-0.523599	0.002539	58.2485	58.0645
-0.523599	0.0025465	68.0007	67.73
-0.523599	0.002554	79.2704	78.8954
-0.418879	0.002464	49.1466	48.8186
-0.418879	0.0024715	45.2075	44.9751
-0.418879	0.002479	42.5478	42.3929
-0.418879	0.0024865	41.1927	41.097
-0.418879	0.002494	41.1672	41.1126
-0.418879	0.0025015	42.4963	42.4645
-0.418879	0.002509	45.2049	45.1777
-0.418879	0.0025165	49.3177	49.277
-0.418879	0.002524	54.8592	54.7868
-0.418879	0.0025315	61.8535	61.7315
-0.418879	0.002539	70.3247	70.1352
-0.418879	0.0025465	80.2962	80.0217
-0.418879	0.002554	91.7915	91.4145
-0.314159	0.002464	61.9329	61.5781
-0.314159	0.0024715	58.1186	57.8609
-0.314159	0.002479	55.5897	55.411
-0.314159	0.0024865	54.3715	54.2536
-0.314159	0.002494	54.489	54.4138
-0.314159	0.0025015	55.9674	55.9165
-0.314159	0.002509	58.8313	58.7867
-0.314159	0.0025165	63.1055	63.0491
-0.314159	0.002524	68.8146	68.7282
-0.314159	0.0025315	75.9826	75.8485
-0.314159	0.002539	84.6336	84.4338
-0.314159	0.0025465	94.7617	94.5081
-0.314159	0.002554	106.349	106.015
-0.20944	0.002464	77.014	76.7107
-0.20944	0.0024715	73.4076	73.1957
-0.20944	0.002479	71.0835	70.9449
-0.20944	0.0024865	70.0669	69.9746
-0.20944	0.002494	70.3212	70.2484
-0.20944	0.0025015	71.9028	71.8596
-0.20944	0.002509	74.8642	74.8325
-0.20944	0.0025165	79.2295	79.1916
-0.20944	0.002524	85.023	84.9611
-0.20944	0.0025315	92.2684	92.1647
-0.20944	0.002539	100.989	100.826
-0.20944	0.0025465	111.209	110.969
-0.20944	0.002554	122.95	122.617
-0.10472	0.002464	94.4243	94.0946
-0.10472	0.0024715	90.8716	90.6353
-0.10472	0.002479	88.6069	88.4457
-0.10472	0.0024865	87.6551	87.551
-0.10472	0.002494	88.0414	87.9763
-0.10472	0.0025015	89.7908	89.7464
-0.10472	0.002509	92.9279	92.8862
-0.10472	0.0025165	97.4773	97.4203
-0.10472	0.002524	103.408	103.332
-0.10472	0.0025315	110.752	110.637
-0.10472	0.002539	119.578	119.405
-0.10472	0.0025465	129.907	129.66
-0.10472	0.002554	141.764	141.425
-2.66454e-15	0.002464	114.008	113.657
-2.66454e-15	0.0024715	110.503	110.249
-2.66454e-15	0.002479	108.28	108.106
-2.66454e-15	0.0024865	107.365	107.252
-2.66454e-15	0.002494	107.782	107.713
-2.66454e-15	0.0025015	109.555	109.513
-2.66454e-15	0.002509	112.71	112.676
-2.66454e-15	0.0025165	117.27	117.226
-2.66454e-15	0.002524	123.26	123.188
-2.66454e-15	0.0025315	130.702	130.585
-2.66454e-15	0.002539	139.621	139.442
-2.66454e-15	0.0025465	150.04	149.781
-2.66454e-15	0.002554	161.981	161.625
0.10472	0.002464	135.984	135.604
0.10472	0.0024715	132.457	132.177
0.10472	0.002479	130.217	130.019
0.10472	0.0024865	129.29	129.156
0.10472	0.002494	129.699	129.611
0.10472	0.0025015	131.47	131.41
0.10472	0.002509	134.626	134.577
0.10472	0.0025165	139.193	139.137
0.10472	0.002524	145.194	145.112
0.10472	0.0025315	152.653	152.528
0.10472	0.002539	161.593	161.408
0.10472	0.0025465	172.037	171.775
0.10472	0.002554	184.009	183.652
0.20944	0.002464	159.825	159.48
0.20944	0.0024715	156.35	156.1
0.20944	0.002479	154.158	153.984
0.20944	0.0024865	153.274	153.127
0.20944	0.002494	153.651	153.537
0.20944	0.0025015	155.377	155.294
0.20944	0.002509	158.494	158.423
0.20944	0.0025165	163.025	162.949
0.20944	0.002524	168.994	168.896
0.20944	0.0025315	176.425	176.287
0.20944	0.002539	185.342	185.147
0.20944	0.0025465	195.661	195.441
0.20944	0.002554	207.484	207.179
0.314159	0.002464	184.878	184.474
0.314159	0.0024715	181.313	181.026
0.314159	0.002479	179.023	178.828
0.314159	0.0024865	178.045	177.911
0.314159	0.002494	178.402	178.312
0.314159	0.0025015	180.119	180.045
0.314159	0.002509	183.182	183.121
0.314159	0.0025165	187.639	187.574
0.314159	0.002524	193.513	193.426
0.314159	0.0025315	200.828	200.702
0.314159	0.002539	209.606	209.423
0.314159	0.0025465	219.87	219.614
0.314159	0.002554	231.642	231.295
0.418879	0.002464	210.754	210.33
0.418879	0.0024715	207.065	206.744
0.418879	0.002479	204.652	204.418
0.418879	0.0024865	203.542	203.376
0.418879	0.002494	203.756	203.642
0.418879	0.0025015	205.32	205.239
0.418879	0.002509	208.258	208.193
0.418879	0.0025165	212.592	212.525
0.418879	0.002524	218.347	218.261
0.418879	0.0025315	225.545	225.423
0.418879	0.002539	234.21	234.034
0.418879	0.0025465	244.364	244.117
0.418879	0.002554	256.029	255.695
0.523599	0.002464	237.478	237.064
0.523599	0.0024715	233.649	233.306
0.523599	0.002479	231.058	230.804
0.523599	0.0024865	229.77	229.588
0.523599	0.002494	229.811	229.682
0.523599	0.0025015	231.203	231.111
0.523599	0.002509	233.972	233.898
0.523599	0.0025165	238.139	238.067
0.523599	0.002524	243.73	243.641
0.523599	0.0025315	250.767	250.644
0.523599	0.002539	259.273	259.099
0.523599	0.0025465	269.27	269.028
0.523599	0.002554	280.782	280.454
0.628319	0.002464	263.608	263.178
0.628319	0.0024715	259.633	259.305
0.628319	0.002479	256.932	256.687
0.628319	0.0024865	255.527	255.348
0.628319	0.002494	255.443	255.313
0.628319	0.0025015	256.704	256.605
0.628319	0.002509	259.334	259.248
0.628319	0.0025165	263.356	263.266
0.628319	0.002524	268.794	268.682
0.628319	0.0025315	275.67	275.52
0.628319	0.002539	284.009	283.801
0.628319	0.0025465	293.832	293.55
0.628319	0.002554	305.161	304.788
0.733038	0.002464	289.475	289.024
0.733038	0.0024715	285.243	284.896
0.733038	0.002479	282.285	282.025
0.733038	0.0024865	280.625	280.434
0.733038	0.002494	280.288	280.148
0.733038	0.0025015	281.297	281.191
0.733038	0.002509	283.676	283.586
0.733038	0.0025165	287.449	287.357
0.733038	0.002524	292.638	292.528
0.733038	0.0025315	299.268	299.121
0.733038	0.002539	307.361	307.16
0.733038	0.0025465	316.94	316.667
0.733038	0.002554	327.957	327.602
0.837758	0.002464	314.379	313.833
0.837758	0.0024715	309.9	309.466
0.837758	0.002479	306.664	306.343
0.837758	0.0024865	304.713	304.486
0.837758	0.002494	304.084	303.919
0.837758	0.0025015	304.802	304.666
0.837758	0.002509	306.88	306.749
0.837758	0.0025165	310.314	310.191
0.837758	0.002524	315.148	315.016
0.837758	0.0025315	321.403	321.246
0.837758	0.002539	329.103	328.903
0.837758	0.0025465	338.27	338.01
0.837758	0.002554	348.925	348.588
0.942478	0.002464	336.571	336.014
0.942478	0.0024715	331.894	331.444
0.942478	0.002479	328.47	328.109
0.942478	0.0024865	326.32	326.032
0.942478	0.002494	325.47	325.236
0.942478	0.0025015	325.941	325.744
0.942478	0.002509	327.757	327.58
0.942478	0.0025165	330.941	330.767
0.942478	0.002524	335.452	335.326
0.942478	0.0025315	341.385	341.236
0.942478	0.002539	348.763	348.573
0.942478	0.0025465	357.608	357.36
0.942478	0.002554	367.94	367.618
1.0472	0.002464	356.592	356.027
1.0472	0.0024715	351.569	351.113
1.0472	0.002479	347.797	347.433
1.0472	0.0024865	345.3	345.011
1.0472	0.002494	344.101	343.869
1.0472	0.0025015	344.224	344.032
1.0472	0.002509	345.69	345.521
1.0472	0.0025165	348.525	348.36
1.0472	0.002524	352.749	352.572
1.0472	0.0025315	358.386	358.179
1.0472	0.002539	365.458	365.204
1.0472	0.0025465	373.986	373.669
1.0472	0.002554	383.993	383.594
1.15192	0.002464	373.983	373.407
1.15192	0.0024715	368.59	368.126
1.15192	0.002479	364.448	364.078
1.15192	0.0024865	361.579	361.286
1.15192	0.002494	360.007	359.774
1.15192	0.0025015	359.755	359.565
1.15192	0.002509	360.847	360.681
1.15192	0.0025165	363.305	363.146
1.15192	0.002524	367.152	366.983
1.15192	0.0025315	372.411	372.214
1.15192	0.002539	379.103	378.862
1.15192	0.0025465	387.251	386.947
1.15192	0.002554	396.876	396.494
1.25664	0.002464	388.243	387.655
1.25664	0.0024715	382.464	381.99
1.25664	0.002479	377.933	377.556
1.25664	0.0024865	374.674	374.376
1.25664	0.002494	372.71	372.474
1.25664	0.0025015	372.065	371.874
1.25664	0.002509	372.762	372.597
1.25664	0.0025165	374.823	374.667
1.25664	0.002524	378.271	378.108
1.25664	0.0025315	383.13	382.94
1.25664	0.002539	389.42	389.188
1.25664	0.0025465	397.165	396.872
1.25664	0.002554	406.385	406.015
1.36136	0.002464	398.963	398.363
1.36136	0.0024715	392.786	392.301
1.36136	0.002479	387.855	387.469
1.36136	0.0024865	384.193	383.889
1.36136	0.002494	381.825	381.585
1.36136	0.0025015	380.774	380.58
1.36136	0.002509	381.061	380.896
1.36136	0.0025165	382.711	382.558
1.36136	0.002524	385.747	385.586
1.36136	0.0025315	390.19	390.005
1.36136	0.002539	396.062	395.837
1.36136	0.0025465	403.387	403.103
1.36136	0.002554	412.186	411.826
1.46608	0.002464	405.594	404.978
1.46608	0.0024715	399.168	398.661
1.46608	0.002479	393.924	393.531
1.46608	0.0024865	389.856	389.545
1.46608	0.002494	387.077	386.833
1.46608	0.0025015	385.613	385.416
1.46608	0.002509	385.485	385.319
1.46608	0.0025165	386.717	386.563
1.46608	0.002524	389.331	389.173
1.46608	0.0025315	393.35	393.17
1.46608	0.002539	398.797	398.576
1.46608	0.0025465	405.693	405.415
1.46608	0.002554	414.059	413.707
1.5708	0.002464	408.327	407.702
1.5708	0.0024715	401.508	400.994
1.5708	0.002479	395.921	395.501
1.5708	0.0024865	391.503	391.187
1.5708	0.002494	388.316	388.067
1.5708	0.0025015	386.439	386.24
1.5708	0.002509	385.896	385.729
1.5708	0.0025165	386.71	386.556
1.5708	0.002524	388.903	388.746
1.5708	0.0025315	392.497	392.319
1.5708	0.002539	397.516	397.299
1.5708	0.0025465	403.981	403.707
1.5708	0.002554	411.913	411.566
1.67552	0.002464	407.126	406.492
1.67552	0.0024715	399.924	399.402
1.67552	0.002479	393.95	393.523
1.67552	0.0024865	389.109	388.788
1.67552	0.002494	385.522	385.269
1.67552	0.0025015	383.241	383.039
1.67552	0.002509	382.29	382.121
1.67552	0.0025165	382.693	382.538
1.67552	0.002524	384.47	384.314
1.67552	0.0025315	387.646	387.469
1.67552	0.002539	392.243	392.028
1.67552	0.0025465	398.282	398.011
1.67552	0.002554	405.785	405.441
1.78024	0.002464	402.074	401.431
1.78024	0.0024715	394.504	393.975
1.78024	0.002479	388.032	387.619
1.78024	0.0024865	382.78	382.453
1.78024	0.002494	378.807	378.55
1.78024	0.0025015	376.137	375.932
1.78024	0.002509	374.793	374.622
1.78024	0.0025165	374.797	374.642
1.78024	0.002524	376.173	376.016
1.78024	0.0025315	378.944	378.767
1.78024	0.002539	383.13	382.916
1.78024	0.0025465	388.755	388.486
1.78024	0.002554	395.84	395.499
1.88496	0.002464	393.314	392.667
1.88496	0.0024715	385.221	384.697
1.88496	0.002479	378.357	377.939
1.88496	0.0024865	372.744	372.415
1.88496	0.002494	368.407	368.148
1.88496	0.0025015	365.369	365.161
1.88496	0.002509	363.652	363.478
1.88496	0.0025165	363.279	363.122
1.88496	0.002524	364.273	364.114
1.88496	0.0025315	366.657	366.479
1.88496	0.002539	370.452	370.237
1.88496	0.0025465	375.682	375.411
1.88496	0.002554	382.367	382.024
1.98968	0.002464	380.899	380.248
1.98968	0.0024715	372.483	371.955
1.98968	0.002479	365.29	364.869
1.98968	0.0024865	359.345	359.012
1.98968	0.002494	354.67	354.408
1.98968	0.0025015	351.289	351.079
1.98968	0.002509	349.225	349.049
1.98968	0.0025165	348.5	348.34
1.98968	0.002524	349.137	348.976
1.98968	0.0025315	351.159	350.978
1.98968	0.002539	354.587	354.369
1.98968	0.0025465	359.445	359.172
1.98968	0.002554	365.754	365.407
2.0944	0.002464	365.46	364.805
2.0944	0.0024715	356.751	356.22
2.0944	0.002479	349.263	348.838
2.0944	0.0024865	343.016	342.679
2.0944	0.002494	338.035	337.768
2.0944	0.0025015	334.342	334.127
2.0944	0.002509	331.96	331.78
2.0944	0.0025165	330.913	330.749
2.0944	0.002524	331.222	331.056
2.0944	0.0025315	332.911	332.725
2.0944	0.002539	336.002	335.778
2.0944	0.0025465	340.517	340.237
2.0944	0.002554	346.477	346.123
2.19911	0.002464	347.49	346.832
2.19911	0.0024715	338.526	337.991
2.19911	0.002479	330.761	330.346
2.19911	0.0024865	324.192	323.92
2.19911	0.002494	318.899	318.693
2.19911	0.0025015	314.905	314.745
2.19911	0.002509	312.233	312.101
2.19911	0.0025165	310.909	310.784
2.19911	0.002524	310.953	310.819
2.19911	0.0025315	312.284	312.148
2.19911	0.002539	315.024	314.851
2.19911	0.0025465	319.17	318.965
2.19911	0.002554	324.727	324.456
2.30383	0.002464	327.124	326.558
2.30383	0.0024715	317.856	317.408
2.30383	0.002479	309.81	309.463
2.30383	0.0024865	303.011	302.745
2.30383	0.002494	297.37	297.157
2.30383	0.0025015	292.968	292.81
2.30383	0.002509	289.894	289.771
2.30383	0.0025165	288.17	288.064
2.30383	0.002524	287.819	287.711
2.30383	0.0025315	288.866	288.738
2.30383	0.002539	291.332	291.165
2.30383	0.0025465	295.24	295.017
2.30383	0.002554	300.614	300.316
2.40855	0.002464	305.062	304.463
2.40855	0.0024715	295.408	294.936
2.40855	0.002479	286.979	286.616
2.40855	0.0024865	279.801	279.528
2.40855	0.002494	273.896	273.694
2.40855	0.0025015	269.288	269.14
2.40855	0.002509	266.002	265.888
2.40855	0.0025165	264.059	263.961
2.40855	0.002524	263.485	263.383
2.40855	0.0025315	264.301	264.178
2.40855	0.002539	266.531	266.368
2.40855	0.0025465	270.198	269.977
2.40855	0.002554	275.324	275.026
2.51327	0.002464	281.46	280.877
2.51327	0.0024715	271.663	271.205
2.51327	0.002479	263.086	262.736
2.51327	0.0024865	255.752	255.491
2.51327	0.002494	249.687	249.496
2.51327	0.0025015	244.913	244.773
2.51327	0.002509	241.453	241.346
2.51327	0.0025165	239.332	239.239
2.51327	0.002524	238.573	238.475
2.51327	0.0025315	239.198	239.077
2.51327	0.002539	241.232	241.069
2.51327	0.0025465	244.695	244.472
2.51327	0.002554	249.612	249.31
2.61799	0.002464	257.544	256.976
2.61799	0.0024715	247.644	247.199
2.61799	0.002479	238.957	238.618
2.61799	0.0024865	231.509	231.257
2.61799	0.002494	225.322	225.139
2.61799	0.0025015	220.421	220.287
2.61799	0.002509	216.81	216.706
2.61799	0.0025165	214.396	214.314
2.61799	0.002524	213.347	213.268
2.61799	0.0025315	213.688	213.593
2.61799	0.002539	215.44	215.311
2.61799	0.0025465	218.627	218.445
2.61799	0.002554	223.271	223.019
2.72271	0.002464	233.852	233.295
2.72271	0.0024715	223.81	223.411
2.72271	0.002479	214.937	214.579
2.72271	0.0024865	207.217	206.954
2.72271	0.002494	200.763	200.576
2.72271	0.0025015	195.595	195.452
2.72271	0.002509	191.728	191.618
2.72271	0.0025165	189.212	189.117
2.72271	0.002524	188.071	187.972
2.72271	0.0025315	188.298	188.206
2.72271	0.002539	189.93	189.805
2.72271	0.0025465	192.991	192.811
2.72271	0.002554	197.503	197.25
2.82743	0.002464	209.9	209.339
2.82743	0.0024715	199.61	199.176
2.82743	0.002479	190.545	190.218
2.82743	0.0024865	182.728	182.49
2.82743	0.002494	176.185	176.017
2.82743	0.0025015	170.94	170.822
2.82743	0.002509	167.016	166.929
2.82743	0.0025165	164.437	164.362
2.82743	0.002524	163.228	163.145
2.82743	0.0025315	163.411	163.303
2.82743	0.002539	165.011	164.857
2.82743	0.0025465	168.051	167.833
2.82743	0.002554	172.554	172.253
2.93215	0.002464	186.613	186.085
2.93215	0.0024715	176.332	175.928
2.93215	0.002479	167.27	166.972
2.93215	0.0024865	159.452	159.239
2.93215	0.002494	152.9	152.754
2.93215	0.0025015	147.64	147.542
2.93215	0.002509	143.696	143.626
2.93215	0.0025165	141.091	141.03
2.93215	0.002524	139.849	139.779
2.93215	0.0025315	139.995	139.894
2.93215	0.002539	141.43	141.283
2.93215	0.0025465	144.302	144.098
2.93215	0.002554	148.642	148.362
3.03687	0.002464	164.851	164.352
3.03687	0.0024715	154.613	154.235
3.03687	0.002479	145.588	145.312
3.03687	0.0024865	137.801	137.608
3.03687	0.002494	131.199	131.029
3.03687	0.0025015	125.779	125.663
3.03687	0.002509	121.679	121.598
3.03687	0.0025165	118.923	118.858
3.03687	0.002524	117.535	117.467
3.03687	0.0025315	117.539	117.449
3.03687	0.002539	118.958	118.827
3.03687	0.0025465	121.817	121.625
3.03687	0.002554	126.137	125.867
3.14159	0.002464	144.774	144.233
3.14159	0.0024715	134.39	133.977
3.14159	0.002479	125.224	124.92
3.14159	0.0024865	117.3	117.086
3.14159	0.002494	110.642	110.499
3.14159	0.0025015	105.275	105.184
3.14159	0.002509	101.223	101.164
3.14159	0.0025165	98.5098	98.4638
3.14159	0.002524	97.1592	97.107
3.14159	0.0025315	97.195	97.1176
3.14159	0.002539	98.6411	98.5194
3.14159	0.0025465	101.521	101.336
3.14159	0.002554	105.857	105.59
