#x	y	new0_fix	flux_lukas
0.426	-3.14159	166.213	162.126
0.426	-3.03687	154.904	151.125
0.426	-2.93215	144.856	141.373
0.426	-2.82743	136.185	132.967
0.426	-2.72271	128.918	125.516
0.426	-2.61799	123.083	119.663
0.426	-2.51327	118.542	115.491
0.426	-2.40855	115.139	112.026
0.426	-2.30383	112.711	109.532
0.426	-2.19911	111.088	107.843
0.426	-2.0944	109.996	106.793
0.426	-1.98968	109.48	106.228
0.426	-1.88496	109.262	106.015
0.426	-1.78024	109.288	106.035
0.426	-1.67552	109.476	105.623
0.426	-1.5708	109.777	106.418
0.426	-1.46608	110.141	106.346
0.426	-1.36136	110.11	106.595
0.426	-1.25664	110.618	106.763
0.426	-1.15192	111.756	107.797
0.426	-1.0472	111.684	108.99
0.426	-0.942478	114.379	110.78
0.426	-0.837758	116.395	112.536
0.426	-0.733038	119.781	115.869
0.426	-0.628319	124.308	120.301
0.426	-0.523599	130.099	125.998
0.426	-0.418879	137.166	133.106
0.426	-0.314159	145.762	141.744
0.426	-0.20944	155.969	151.993
0.426	-0.10472	167.581	163.588
0.426	-2.66454e-15	180.611	176.659
0.426	0.10472	195.142	191.886
0.426	0.20944	211.04	207.168
0.426	0.314159	228.12	224.269
0.426	0.418879	247.066	242.877
0.426	0.523599	265.613	261.455
0.426	0.628319	284.338	280.211
0.426	0.733038	302.793	298.693
0.426	0.837758	319.628	315.534
0.426	0.942478	335.966	332.106
0.426	1.0472	349.822	346.65
0.426	1.15192	362.736	358.326
0.426	1.25664	371.024	367.765
0.426	1.36136	377.122	374.162
0.426	1.46608	380.892	377.28
0.426	1.5708	379.048	377.022
0.426	1.67552	375.966	372.528
0.426	1.78024	369.018	366.439
0.426	1.88496	359.45	356.469
0.426	1.98968	345.664	343.697
0.426	2.0944	332.01	328.892
0.426	2.19911	313.865	311.241
0.426	2.30383	296.293	295.386
0.426	2.40855	279.62	276.243
0.426	2.51327	261.159	257.93
0.426	2.61799	242.938	239.671
0.426	2.72271	225.33	222.022
0.426	2.82743	207.356	205.291
0.426	2.93215	193.118	189.721
0.426	3.03687	178.936	174.873
0.426	3.14159	166.213	162.126
0.4345	-3.14159	132.249	130.068
0.4345	-3.03687	121.233	119.016
0.4345	-2.93215	111.746	109.847
0.4345	-2.82743	103.367	101.438
0.4345	-2.72271	96.4336	94.4917
0.4345	-2.61799	90.8862	88.9013
0.4345	-2.51327	86.4859	84.5348
0.4345	-2.40855	83.095	81.1211
0.4345	-2.30383	80.6598	78.6654
0.4345	-2.19911	79.0127	77.0008
0.4345	-2.0944	77.9916	75.965
0.4345	-1.98968	77.4452	75.3979
0.4345	-1.88496	77.2403	75.126
0.4345	-1.78024	77.2641	75.0848
0.4345	-1.67552	77.3767	75.1956
0.4345	-1.5708	77.5942	75.1623
0.4345	-1.46608	77.9089	75.7329
0.4345	-1.36136	78.3512	75.926
0.4345	-1.25664	78.9504	76.3088
0.4345	-1.15192	79.6548	77.0754
0.4345	-1.0472	80.7874	78.2297
0.4345	-0.942478	82.8622	80.1235
0.4345	-0.837758	85.2057	82.494
0.4345	-0.733038	88.4037	85.7752
0.4345	-0.628319	92.7943	90.1409
0.4345	-0.523599	98.3783	95.7557
0.4345	-0.418879	105.357	102.765
0.4345	-0.314159	113.798	111.188
0.4345	-0.20944	123.536	120.958
0.4345	-0.10472	134.845	132.298
0.4345	-2.66454e-15	147.53	144.795
0.4345	0.10472	161.37	158.591
0.4345	0.20944	176.508	173.699
0.4345	0.314159	192.749	189.928
0.4345	0.418879	209.833	207.373
0.4345	0.523599	227.433	225.006
0.4345	0.628319	245.164	242.759
0.4345	0.733038	262.592	260.207
0.4345	0.837758	279.245	276.879
0.4345	0.942478	294.637	292.286
0.4345	1.0472	308.217	305.949
0.4345	1.15192	319.565	317.388
0.4345	1.25664	328.317	326.148
0.4345	1.36136	334.157	332
0.4345	1.46608	336.756	334.733
0.4345	1.5708	336.147	334.125
0.4345	1.67552	332.362	330.338
0.4345	1.78024	325.456	323.52
0.4345	1.88496	315.759	313.847
0.4345	1.98968	303.646	301.723
0.4345	2.0944	289.531	287.594
0.4345	2.19911	273.869	271.915
0.4345	2.30383	257.629	255.159
0.4345	2.40855	240.881	238.195
0.4345	2.51327	222.839	220.684
0.4345	2.61799	205.582	203.396
0.4345	2.72271	188.901	186.682
0.4345	2.82743	173.09	170.412
0.4345	2.93215	157.837	155.677
0.4345	3.03687	144.411	142.214
0.4345	3.14159	132.249	130.068
0.443	-3.14159	104.804	103.449
0.443	-3.03687	94.3436	92.9638
0.443	-2.93215	84.9222	83.7676
0.443	-2.82743	76.9558	75.7789
0.443	-2.72271	70.3728	69.1745
0.443	-2.61799	64.906	63.7324
0.443	-2.51327	60.598	59.4059
0.443	-2.40855	57.3498	56.1409
0.443	-2.30383	55.0057	53.7819
0.443	-2.19911	53.4063	52.1699
0.443	-2.0944	52.3977	51.1508
0.443	-1.98968	51.8356	50.581
0.443	-1.88496	51.5945	50.3343
0.443	-1.78024	51.62	50.2522
0.443	-1.67552	51.6725	50.3046
0.443	-1.5708	51.8214	50.4556
0.443	-1.46608	52.0602	50.6988
0.443	-1.36136	52.4185	51.1115
0.443	-1.25664	53.0314	51.5425
0.443	-1.15192	53.7924	52.1729
0.443	-1.0472	54.8619	53.2131
0.443	-0.942478	56.443	54.8138
0.443	-0.837758	58.6392	57.1411
0.443	-0.733038	61.9145	60.3688
0.443	-0.628319	66.2095	64.6071
0.443	-0.523599	71.5408	69.9617
0.443	-0.418879	78.201	76.6453
0.443	-0.314159	86.3037	84.7711
0.443	-0.20944	95.9217	94.3038
0.443	-0.10472	106.7	105.062
0.443	-2.66454e-15	118.939	117.307
0.443	0.10472	132.257	130.608
0.443	0.20944	146.637	145.008
0.443	0.314159	162.068	160.459
0.443	0.418879	178.304	176.712
0.443	0.523599	195.032	193.457
0.443	0.628319	211.887	210.326
0.443	0.733038	228.456	226.907
0.443	0.837758	244.282	242.752
0.443	0.942478	258.844	257.399
0.443	1.0472	271.737	270.346
0.443	1.15192	282.536	281.151
0.443	1.25664	290.871	289.491
0.443	1.36136	296.364	295.072
0.443	1.46608	298.86	297.603
0.443	1.5708	298.313	297.057
0.443	1.67552	294.731	293.496
0.443	1.78024	288.182	287.025
0.443	1.88496	279.012	277.851
0.443	1.98968	267.551	266.382
0.443	2.0944	254.189	253.012
0.443	2.19911	239.321	238.171
0.443	2.30383	223.421	222.307
0.443	2.40855	206.959	205.831
0.443	2.51327	190.502	189.204
0.443	2.61799	174.733	172.878
0.443	2.72271	158.902	157.55
0.443	2.82743	143.354	142.041
0.443	2.93215	129.421	128.081
0.443	3.03687	116.678	115.324
0.443	3.14159	104.804	103.449
0.4515	-3.14159	83.5736	82.8159
0.4515	-3.03687	73.3046	72.6876
0.4515	-2.93215	64.3508	63.718
0.4515	-2.82743	56.776	56.1275
0.4515	-2.72271	50.2876	49.6556
0.4515	-2.61799	45.032	44.3861
0.4515	-2.51327	40.9195	40.2609
0.4515	-2.40855	37.8114	37.141
0.4515	-2.30383	35.5593	34.8786
0.4515	-2.19911	34.0122	33.3229
0.4515	-2.0944	33.0231	32.3269
0.4515	-1.98968	32.4556	31.7544
0.4515	-1.88496	32.1901	31.4852
0.4515	-1.78024	32.1287	31.4222
0.4515	-1.67552	32.2168	31.429
0.4515	-1.5708	32.3108	31.5255
0.4515	-1.46608	32.4902	31.7087
0.4515	-1.36136	32.783	32.0069
0.4515	-1.25664	33.2517	32.4441
0.4515	-1.15192	33.989	33.1397
0.4515	-1.0472	34.781	33.8914
0.4515	-0.942478	36.3172	35.4421
0.4515	-0.837758	38.5443	37.6845
0.4515	-0.733038	41.6287	40.7715
0.4515	-0.628319	45.7358	44.8298
0.4515	-0.523599	50.9777	50.0701
0.4515	-0.418879	57.4061	56.4881
0.4515	-0.314159	65.098	64.1959
0.4515	-0.20944	74.2425	73.3556
0.4515	-0.10472	84.8109	83.8721
0.4515	-2.66454e-15	96.4636	95.5024
0.4515	0.10472	109.463	108.485
0.4515	0.20944	123.157	122.163
0.4515	0.314159	137.821	136.838
0.4515	0.418879	153.25	152.278
0.4515	0.523599	169.149	168.185
0.4515	0.628319	185.168	184.212
0.4515	0.733038	200.915	199.965
0.4515	0.837758	215.914	215.02
0.4515	0.942478	229.754	228.921
0.4515	1.0472	242.01	241.181
0.4515	1.15192	252.278	251.451
0.4515	1.25664	260.206	259.382
0.4515	1.36136	265.42	264.692
0.4515	1.46608	267.807	267.081
0.4515	1.5708	267.308	266.582
0.4515	1.67552	263.938	263.225
0.4515	1.78024	257.742	257.098
0.4515	1.88496	249.062	248.416
0.4515	1.98968	238.207	237.558
0.4515	2.0944	225.55	224.897
0.4515	2.19911	211.494	210.84
0.4515	2.30383	196.425	195.812
0.4515	2.40855	180.821	180.215
0.4515	2.51327	165.077	164.46
0.4515	2.61799	149.553	148.921
0.4515	2.72271	134.56	133.913
0.4515	2.82743	120.491	119.752
0.4515	2.93215	107.277	106.519
0.4515	3.03687	94.848	94.0992
0.4515	3.14159	83.5736	82.8055
0.46	-3.14159	67.9206	67.642
0.46	-3.03687	58.0678	57.7797
0.46	-2.93215	49.5546	49.2566
0.46	-2.82743	42.1061	41.8181
0.46	-2.72271	35.8938	35.5965
0.46	-2.61799	30.8837	30.5775
0.46	-2.51327	26.9588	26.6443
0.46	-2.40855	23.9868	23.6647
0.46	-2.30383	21.8032	21.4952
0.46	-2.19911	20.248	19.9346
0.46	-2.0944	19.2429	18.9252
0.46	-1.98968	18.6522	18.3314
0.46	-1.88496	18.3569	18.0342
0.46	-1.78024	18.2601	17.936
0.46	-1.67552	18.2919	17.9035
0.46	-1.5708	18.3584	17.9566
0.46	-1.46608	18.5929	18.179
0.46	-1.36136	18.7976	18.39
0.46	-1.25664	19.1717	18.712
0.46	-1.15192	19.7525	19.2812
0.46	-1.0472	20.6834	20.222
0.46	-0.942478	22.1227	21.6717
0.46	-0.837758	24.222	23.7816
0.46	-0.733038	27.1403	26.6998
0.46	-0.628319	31.0349	30.5419
0.46	-0.523599	35.9955	35.5129
0.46	-0.418879	42.2185	41.7455
0.46	-0.314159	49.7389	49.2583
0.46	-0.20944	58.4386	57.9665
0.46	-0.10472	68.5569	68.0923
0.46	-2.66454e-15	79.9154	79.3756
0.46	0.10472	92.2727	91.7187
0.46	0.20944	105.634	105.069
0.46	0.314159	119.573	119.012
0.46	0.418879	134.238	133.681
0.46	0.523599	149.35	148.795
0.46	0.628319	164.574	164.021
0.46	0.733038	179.539	178.987
0.46	0.837758	193.806	193.287
0.46	0.942478	206.957	206.49
0.46	1.0472	218.6	218.134
0.46	1.15192	228.355	227.889
0.46	1.25664	235.889	235.422
0.46	1.36136	240.885	240.473
0.46	1.46608	243.157	242.765
0.46	1.5708	242.691	242.3
0.46	1.67552	239.512	239.123
0.46	1.78024	233.694	233.361
0.46	1.88496	225.464	225.138
0.46	1.98968	215.171	214.846
0.46	2.0944	203.168	202.843
0.46	2.19911	189.843	189.517
0.46	2.30383	175.598	175.269
0.46	2.40855	160.829	160.498
0.46	2.51327	145.892	145.581
0.46	2.61799	131.163	130.865
0.46	2.72271	116.936	116.633
0.46	2.82743	103.457	103.145
0.46	2.93215	90.7712	90.4205
0.46	3.03687	78.8448	78.4875
0.46	3.14159	67.9206	67.642
0.4685	-3.14159	57.183	57.0676
0.4685	-3.03687	47.8783	47.7733
0.4685	-2.93215	39.5472	39.4475
0.4685	-2.82743	32.392	32.2877
0.4685	-2.72271	26.4705	26.3612
0.4685	-2.61799	21.6918	21.5776
0.4685	-2.51327	17.8567	17.749
0.4685	-2.40855	14.8927	14.781
0.4685	-2.30383	12.7339	12.6186
0.4685	-2.19911	11.2371	11.1188
0.4685	-2.0944	10.2633	10.1425
0.4685	-1.98968	9.68336	9.56078
0.4685	-1.88496	9.38357	9.22719
0.4685	-1.78024	9.2143	9.05805
0.4685	-1.67552	9.16153	9.00615
0.4685	-1.5708	9.18875	9.03493
0.4685	-1.46608	9.38282	9.21105
0.4685	-1.36136	9.56454	9.39702
0.4685	-1.25664	9.89272	9.69
0.4685	-1.15192	10.4148	10.2179
0.4685	-1.0472	11.3054	11.1146
0.4685	-0.942478	12.7018	12.5169
0.4685	-0.837758	14.7554	14.5762
0.4685	-0.733038	17.6248	17.4484
0.4685	-0.628319	21.3305	21.1011
0.4685	-0.523599	26.0559	25.8316
0.4685	-0.418879	31.987	31.7669
0.4685	-0.314159	39.2268	39.0098
0.4685	-0.20944	47.7758	47.5529
0.4685	-0.10472	57.4182	57.1789
0.4685	-2.66454e-15	68.3999	68.1247
0.4685	0.10472	80.2855	79.992
0.4685	0.20944	93.1455	92.8513
0.4685	0.314159	106.612	106.308
0.4685	0.418879	120.557	120.251
0.4685	0.523599	134.923	134.615
0.4685	0.628319	149.395	149.083
0.4685	0.733038	163.616	163.301
0.4685	0.837758	177.204	176.885
0.4685	0.942478	189.731	189.454
0.4685	1.0472	200.789	200.528
0.4685	1.15192	210.05	209.788
0.4685	1.25664	217.201	216.937
0.4685	1.36136	221.993	221.729
0.4685	1.46608	224.186	223.974
0.4685	1.5708	223.738	223.529
0.4685	1.67552	220.717	220.511
0.4685	1.78024	215.244	215.041
0.4685	1.88496	207.488	207.325
0.4685	1.98968	197.714	197.56
0.4685	2.0944	186.318	186.168
0.4685	2.19911	173.666	173.52
0.4685	2.30383	160.14	159.997
0.4685	2.40855	146.12	145.979
0.4685	2.51327	131.967	131.832
0.4685	2.61799	118.014	117.879
0.4685	2.72271	104.534	104.396
0.4685	2.82743	91.6126	91.5028
0.4685	2.93215	79.1958	79.0823
0.4685	3.03687	67.7988	67.6884
0.4685	3.14159	57.183	57.0676
0.477	-3.14159	50.646	50.615
0.477	-3.03687	41.5731	41.5494
0.477	-2.93215	33.5126	33.4886
0.477	-2.82743	26.6871	26.6621
0.477	-2.72271	21.0142	20.9909
0.477	-2.61799	16.2481	16.2236
0.477	-2.51327	12.5087	12.4828
0.477	-2.40855	9.67061	9.64312
0.477	-2.30383	7.59997	7.5709
0.477	-2.19911	6.15338	6.11117
0.477	-2.0944	5.17165	5.12716
0.477	-1.98968	4.56175	4.51666
0.477	-1.88496	4.21387	4.16856
0.477	-1.78024	4.04043	3.99531
0.477	-1.67552	3.97868	3.93409
0.477	-1.5708	4.06152	4.0088
0.477	-1.46608	4.13468	4.07372
0.477	-1.36136	4.24779	4.17815
0.477	-1.25664	4.50438	4.43781
0.477	-1.15192	5.00308	4.93957
0.477	-1.0472	5.85543	5.79478
0.477	-0.942478	7.1925	7.13435
0.477	-0.837758	9.15891	9.08822
0.477	-0.733038	11.8574	11.7706
0.477	-0.628319	15.4714	15.3856
0.477	-0.523599	20.1616	20.0758
0.477	-0.418879	25.8635	25.7744
0.477	-0.314159	32.7819	32.6912
0.477	-0.20944	41.0176	40.924
0.477	-0.10472	50.4442	50.3003
0.477	-2.66454e-15	60.8868	60.739
0.477	0.10472	72.551	72.3978
0.477	0.20944	84.8356	84.6744
0.477	0.314159	97.9906	97.823
0.477	0.418879	111.298	111.122
0.477	0.523599	124.965	124.783
0.477	0.628319	138.782	138.524
0.477	0.733038	152.267	152.021
0.477	0.837758	165.135	164.918
0.477	0.942478	177.01	176.789
0.477	1.0472	187.528	187.3
0.477	1.15192	196.345	196.113
0.477	1.25664	203.167	202.931
0.477	1.36136	207.729	207.522
0.477	1.46608	209.81	209.625
0.477	1.5708	209.432	209.249
0.477	1.67552	206.621	206.442
0.477	1.78024	201.424	201.289
0.477	1.88496	194.047	193.919
0.477	1.98968	184.818	184.697
0.477	2.0944	174.054	173.941
0.477	2.19911	162.069	161.99
0.477	2.30383	149.204	149.133
0.477	2.40855	135.881	135.818
0.477	2.51327	122.436	122.379
0.477	2.61799	109.175	109.122
0.477	2.72271	96.3621	96.3128
0.477	2.82743	83.7798	83.7342
0.477	2.93215	71.983	71.9392
0.477	3.03687	60.7653	60.7344
0.477	3.14159	50.646	50.615
0.4855	-3.14159	46.9416	46.9259
0.4855	-3.03687	38.0574	38.0447
0.4855	-2.93215	30.3704	30.3598
0.4855	-2.82743	23.8034	23.7909
0.4855	-2.72271	18.1539	18.143
0.4855	-2.61799	13.581	13.5731
0.4855	-2.51327	9.97634	9.96943
0.4855	-2.40855	7.22204	7.21596
0.4855	-2.30383	5.19102	5.18571
0.4855	-2.19911	3.76245	3.7499
0.4855	-2.0944	2.79758	2.79172
0.4855	-1.98968	2.20434	2.19837
0.4855	-1.88496	1.86411	1.85803
0.4855	-1.78024	1.69228	1.68617
0.4855	-1.67552	1.62912	1.62303
0.4855	-1.5708	1.61708	1.60222
0.4855	-1.46608	1.62605	1.6124
0.4855	-1.36136	1.73007	1.71757
0.4855	-1.25664	1.98479	1.97332
0.4855	-1.15192	2.4738	2.46303
0.4855	-1.0472	3.30332	3.29278
0.4855	-0.942478	4.56245	4.53485
0.4855	-0.837758	6.3932	6.36528
0.4855	-0.733038	8.97336	8.94417
0.4855	-0.628319	12.447	12.4155
0.4855	-0.523599	16.9503	16.9152
0.4855	-0.418879	22.6039	22.5639
0.4855	-0.314159	29.3714	29.3498
0.4855	-0.20944	37.2788	37.2029
0.4855	-0.10472	46.432	46.3416
0.4855	-2.66454e-15	56.5909	56.4517
0.4855	0.10472	67.6731	67.5256
0.4855	0.20944	79.6557	79.5018
0.4855	0.314159	92.14	91.977
0.4855	0.418879	105.113	104.943
0.4855	0.523599	118.067	117.889
0.4855	0.628319	131.109	130.921
0.4855	0.733038	143.918	143.722
0.4855	0.837758	156.151	155.947
0.4855	0.942478	167.453	167.241
0.4855	1.0472	177.476	177.258
0.4855	1.15192	185.876	185.674
0.4855	1.25664	192.309	192.129
0.4855	1.36136	196.623	196.443
0.4855	1.46608	198.672	198.493
0.4855	1.5708	198.388	198.216
0.4855	1.67552	195.671	195.532
0.4855	1.78024	190.756	190.624
0.4855	1.88496	183.829	183.705
0.4855	1.98968	175.126	175.025
0.4855	2.0944	164.866	164.78
0.4855	2.19911	153.484	153.408
0.4855	2.30383	141.32	141.253
0.4855	2.40855	128.713	128.655
0.4855	2.51327	115.984	115.932
0.4855	2.61799	103.398	103.365
0.4855	2.72271	90.9086	90.8794
0.4855	2.82743	78.8393	78.816
0.4855	2.93215	67.3662	67.3451
0.4855	3.03687	56.6378	56.6209
0.4855	3.14159	46.9416	46.9259
0.494	-3.14159	44.7179	44.7008
0.494	-3.03687	36.2305	36.2175
0.494	-2.93215	28.7916	28.7779
0.494	-2.82743	22.2742	22.2636
0.494	-2.72271	16.8679	16.8595
0.494	-2.61799	12.4902	12.4834
0.494	-2.51327	9.04021	9.03452
0.494	-2.40855	6.3725	6.36502
0.494	-2.30383	4.34501	4.33832
0.494	-2.19911	2.91449	2.90827
0.494	-2.0944	1.95572	1.94966
0.494	-1.98968	1.35167	1.34548
0.494	-1.88496	0.998128	0.991815
0.494	-1.78024	0.814619	0.807984
0.494	-1.67552	0.709566	0.708229
0.494	-1.5708	0.654873	0.653769
0.494	-1.46608	0.664069	0.662771
0.494	-1.36136	0.768561	0.766775
0.494	-1.25664	1.02463	1.02217
0.494	-1.15192	1.51486	1.51091
0.494	-1.0472	2.3451	2.3347
0.494	-0.942478	3.56495	3.55275
0.494	-0.837758	5.40156	5.38622
0.494	-0.733038	7.96121	7.94474
0.494	-0.628319	11.3165	11.2952
0.494	-0.523599	15.6432	15.6007
0.494	-0.418879	21.049	21.0001
0.494	-0.314159	27.651	27.5942
0.494	-0.20944	35.3134	35.2249
0.494	-0.10472	43.9952	43.8985
0.494	-2.66454e-15	53.8925	53.7865
0.494	0.10472	64.5982	64.4871
0.494	0.20944	76.1832	76.0618
0.494	0.314159	88.3161	88.1892
0.494	0.418879	100.824	100.687
0.494	0.523599	113.386	113.214
0.494	0.628319	125.781	125.602
0.494	0.733038	137.946	137.777
0.494	0.837758	149.556	149.389
0.494	0.942478	160.273	160.099
0.494	1.0472	169.769	169.59
0.494	1.15192	177.736	177.553
0.494	1.25664	183.91	183.724
0.494	1.36136	188.069	187.892
0.494	1.46608	189.971	189.818
0.494	1.5708	189.661	189.512
0.494	1.67552	187.161	187.018
0.494	1.78024	182.553	182.434
0.494	1.88496	175.928	175.819
0.494	1.98968	167.633	167.534
0.494	2.0944	157.949	157.861
0.494	2.19911	147.191	147.112
0.494	2.30383	135.626	135.565
0.494	2.40855	123.612	123.561
0.494	2.51327	111.483	111.442
0.494	2.61799	99.414	99.3769
0.494	2.72271	87.3184	87.2888
0.494	2.82743	75.7858	75.7584
0.494	2.93215	64.5894	64.5659
0.494	3.03687	54.3419	54.3194
0.494	3.14159	44.7179	44.7008
0.5025	-3.14159	43.5315	43.5173
0.5025	-3.03687	35.3227	35.2971
0.5025	-2.93215	27.9484	27.9274
0.5025	-2.82743	21.6925	21.6748
0.5025	-2.72271	16.4997	16.4844
0.5025	-2.61799	12.1905	12.1732
0.5025	-2.51327	8.71739	8.70163
0.5025	-2.40855	6.06315	6.04832
0.5025	-2.30383	4.10627	4.09186
0.5025	-2.19911	2.72398	2.70951
0.5025	-2.0944	1.79719	1.78219
0.5025	-1.98968	1.19538	1.19308
0.5025	-1.88496	0.805234	0.803116
0.5025	-1.78024	0.577809	0.575608
0.5025	-1.67552	0.458658	0.456019
0.5025	-1.5708	0.419057	0.415543
0.5025	-1.46608	0.457092	0.452163
0.5025	-1.36136	0.563269	0.556432
0.5025	-1.25664	0.800761	0.79688
0.5025	-1.15192	1.2444	1.23897
0.5025	-1.0472	2.03091	2.02295
0.5025	-0.942478	3.27976	3.26834
0.5025	-0.837758	5.05937	5.0407
0.5025	-0.733038	7.54641	7.51964
0.5025	-0.628319	10.8847	10.8526
0.5025	-0.523599	15.1829	15.1481
0.5025	-0.418879	20.3968	20.3358
0.5025	-0.314159	26.6682	26.6002
0.5025	-0.20944	34.1443	34.068
0.5025	-0.10472	42.6752	42.5947
0.5025	-2.66454e-15	52.1677	52.0773
0.5025	0.10472	62.76	62.6587
0.5025	0.20944	73.8555	73.7175
0.5025	0.314159	85.6977	85.5492
0.5025	0.418879	97.6777	97.5251
0.5025	0.523599	109.945	109.782
0.5025	0.628319	121.818	121.652
0.5025	0.733038	133.412	133.238
0.5025	0.837758	144.486	144.304
0.5025	0.942478	154.721	154.532
0.5025	1.0472	163.763	163.602
0.5025	1.15192	171.316	171.152
0.5025	1.25664	177.158	176.992
0.5025	1.36136	181.09	180.925
0.5025	1.46608	182.981	182.818
0.5025	1.5708	182.686	182.549
0.5025	1.67552	180.27	180.139
0.5025	1.78024	175.869	175.746
0.5025	1.88496	169.649	169.535
0.5025	1.98968	161.759	161.665
0.5025	2.0944	152.513	152.43
0.5025	2.19911	142.244	142.173
0.5025	2.30383	131.263	131.202
0.5025	2.40855	119.874	119.822
0.5025	2.51327	108.35	108.308
0.5025	2.61799	96.4324	96.395
0.5025	2.72271	84.879	84.8501
0.5025	2.82743	73.4775	73.4514
0.5025	2.93215	62.7973	62.7776
0.5025	3.03687	52.7235	52.7046
0.5025	3.14159	43.5315	43.5173
0.511	-3.14159	42.7251	42.7117
0.511	-3.03687	34.5585	34.5449
0.511	-2.93215	27.4743	27.4611
0.511	-2.82743	21.4557	21.4366
0.511	-2.72271	16.2126	16.1907
0.511	-2.61799	11.9518	11.9319
0.511	-2.51327	8.58641	8.56792
0.511	-2.40855	6.00814	5.99032
0.511	-2.30383	4.10169	4.08395
0.511	-2.19911	2.73786	2.73194
0.511	-2.0944	1.78757	1.78485
0.511	-1.98968	1.16474	1.16206
0.511	-1.88496	0.777566	0.774724
0.511	-1.78024	0.552572	0.549275
0.511	-1.67552	0.437972	0.433829
0.511	-1.5708	0.406222	0.400773
0.511	-1.46608	0.452006	0.443417
0.511	-1.36136	0.532182	0.53021
0.511	-1.25664	0.756574	0.75356
0.511	-1.15192	1.21768	1.21269
0.511	-1.0472	2.01314	2.00583
0.511	-0.942478	3.24245	3.22616
0.511	-0.837758	4.95811	4.9475
0.511	-0.733038	7.37323	7.34977
0.511	-0.628319	10.6275	10.5984
0.511	-0.523599	14.838	14.802
0.511	-0.418879	20.0704	20.0119
0.511	-0.314159	26.1741	26.113
0.511	-0.20944	33.3868	33.3174
0.511	-0.10472	41.7743	41.6953
0.511	-2.66454e-15	51.0729	50.9891
0.511	0.10472	61.2393	61.1173
0.511	0.20944	72.1708	72.0447
0.511	0.314159	83.518	83.3818
0.511	0.418879	95.3435	95.2031
0.511	0.523599	107.07	106.921
0.511	0.628319	118.784	118.631
0.511	0.733038	129.842	129.68
0.511	0.837758	140.396	140.228
0.511	0.942478	150.144	149.969
0.511	1.0472	158.787	158.607
0.511	1.15192	166.005	165.852
0.511	1.25664	171.55	171.396
0.511	1.36136	175.273	175.119
0.511	1.46608	177.05	176.898
0.511	1.5708	176.825	176.677
0.511	1.67552	174.503	174.379
0.511	1.78024	170.283	170.168
0.511	1.88496	164.331	164.225
0.511	1.98968	156.861	156.764
0.511	2.0944	148.049	147.97
0.511	2.19911	138.238	138.17
0.511	2.30383	127.747	127.689
0.511	2.40855	116.866	116.817
0.511	2.51327	105.576	105.532
0.511	2.61799	94.1649	94.1273
0.511	2.72271	82.8016	82.768
0.511	2.82743	71.8129	71.7869
0.511	2.93215	61.3681	61.3444
0.511	3.03687	51.5508	51.5331
0.511	3.14159	42.7251	42.7117
0.5195	-3.14159	41.8576	41.8433
0.5195	-3.03687	33.9715	33.9607
0.5195	-2.93215	27.1274	27.1058
0.5195	-2.82743	21.0059	20.9876
0.5195	-2.72271	15.9101	15.8942
0.5195	-2.61799	11.7662	11.7519
0.5195	-2.51327	8.48302	8.46967
0.5195	-2.40855	5.95763	5.94471
0.5195	-2.30383	4.04611	4.03158
0.5195	-2.19911	2.64342	2.62876
0.5195	-2.0944	1.69039	1.67516
0.5195	-1.98968	1.0468	1.04463
0.5195	-1.88496	0.632043	0.630004
0.5195	-1.78024	0.386931	0.38473
0.5195	-1.67552	0.259451	0.25675
0.5195	-1.5708	0.222243	0.218478
0.5195	-1.46608	0.2739	0.268651
0.5195	-1.36136	0.402839	0.395525
0.5195	-1.25664	0.656641	0.650905
0.5195	-1.15192	1.13599	1.13055
0.5195	-1.0472	1.96016	1.95206
0.5195	-0.942478	3.24276	3.23109
0.5195	-0.837758	4.96415	4.94473
0.5195	-0.733038	7.34414	7.32136
0.5195	-0.628319	10.5293	10.5018
0.5195	-0.523599	14.6352	14.6016
0.5195	-0.418879	19.7333	19.6753
0.5195	-0.314159	25.874	25.8092
0.5195	-0.20944	32.9315	32.8634
0.5195	-0.10472	41.0369	40.9601
0.5195	-2.66454e-15	50.2503	50.1638
0.5195	0.10472	60.1218	60.0017
0.5195	0.20944	70.7761	70.6455
0.5195	0.314159	81.8633	81.7289
0.5195	0.418879	93.3153	93.1714
0.5195	0.523599	104.791	104.643
0.5195	0.628319	116.095	115.938
0.5195	0.733038	126.937	126.779
0.5195	0.837758	137.024	136.86
0.5195	0.942478	146.335	146.163
0.5195	1.0472	154.585	154.408
0.5195	1.15192	161.467	161.319
0.5195	1.25664	166.749	166.6
0.5195	1.36136	170.29	170.142
0.5195	1.46608	171.973	171.826
0.5195	1.5708	171.745	171.602
0.5195	1.67552	169.52	169.403
0.5195	1.78024	165.478	165.368
0.5195	1.88496	159.783	159.681
0.5195	1.98968	152.639	152.545
0.5195	2.0944	144.226	144.151
0.5195	2.19911	134.841	134.777
0.5195	2.30383	124.806	124.75
0.5195	2.40855	114.249	114.199
0.5195	2.51327	103.221	103.179
0.5195	2.61799	92.1625	92.1246
0.5195	2.72271	81.0479	81.0185
0.5195	2.82743	70.4379	70.4116
0.5195	2.93215	60.121	60.1011
0.5195	3.03687	50.6724	50.6575
0.5195	3.14159	41.8576	41.8433
0.528	-3.14159	41.3274	41.3124
0.528	-3.03687	33.6706	33.6589
0.528	-2.93215	26.735	26.7243
0.528	-2.82743	20.7816	20.7731
0.528	-2.72271	15.8125	15.8056
0.528	-2.61799	11.758	11.752
0.528	-2.51327	8.44591	8.43993
0.528	-2.40855	5.83083	5.82553
0.528	-2.30383	3.8747	3.86975
0.528	-2.19911	2.46578	2.46091
0.528	-2.0944	1.49585	1.49059
0.528	-1.98968	0.865417	0.860085
0.528	-1.88496	0.470199	0.468756
0.528	-1.78024	0.2044	0.203691
0.528	-1.67552	0.0615279	0.0613345
0.528	-1.5708	0.0155386	0.0155386
0.528	-1.46608	0.0626925	0.0625739
0.528	-1.36136	0.22432	0.223763
0.528	-1.25664	0.546705	0.540222
0.528	-1.15192	1.0447	1.03803
0.528	-1.0472	1.88112	1.87341
0.528	-0.942478	3.13145	3.12215
0.528	-0.837758	4.94756	4.93564
0.528	-0.733038	7.44763	7.43203
0.528	-0.628319	10.6909	10.6594
0.528	-0.523599	14.7095	14.6736
0.528	-0.418879	19.713	19.6713
0.528	-0.314159	25.7474	25.6741
0.528	-0.20944	32.8399	32.7601
0.528	-0.10472	40.7114	40.6283
0.528	-2.66454e-15	49.6296	49.5384
0.528	0.10472	59.4343	59.3383
0.528	0.20944	69.764	69.6589
0.528	0.314159	80.7668	80.6207
0.528	0.418879	91.7923	91.6377
0.528	0.523599	103.12	102.962
0.528	0.628319	113.978	113.812
0.528	0.733038	124.626	124.453
0.528	0.837758	134.365	134.19
0.528	0.942478	143.288	143.104
0.528	1.0472	151.141	150.994
0.528	1.15192	157.692	157.542
0.528	1.25664	162.745	162.594
0.528	1.36136	166.132	165.98
0.528	1.46608	167.74	167.59
0.528	1.5708	167.46	167.339
0.528	1.67552	165.316	165.201
0.528	1.78024	161.448	161.338
0.528	1.88496	156	155.896
0.528	1.98968	149.134	149.054
0.528	2.0944	141.042	140.97
0.528	2.19911	132.057	131.993
0.528	2.30383	122.445	122.389
0.528	2.40855	112.003	111.95
0.528	2.51327	101.389	101.351
0.528	2.61799	90.422	90.3892
0.528	2.72271	79.7345	79.7085
0.528	2.82743	69.2275	69.2047
0.528	2.93215	59.2833	59.265
0.528	3.03687	49.9793	49.96
0.528	3.14159	41.3274	41.3124
0.5365	-3.14159	41.4736	41.4607
0.5365	-3.03687	33.8663	33.8551
0.5365	-2.93215	27.0608	27.0508
0.5365	-2.82743	21.2458	21.2367
0.5365	-2.72271	16.3761	16.3674
0.5365	-2.61799	12.2674	12.2602
0.5365	-2.51327	8.92015	8.91357
0.5365	-2.40855	6.31643	6.31036
0.5365	-2.30383	4.35183	4.34627
0.5365	-2.19911	2.92263	2.91642
0.5365	-2.0944	1.93283	1.92303
0.5365	-1.98968	1.29194	1.28474
0.5365	-1.88496	0.904836	0.897448
0.5365	-1.78024	0.657367	0.639049
0.5365	-1.67552	0.495094	0.481584
0.5365	-1.5708	0.456073	0.442883
0.5365	-1.46608	0.521734	0.509777
0.5365	-1.36136	0.708869	0.698087
0.5365	-1.25664	1.06424	1.05446
0.5365	-1.15192	1.62307	1.59684
0.5365	-1.0472	2.47144	2.44752
0.5365	-0.942478	3.75066	3.7275
0.5365	-0.837758	5.57446	5.55133
0.5365	-0.733038	8.06246	8.03852
0.5365	-0.628319	11.3333	11.3075
0.5365	-0.523599	15.4934	15.4386
0.5365	-0.418879	20.37	20.3348
0.5365	-0.314159	26.2743	26.2145
0.5365	-0.20944	33.2476	33.1825
0.5365	-0.10472	41.1982	41.089
0.5365	-2.66454e-15	49.8569	49.7417
0.5365	0.10472	59.4769	59.3549
0.5365	0.20944	69.5668	69.4409
0.5365	0.314159	80.2493	80.1158
0.5365	0.418879	91.1257	90.9877
0.5365	0.523599	102.066	101.921
0.5365	0.628319	112.852	112.643
0.5365	0.733038	123.022	122.866
0.5365	0.837758	132.65	132.491
0.5365	0.942478	141.173	141.01
0.5365	1.0472	148.7	148.532
0.5365	1.15192	154.992	154.822
0.5365	1.25664	159.847	159.674
0.5365	1.36136	163.104	162.929
0.5365	1.46608	164.56	164.425
0.5365	1.5708	164.249	164.116
0.5365	1.67552	162.204	162.074
0.5365	1.78024	158.507	158.38
0.5365	1.88496	153.228	153.135
0.5365	1.98968	146.58	146.492
0.5365	2.0944	138.827	138.745
0.5365	2.19911	130.214	130.137
0.5365	2.30383	120.702	120.648
0.5365	2.40855	110.584	110.536
0.5365	2.51327	100.157	100.114
0.5365	2.61799	89.533	89.4944
0.5365	2.72271	79.14	79.1042
0.5365	2.82743	68.8513	68.821
0.5365	2.93215	59.1658	59.1471
0.5365	3.03687	49.8647	49.8494
0.5365	3.14159	41.4736	41.4607
0.545	-3.14159	43.0182	42.9789
0.545	-3.03687	35.4504	35.4123
0.545	-2.93215	28.7958	28.757
0.545	-2.82743	23.0918	23.0523
0.545	-2.72271	18.2363	18.1982
0.545	-2.61799	14.079	14.0552
0.545	-2.51327	10.7746	10.7326
0.545	-2.40855	8.1845	8.14067
0.545	-2.30383	6.21436	6.16686
0.545	-2.19911	4.78683	4.73961
0.545	-2.0944	3.84437	3.74388
0.545	-1.98968	3.19322	3.1418
0.545	-1.88496	2.78761	2.73601
0.545	-1.78024	2.51706	2.44072
0.545	-1.67552	2.37131	2.32087
0.545	-1.5708	2.3509	2.2774
0.545	-1.46608	2.4385	2.36801
0.545	-1.36136	2.65566	2.58844
0.545	-1.25664	3.04692	2.98309
0.545	-1.15192	3.6735	3.58072
0.545	-1.0472	4.56031	4.47183
0.545	-0.942478	5.87048	5.78596
0.545	-0.837758	7.71323	7.63222
0.545	-0.733038	10.2025	10.1243
0.545	-0.628319	13.4509	13.3749
0.545	-0.523599	17.5641	17.4893
0.545	-0.418879	22.5167	22.4018
0.545	-0.314159	28.3007	28.1861
0.545	-0.20944	35.1122	34.9967
0.545	-0.10472	42.9669	42.8494
0.545	-2.66454e-15	51.4766	51.3573
0.545	0.10472	60.8648	60.7417
0.545	0.20944	70.8723	70.6897
0.545	0.314159	81.2293	81.0409
0.545	0.418879	91.9168	91.7248
0.545	0.523599	102.499	102.301
0.545	0.628319	113.038	112.836
0.545	0.733038	122.914	122.706
0.545	0.837758	132.306	132.092
0.545	0.942478	140.616	140.399
0.545	1.0472	147.872	147.65
0.545	1.15192	153.937	153.712
0.545	1.25664	158.531	158.356
0.545	1.36136	161.578	161.403
0.545	1.46608	162.982	162.806
0.545	1.5708	162.702	162.526
0.545	1.67552	160.714	160.582
0.545	1.78024	157.07	156.98
0.545	1.88496	151.973	151.847
0.545	1.98968	145.603	145.477
0.545	2.0944	138.167	138.044
0.545	2.19911	129.724	129.641
0.545	2.30383	120.35	120.27
0.545	2.40855	110.615	110.537
0.545	2.51327	100.376	100.301
0.545	2.61799	90.0995	90.0527
0.545	2.72271	79.7546	79.7119
0.545	2.82743	69.7608	69.7193
0.545	2.93215	60.2116	60.1725
0.545	3.03687	51.1813	51.1422
0.545	3.14159	43.0182	42.9789
0.5535	-3.14159	46.7505	46.6202
0.5535	-3.03687	39.3175	39.227
0.5535	-2.93215	32.8108	32.7143
0.5535	-2.82743	27.2353	27.1185
0.5535	-2.72271	22.3849	22.2464
0.5535	-2.61799	18.304	18.1505
0.5535	-2.51327	15.0231	14.851
0.5535	-2.40855	12.4488	12.2777
0.5535	-2.30383	10.5004	10.3227
0.5535	-2.19911	9.07978	8.8965
0.5535	-2.0944	8.20758	7.90048
0.5535	-1.98968	7.54613	7.2386
0.5535	-1.88496	7.01817	6.83356
0.5535	-1.78024	6.79973	6.57201
0.5535	-1.67552	6.66897	6.44697
0.5535	-1.5708	6.66591	6.44823
0.5535	-1.46608	6.78097	6.56837
0.5535	-1.36136	7.03459	6.82771
0.5535	-1.25664	7.46911	7.26846
0.5535	-1.15192	8.14709	7.91893
0.5535	-1.0472	9.09803	8.86043
0.5535	-0.942478	10.4499	10.2201
0.5535	-0.837758	12.324	12.1017
0.5535	-0.733038	14.8283	14.6131
0.5535	-0.628319	18.0697	17.8613
0.5535	-0.523599	22.1485	21.946
0.5535	-0.418879	27.1194	26.8633
0.5535	-0.314159	32.8043	32.5533
0.5535	-0.20944	39.477	39.2302
0.5535	-0.10472	47.1513	46.9075
0.5535	-2.66454e-15	55.5043	55.2638
0.5535	0.10472	64.6347	64.3953
0.5535	0.20944	74.4444	74.1827
0.5535	0.314159	84.5051	84.2425
0.5535	0.418879	95	94.6953
0.5535	0.523599	105.255	104.938
0.5535	0.628319	115.502	115.226
0.5535	0.733038	125.112	124.817
0.5535	0.837758	134.145	133.896
0.5535	0.942478	142.287	142.036
0.5535	1.0472	149.234	148.98
0.5535	1.15192	155.023	154.765
0.5535	1.25664	159.469	159.206
0.5535	1.36136	162.426	162.16
0.5535	1.46608	163.743	163.532
0.5535	1.5708	163.389	163.184
0.5535	1.67552	161.432	161.225
0.5535	1.78024	157.949	157.74
0.5535	1.88496	153.044	152.855
0.5535	1.98968	146.829	146.674
0.5535	2.0944	139.593	139.437
0.5535	2.19911	131.321	131.166
0.5535	2.30383	122.294	122.136
0.5535	2.40855	112.751	112.67
0.5535	2.51327	102.717	102.601
0.5535	2.61799	92.7137	92.6028
0.5535	2.72271	82.5866	82.4672
0.5535	2.82743	72.8845	72.8292
0.5535	2.93215	63.5137	63.4074
0.5535	3.03687	54.7318	54.6484
0.5535	3.14159	46.7522	46.6537
0.562	-3.14159	53.8318	53.5025
0.562	-3.03687	46.5502	46.2115
0.562	-2.93215	40.1882	39.8099
0.562	-2.82743	34.6886	34.3065
0.562	-2.72271	29.9522	29.5682
0.562	-2.61799	25.9334	25.5377
0.562	-2.51327	22.6927	22.2807
0.562	-2.40855	20.1521	19.7303
0.562	-2.30383	18.2173	17.7857
0.562	-2.19911	16.7935	16.3581
0.562	-2.0944	15.7883	15.3507
0.562	-1.98968	15.1178	14.6795
0.562	-1.88496	14.7081	14.2586
0.562	-1.78024	14.4895	13.991
0.562	-1.67552	14.3797	13.8858
0.562	-1.5708	14.4009	13.9131
0.562	-1.46608	14.551	14.0706
0.562	-1.36136	14.8495	14.3775
0.562	-1.25664	15.3365	14.8738
0.562	-1.15192	16.0713	15.5608
0.562	-1.0472	17.0767	16.5637
0.562	-0.942478	18.482	17.981
0.562	-0.837758	20.4001	19.9112
0.562	-0.733038	22.9337	22.4568
0.562	-0.628319	26.184	25.7188
0.562	-0.523599	30.2457	29.7734
0.562	-0.418879	35.1056	34.5857
0.562	-0.314159	40.7097	40.2004
0.562	-0.20944	47.2638	46.7642
0.562	-0.10472	54.7788	54.2877
0.562	-2.66454e-15	62.979	62.4979
0.562	0.10472	71.8784	71.4037
0.562	0.20944	81.419	80.9142
0.562	0.314159	91.1866	90.683
0.562	0.418879	101.375	100.881
0.562	0.523599	111.3	110.706
0.562	0.628319	121.203	120.702
0.562	0.733038	130.489	130.02
0.562	0.837758	139.219	138.739
0.562	0.942478	147.115	146.661
0.562	1.0472	153.732	153.279
0.562	1.15192	159.336	158.89
0.562	1.25664	163.623	163.185
0.562	1.36136	166.459	165.984
0.562	1.46608	167.639	167.229
0.562	1.5708	167.205	166.891
0.562	1.67552	165.317	165.009
0.562	1.78024	161.95	161.567
0.562	1.88496	157.215	156.897
0.562	1.98968	151.125	150.797
0.562	2.0944	144.137	143.835
0.562	2.19911	136.072	135.741
0.562	2.30383	127.349	127.071
0.562	2.40855	118.029	117.825
0.562	2.51327	108.359	108.062
0.562	2.61799	98.6048	98.4
0.562	2.72271	88.7344	88.4329
0.562	2.82743	79.3248	79.0109
0.562	2.93215	70.2698	70.139
0.562	3.03687	61.7161	61.3077
0.562	3.14159	53.8389	53.5046
0.5705	-3.14159	65.1724	64.4505
0.5705	-3.03687	58.1042	57.3726
0.5705	-2.93215	51.8489	51.0861
0.5705	-2.82743	46.4484	45.6694
0.5705	-2.72271	41.8875	41.0877
0.5705	-2.61799	37.9257	37.1124
0.5705	-2.51327	34.7216	33.8879
0.5705	-2.40855	32.1956	31.3525
0.5705	-2.30383	30.2617	29.4113
0.5705	-2.19911	28.8318	27.976
0.5705	-2.0944	27.8197	26.9607
0.5705	-1.98968	27.1453	26.2702
0.5705	-1.88496	26.738	25.8054
0.5705	-1.78024	26.4975	25.556
0.5705	-1.67552	26.4091	25.4736
0.5705	-1.5708	26.4634	25.5358
0.5705	-1.46608	26.6583	25.7402
0.5705	-1.36136	27.0117	26.1048
0.5705	-1.25664	27.5617	26.6131
0.5705	-1.15192	28.3369	27.363
0.5705	-1.0472	29.3974	28.4392
0.5705	-0.942478	30.8685	29.9268
0.5705	-0.837758	32.844	31.9192
0.5705	-0.733038	35.4211	34.5133
0.5705	-0.628319	38.6956	37.7712
0.5705	-0.523599	42.7567	41.797
0.5705	-0.418879	47.4369	46.4863
0.5705	-0.314159	52.9801	52.046
0.5705	-0.20944	59.4371	58.5186
0.5705	-0.10472	66.7961	65.8986
0.5705	-2.66454e-15	74.6875	73.8036
0.5705	0.10472	83.3757	82.5042
0.5705	0.20944	92.7093	91.7656
0.5705	0.314159	102.208	101.272
0.5705	0.418879	112.025	111.083
0.5705	0.523599	121.642	120.706
0.5705	0.628319	131.244	130.321
0.5705	0.733038	140.185	139.276
0.5705	0.837758	148.602	147.602
0.5705	0.942478	156.147	155.252
0.5705	1.0472	162.606	161.795
0.5705	1.15192	167.925	166.996
0.5705	1.25664	171.87	171.063
0.5705	1.36136	174.693	173.903
0.5705	1.46608	175.863	175.027
0.5705	1.5708	175.452	174.756
0.5705	1.67552	173.572	172.89
0.5705	1.78024	170.273	169.415
0.5705	1.88496	165.682	165.011
0.5705	1.98968	159.835	159.017
0.5705	2.0944	152.867	152.213
0.5705	2.19911	145.024	144.364
0.5705	2.30383	136.555	136.052
0.5705	2.40855	127.681	127.164
0.5705	2.51327	118.148	117.659
0.5705	2.61799	108.802	108.082
0.5705	2.72271	99.1657	98.5238
0.5705	2.82743	90.1452	89.4747
0.5705	2.93215	81.2862	80.4501
0.5705	3.03687	72.7776	72.0639
0.5705	3.14159	65.1774	64.452
0.579	-3.14159	81.503	80.188
0.579	-3.03687	74.7087	73.3602
0.579	-2.93215	68.5525	67.1768
0.579	-2.82743	63.2375	61.8416
0.579	-2.72271	58.7344	57.3153
0.579	-2.61799	54.9737	53.5305
0.579	-2.51327	51.7903	50.3322
0.579	-2.40855	49.2731	47.8025
0.579	-2.30383	47.3404	45.8599
0.579	-2.19911	45.9085	44.408
0.579	-2.0944	44.8951	43.3275
0.579	-1.98968	44.21	42.6072
0.579	-1.88496	43.7607	42.1597
0.579	-1.78024	43.527	41.9305
0.579	-1.67552	43.4698	41.8803
0.579	-1.5708	43.5676	41.9876
0.579	-1.46608	43.8179	42.2166
0.579	-1.36136	44.2375	42.5845
0.579	-1.25664	44.8122	43.1583
0.579	-1.15192	45.6272	43.9917
0.579	-1.0472	46.7691	45.1535
0.579	-0.942478	48.3188	46.7241
0.579	-0.837758	50.3649	48.7539
0.579	-0.733038	52.9994	51.3528
0.579	-0.628319	56.2846	54.6337
0.579	-0.523599	60.1446	58.5312
0.579	-0.418879	64.7964	63.2062
0.579	-0.314159	70.2958	68.7281
0.579	-0.20944	76.6737	75.128
0.579	-0.10472	83.758	82.161
0.579	-2.66454e-15	91.4996	89.8984
0.579	0.10472	99.9998	98.3998
0.579	0.20944	108.792	107.215
0.579	0.314159	118.098	116.475
0.579	0.418879	127.637	126.098
0.579	0.523599	136.969	135.441
0.579	0.628319	146.21	144.627
0.579	0.733038	154.822	153.32
0.579	0.837758	162.977	161.48
0.579	0.942478	170.009	168.683
0.579	1.0472	176.418	174.925
0.579	1.15192	181.523	180.126
0.579	1.25664	185.408	183.906
0.579	1.36136	187.947	186.285
0.579	1.46608	188.768	187.648
0.579	1.5708	188.435	187.079
0.579	1.67552	186.798	185.232
0.579	1.78024	183.25	182.054
0.579	1.88496	178.743	177.705
0.579	1.98968	173.14	172.106
0.579	2.0944	166.642	165.331
0.579	2.19911	159.193	157.755
0.579	2.30383	150.741	149.475
0.579	2.40855	142.13	140.862
0.579	2.51327	133.25	131.771
0.579	2.61799	123.903	122.639
0.579	2.72271	114.806	113.517
0.579	2.82743	105.871	104.566
0.579	2.93215	97.1431	95.9546
0.579	3.03687	89.2448	87.9023
0.579	3.14159	81.503	80.1885
